5.55556e-13 0 0.55 0.00509897 91.425 1
4.28129 0.155728 0.499961 0.00474815 65.9688 1.05811
5.82426 0.369779 0.454449 0.00447275 47.5786 1.10868
6.86194 0.573144 0.413111 0.00426049 34.3337 1.15108
7.61988 0.747608 0.375548 0.00410069 24.8694 1.18521
8.19803 0.890975 0.341244 0.00398189 18.0837 1.21192
8.6438 1.00426 0.310167 0.00389593 13.2695 1.23202
8.99303 1.09236 0.281949 0.0038345 9.83906 1.24679
9.2717 1.16065 0.25631 0.00379087 7.36606 1.2575
9.49943 1.21407 0.233003 0.00375985 5.54758 1.26522
9.688 1.25599 0.21182 0.00373797 4.19473 1.27073
9.84408 1.28861 0.192556 0.00372295 3.18963 1.27454
9.97343 1.31387 0.175042 0.00371297 2.44213 1.27708
10.0807 1.33334 0.159123 0.00370661 1.88532 1.27871
10.1699 1.34834 0.144653 0.00370285 1.46933 1.27967
10.2444 1.35988 0.1315 0.00370088 1.15729 1.28018
10.3067 1.36878 0.119542 0.00370016 0.921974 1.28036
10.3593 1.37567 0.108663 0.00370026 0.743121 1.28034
10.404 1.38105 0.098759 0.00370091 0.60592 1.28017
10.4425 1.38528 0.0896485 0.00370192 0.499593 1.27991
10.4823 1.38927 0.0814949 0.00370339 0.400714 1.27953
10.5166 1.39243 0.0738234 0.00370498 0.323311 1.27913
10.5412 1.3945 0.0671083 0.00370634 0.2734 1.27878
10.5633 1.39619 0.0609947 0.00370774 0.232865 1.27842
10.5835 1.3976 0.0554235 0.00370917 0.199362 1.27805
10.6017 1.39875 0.0503746 0.00371058 0.172089 1.27769
10.6184 1.39972 0.0457786 0.00371197 0.149409 1.27734
10.634 1.40054 0.0416037 0.00371336 0.130225 1.27698
10.6487 1.40125 0.0378169 0.00371474 0.113831 1.27663
10.6628 1.40186 0.0343681 0.00371612 0.0996835 1.27628
10.6761 1.4024 0.0312378 0.0037175 0.0874758 1.27593
10.689 1.40286 0.0283704 0.00371887 0.0768116 1.27558
10.7016 1.40328 0.0257291 0.00372024 0.0674114 1.27523
10.7134 1.40363 0.0233884 0.00372158 0.0594022 1.27489
10.7248 1.40395 0.0212611 0.0037229 0.0523703 1.27455
10.7359 1.40423 0.0193252 0.00372421 0.0461701 1.27422
10.7469 1.40447 0.0175469 0.00372553 0.0406455 1.27388
10.7576 1.40469 0.0159316 0.00372683 0.0357738 1.27355
10.768 1.40489 0.0144635 0.00372812 0.0314724 1.27323
10.778 1.40506 0.0131364 0.00372939 0.0276944 1.2729
10.7879 1.40521 0.0119305 0.00373064 0.0243596 1.27259
10.7974 1.40535 0.0108374 0.00373186 0.0214237 1.27228
10.8066 1.40547 0.00985062 0.00373306 0.0188497 1.27197
10.8157 1.40557 0.00894673 0.00373424 0.0165619 1.27167
10.8245 1.40567 0.00812779 0.00373539 0.0145519 1.27138
10.833 1.40575 0.00738213 0.00373652 0.0127784 1.2711
10.8413 1.40582 0.00670777 0.00373762 0.0112251 1.27082
10.8493 1.40589 0.00609285 0.0037387 0.00985515 1.27055
10.857 1.40594 0.00553833 0.00373973 0.00866131 1.27029
10.8645 1.40599 0.00503369 0.00374074 0.0076124 1.27003
10.8719 1.40604 0.00456813 0.00374173 0.00667942 1.26978
10.8793 1.40608 0.00412407 0.00374274 0.00582333 1.26953
10.8873 1.40612 0.0036777 0.00374383 0.00499843 1.26925
10.8938 1.40615 0.00334286 0.00374471 0.00440371 1.26903
10.9 1.40617 0.00303794 0.00374556 0.00388313 1.26882
10.9059 1.40619 0.00276025 0.00374637 0.00342889 1.26861
10.9122 1.40621 0.0024859 0.00374723 0.00300073 1.2684
10.9178 1.40623 0.00225285 0.003748 0.00265221 1.2682
10.9231 1.40624 0.00204689 0.00374872 0.0023544 1.26802
10.9288 1.40626 0.00184137 0.00374951 0.00206576 1.26782
10.9338 1.40627 0.00167338 0.00375019 0.00183759 1.26765
10.9386 1.40628 0.0015175 0.00375086 0.00163702 1.26748
10.943 1.40629 0.00137701 0.00375147 0.0014703 1.26733
10.9471 1.40629 0.00124549 0.00375203 0.00133109 1.26719
10.9505 1.4063 0.00113145 0.0037525 0.00122519 1.26707
10.9539 1.4063 0.00101573 0.00375297 0.0011308 1.26695
10.9565 1.40631 0.000921774 0.00375332 0.00106659 1.26686
10.959 1.40631 0.00083431 0.00375367 0.0010099 1.26678
10.9612 1.40631 0.000757341 0.00375397 0.000965353 1.2667
10.9634 1.40631 0.000684963 0.00375427 0.000923842 1.26662
10.9655 1.40632 0.000621956 0.00375456 0.000888924 1.26655
10.9675 1.40632 0.000564908 0.00375484 0.000857308 1.26648
10.97 1.40632 0.000510762 0.00375519 0.000822647 1.26639
10.9726 1.40632 0.000464327 0.00375554 0.000790792 1.2663
10.9754 1.40632 0.000421937 0.00375593 0.000758589 1.26621
10.9793 1.40633 0.000380632 0.00375647 0.000718363 1.26607
10.9842 1.40633 0.000342247 0.00375715 0.000672972 1.2659
10.99 1.40633 0.000310988 0.00375795 0.0006242 1.2657
10.9995 1.40633 0.000282501 0.00375926 0.000552186 1.26537
11.0091 1.40634 0.000256667 0.00376057 0.000486175 1.26504
11.0188 1.40634 0.000230139 0.00376191 0.000425706 1.26471
11.0265 1.40634 0.000208748 0.00376297 0.000382739 1.26444
11.0349 1.40634 0.000189222 0.00376411 0.000340469 1.26416
11.0441 1.40635 0.000171692 0.00376536 0.00029876 1.26384
11.0535 1.40635 0.000154653 0.00376664 0.000259983 1.26352
11.0614 1.40635 0.000140088 0.00376771 0.000230714 1.26326
11.0695 1.40635 0.000124213 0.00376883 0.000203379 1.26298
11.0773 1.40635 0.000111041 0.00376988 0.000180638 1.26272
11.0852 1.40635 0.000100779 0.00377095 0.000159791 1.26245
11.0931 1.40635 9.15851e-05 0.00377202 0.000140627 1.26218
11.1011 1.40636 8.31688e-05 0.0037731 0.000123309 1.26191
11.109 1.40636 7.53087e-05 0.00377416 0.000107729 1.26165
11.1151 1.40636 6.77119e-05 0.00377499 9.67162e-05 1.26144
11.1197 1.40636 6.13699e-05 0.00377561 8.93655e-05 1.26129
11.1257 1.40636 5.55984e-05 0.00377641 8.08346e-05 1.26109
11.1345 1.40636 5.02069e-05 0.00377759 6.92691e-05 1.26079
11.1431 1.40636 4.50588e-05 0.00377874 5.92003e-05 1.26051
11.1495 1.40636 4.09082e-05 0.0037796 5.23537e-05 1.26029
11.1556 1.40636 3.69034e-05 0.00378042 4.65128e-05 1.26009
11.1611 1.40636 3.35163e-05 0.00378115 4.18033e-05 1.25991
11.1671 1.40636 3.02405e-05 0.00378195 3.70722e-05 1.25971
11.1734 1.40636 2.74244e-05 0.00378278 3.26975e-05 1.2595
11.1801 1.40636 2.4732e-05 0.00378368 2.83862e-05 1.25928
11.1878 1.40636 2.19005e-05 0.0037847 2.40379e-05 1.25903
11.1933 1.40636 1.98655e-05 0.00378543 2.12346e-05 1.25885
11.1984 1.40636 1.79596e-05 0.0037861 1.88924e-05 1.25868
11.203 1.40636 1.63177e-05 0.00378672 1.69586e-05 1.25853
11.208 1.40636 1.47938e-05 0.00378738 1.50611e-05 1.25836
11.2133 1.40636 1.34403e-05 0.00378807 1.32692e-05 1.25819
11.2186 1.40636 1.21965e-05 0.00378877 1.1636e-05 1.25802
11.224 1.40636 1.09829e-05 0.00378948 1.01165e-05 1.25784
11.2291 1.40636 9.91841e-06 0.00379016 8.82339e-06 1.25767
11.2341 1.40636 8.96335e-06 0.00379082 7.68699e-06 1.25751
11.2386 1.40636 8.13567e-06 0.0037914 6.76688e-06 1.25737
11.2426 1.40636 7.39059e-06 0.00379192 6.02682e-06 1.25724
11.2462 1.40636 6.71581e-06 0.00379241 5.40303e-06 1.25712
11.2506 1.40636 6.01174e-06 0.00379298 4.73982e-06 1.25698
11.2552 1.40636 5.38948e-06 0.00379358 4.10896e-06 1.25683
11.2597 1.40636 4.8523e-06 0.00379417 3.55949e-06 1.25668
11.2644 1.40636 4.32008e-06 0.00379478 3.04634e-06 1.25653
11.2686 1.40636 3.87161e-06 0.00379533 2.63187e-06 1.25639
11.2731 1.40636 3.43689e-06 0.00379592 2.24066e-06 1.25625
11.2768 1.40636 3.10673e-06 0.0037964 1.95422e-06 1.25613
11.2802 1.40636 2.81221e-06 0.00379685 1.71039e-06 1.25602
11.2834 1.40636 2.55473e-06 0.00379726 1.50899e-06 1.25592
11.2872 1.40636 2.26276e-06 0.00379775 1.29504e-06 1.2558
11.2901 1.40636 2.04584e-06 0.00379813 1.14449e-06 1.2557
11.2928 1.40636 1.85944e-06 0.00379848 1.01794e-06 1.25562
11.2959 1.40636 1.67206e-06 0.00379888 8.90853e-07 1.25552
11.2987 1.40636 1.51549e-06 0.00379925 7.82934e-07 1.25543
11.3018 1.40636 1.36507e-06 0.00379965 6.77893e-07 1.25533
11.3058 1.40636 1.18376e-06 0.00380017 5.56218e-07 1.2552
11.3085 1.40636 1.06971e-06 0.00380051 4.85983e-07 1.25511
11.3107 1.40636 9.72095e-07 0.0038008 4.32138e-07 1.25504
11.313 1.40636 8.69544e-07 0.0038011 3.81994e-07 1.25497
11.3154 1.40636 7.71347e-07 0.00380141 3.3531e-07 1.25489
11.3179 1.40636 6.92174e-07 0.00380173 2.93342e-07 1.25482
11.3202 1.40636 6.28741e-07 0.00380203 2.57391e-07 1.25474
11.3224 1.40636 5.70979e-07 0.00380232 2.25819e-07 1.25467
11.3247 1.40636 5.13482e-07 0.00380262 1.95929e-07 1.2546
11.3271 1.40636 4.60107e-07 0.00380292 1.69327e-07 1.25452
11.3299 1.40636 3.99838e-07 0.00380329 1.40452e-07 1.25443
11.3318 1.40636 3.63489e-07 0.00380353 1.23509e-07 1.25437
11.3337 1.40636 3.29393e-07 0.00380378 1.07952e-07 1.25431
11.3357 1.40636 2.96943e-07 0.00380403 9.3478e-08 1.25425
11.3376 1.40636 2.68441e-07 0.00380427 8.11847e-08 1.25419
11.3393 1.40636 2.42791e-07 0.00380449 7.06805e-08 1.25413
11.3409 1.40636 2.19686e-07 0.0038047 6.18555e-08 1.25408
11.3426 1.40636 1.96956e-07 0.00380491 5.39196e-08 1.25403
11.344 1.40636 1.77529e-07 0.00380509 4.77019e-08 1.25399
11.3458 1.40636 1.54272e-07 0.00380534 4.0444e-08 1.25393
11.3472 1.40636 1.40057e-07 0.00380551 3.58455e-08 1.25388
11.3488 1.40636 1.25249e-07 0.00380571 3.09422e-08 1.25383
11.3503 1.40636 1.12277e-07 0.00380591 2.66404e-08 1.25379
11.3522 1.40636 9.82168e-08 0.00380615 2.20669e-08 1.25373
11.3536 1.40636 8.85262e-08 0.00380633 1.9032e-08 1.25368
11.3548 1.40636 8.04394e-08 0.00380648 1.66115e-08 1.25364
11.356 1.40636 7.30358e-08 0.00380663 1.45032e-08 1.25361
11.3573 1.40636 6.48501e-08 0.00380681 1.229e-08 1.25356
11.3586 1.40636 5.8034e-08 0.00380697 1.05513e-08 1.25353
11.3598 1.40636 5.17634e-08 0.00380712 9.02606e-09 1.25349
11.3611 1.40636 4.52969e-08 0.00380729 7.52248e-09 1.25345
