    1.000000e-07    9.306241e-05    2.141388e-08
    1.023293e-07    9.523062e-05    2.209260e-08
    1.047129e-07    9.744935e-05    2.278883e-08
    1.071519e-07    9.971977e-05    2.351179e-08
    1.096478e-07    1.020431e-04    2.425230e-08
    1.122018e-07    1.044206e-04    2.502121e-08
    1.148154e-07    1.068534e-04    2.580880e-08
    1.174898e-07    1.093430e-04    2.662093e-08
    1.202264e-07    1.118905e-04    2.746421e-08
    1.230269e-07    1.144974e-04    2.832795e-08
    1.258925e-07    1.171651e-04    2.922207e-08
    1.288250e-07    1.198949e-04    3.014338e-08
    1.318257e-07    1.226883e-04    3.109428e-08
    1.348963e-07    1.255469e-04    3.207110e-08
    1.380384e-07    1.284720e-04    3.308226e-08
    1.412538e-07    1.314653e-04    3.412097e-08
    1.445440e-07    1.345283e-04    3.519620e-08
    1.479108e-07    1.376627e-04    3.630409e-08
    1.513561e-07    1.408701e-04    3.744307e-08
    1.548817e-07    1.441523e-04    3.862208e-08
    1.584893e-07    1.475109e-04    3.983317e-08
    1.621810e-07    1.509479e-04    4.108681e-08
    1.659587e-07    1.544649e-04    4.237456e-08
    1.698244e-07    1.580638e-04    4.370754e-08
    1.737801e-07    1.617466e-04    4.507677e-08
    1.778279e-07    1.655153e-04    4.648856e-08
    1.819701e-07    1.693717e-04    4.794992e-08
    1.862087e-07    1.733180e-04    4.945100e-08
    1.905461e-07    1.773563e-04    5.100477e-08
    1.949845e-07    1.814886e-04    5.259586e-08
    1.995262e-07    1.857173e-04    5.424127e-08
    2.041738e-07    1.900445e-04    5.594442e-08
    2.089296e-07    1.944725e-04    5.769382e-08
    2.137962e-07    1.990037e-04    5.949755e-08
    2.187762e-07    2.036405e-04    6.135882e-08
    2.238721e-07    2.083854e-04    6.327631e-08
    2.290868e-07    2.132408e-04    6.525333e-08
    2.344229e-07    2.182094e-04    6.729339e-08
    2.398833e-07    2.232937e-04    6.939506e-08
    2.454709e-07    2.284965e-04    7.156194e-08
    2.511886e-07    2.338206e-04    7.379789e-08
    2.570396e-07    2.392687e-04    7.610134e-08
    2.630268e-07    2.448438e-04    7.847624e-08
    2.691535e-07    2.505488e-04    8.091718e-08
    2.754229e-07    2.563867e-04    8.344350e-08
    2.818383e-07    2.623607e-04    8.604606e-08
    2.884032e-07    2.684739e-04    8.872102e-08
    2.951209e-07    2.747296e-04    9.149802e-08
    3.019952e-07    2.811310e-04    9.434144e-08
    3.090295e-07    2.876817e-04    9.728180e-08
    3.162278e-07    2.943849e-04    1.003039e-07
    3.235937e-07    3.012444e-04    1.034316e-07
    3.311311e-07    3.082637e-04    1.066436e-07
    3.388442e-07    3.154466e-04    1.099652e-07
    3.467369e-07    3.227969e-04    1.133790e-07
    3.548134e-07    3.303185e-04    1.169120e-07
    3.630781e-07    3.380154e-04    1.205403e-07
    3.715352e-07    3.458917e-04    1.242806e-07
    3.801894e-07    3.539514e-04    1.281483e-07
    3.890451e-07    3.621991e-04    1.321234e-07
    3.981072e-07    3.706389e-04    1.362373e-07
    4.073803e-07    3.792754e-04    1.404620e-07
    4.168694e-07    3.881132e-04    1.448171e-07
    4.265795e-07    3.971569e-04    1.493066e-07
    4.365158e-07    4.064114e-04    1.539346e-07
    4.466836e-07    4.158816e-04    1.587053e-07
    4.570882e-07    4.255725e-04    1.636272e-07
    4.677351e-07    4.354892e-04    1.686968e-07
    4.786301e-07    4.456371e-04    1.739229e-07
    4.897788e-07    4.560214e-04    1.793100e-07
    5.011872e-07    4.666478e-04    1.848633e-07
    5.128614e-07    4.775218e-04    1.905700e-07
    5.248075e-07    4.886492e-04    1.964704e-07
    5.370318e-07    5.000359e-04    2.025527e-07
    5.495409e-07    5.116881e-04    2.088030e-07
    5.623413e-07    5.236117e-04    2.152909e-07
    5.754399e-07    5.358133e-04    2.219325e-07
    5.888437e-07    5.482993e-04    2.287996e-07
    6.025596e-07    5.610762e-04    2.358562e-07
    6.165950e-07    5.741509e-04    2.431523e-07
    6.309573e-07    5.875304e-04    2.506498e-07
    6.456542e-07    6.012217e-04    2.584015e-07
    6.606934e-07    6.152320e-04    2.663672e-07
    6.760830e-07    6.295689e-04    2.746033e-07
    6.918310e-07    6.442400e-04    2.830666e-07
    7.079458e-07    6.592530e-04    2.917896e-07
    7.244360e-07    6.746158e-04    3.007805e-07
    7.413102e-07    6.903368e-04    3.100766e-07
    7.585776e-07    7.064241e-04    3.196288e-07
    7.762471e-07    7.228864e-04    3.294743e-07
    7.943282e-07    7.397324e-04    3.396220e-07
    8.128305e-07    7.569710e-04    3.500810e-07
    8.317638e-07    7.746114e-04    3.608611e-07
    8.511380e-07    7.926630e-04    3.719720e-07
    8.709636e-07    8.111353e-04    3.834238e-07
    8.912509e-07    8.300381e-04    3.952271e-07
    9.120108e-07    8.493816e-04    4.073924e-07
    9.332543e-07    8.691758e-04    4.199310e-07
    9.549926e-07    8.894315e-04    4.328030e-07
    9.772372e-07    9.101593e-04    4.460789e-07
    1.000000e-06    9.313701e-04    4.598043e-07
    1.023293e-06    9.530754e-04    4.739507e-07
    1.047129e-06    9.752866e-04    4.884847e-07
    1.071519e-06    9.980155e-04    5.035107e-07
    1.096478e-06    1.021274e-03    5.189976e-07
    1.122018e-06    1.045075e-03    5.348452e-07
    1.148154e-06    1.069431e-03    5.512929e-07
    1.174898e-06    1.094354e-03    5.681904e-07
    1.202264e-06    1.119858e-03    5.856605e-07
    1.230269e-06    1.145957e-03    6.036091e-07
    1.258925e-06    1.172664e-03    6.220913e-07
    1.288250e-06    1.199993e-03    6.411531e-07
    1.318257e-06    1.227960e-03    6.607974e-07
    1.348963e-06    1.256579e-03    6.810419e-07
    1.380384e-06    1.285864e-03    7.018883e-07
    1.412538e-06    1.315832e-03    7.233882e-07
    1.445440e-06    1.346499e-03    7.455450e-07
    1.479108e-06    1.377881e-03    7.683787e-07
    1.513561e-06    1.409994e-03    7.918156e-07
    1.548817e-06    1.442856e-03    8.160627e-07
    1.584893e-06    1.476483e-03    8.410504e-07
    1.621810e-06    1.510895e-03    8.666981e-07
    1.659587e-06    1.546109e-03    8.932323e-07
    1.698244e-06    1.582144e-03    9.205769e-07
    1.737801e-06    1.619018e-03    9.486436e-07
    1.778279e-06    1.656752e-03    9.775869e-07
    1.819701e-06    1.695366e-03    1.007506e-06
    1.862087e-06    1.734880e-03    1.038216e-06
    1.905461e-06    1.775315e-03    1.069886e-06
    1.949845e-06    1.816693e-03    1.102493e-06
    1.995262e-06    1.859035e-03    1.136118e-06
    2.041738e-06    1.902365e-03    1.170740e-06
    2.089296e-06    1.946704e-03    1.206442e-06
    2.137962e-06    1.992077e-03    1.243349e-06
    2.187762e-06    2.038508e-03    1.281108e-06
    2.238721e-06    2.086022e-03    1.320168e-06
    2.290868e-06    2.134643e-03    1.360385e-06
    2.344229e-06    2.184397e-03    1.401856e-06
    2.398833e-06    2.235311e-03    1.444417e-06
    2.454709e-06    2.287413e-03    1.488267e-06
    2.511886e-06    2.340728e-03    1.533626e-06
    2.570396e-06    2.395287e-03    1.580331e-06
    2.630268e-06    2.451118e-03    1.628336e-06
    2.691535e-06    2.508251e-03    1.677757e-06
    2.754229e-06    2.566715e-03    1.728882e-06
    2.818383e-06    2.626542e-03    1.781349e-06
    2.884032e-06    2.687765e-03    1.835404e-06
    2.951209e-06    2.750414e-03    1.891324e-06
    3.019952e-06    2.814524e-03    1.948521e-06
    3.090295e-06    2.880129e-03    2.007639e-06
    3.162278e-06    2.947263e-03    2.068795e-06
    3.235937e-06    3.015963e-03    2.131348e-06
    3.311311e-06    3.086264e-03    2.196002e-06
    3.388442e-06    3.158205e-03    2.262499e-06
    3.467369e-06    3.231822e-03    2.331290e-06
    3.548134e-06    3.307156e-03    2.401764e-06
    3.630781e-06    3.384247e-03    2.474604e-06
    3.715352e-06    3.463134e-03    2.549402e-06
    3.801894e-06    3.543862e-03    2.626771e-06
    3.890451e-06    3.626471e-03    2.706159e-06
    3.981072e-06    3.711006e-03    2.787942e-06
    4.073803e-06    3.797513e-03    2.872192e-06
    4.168694e-06    3.886036e-03    2.958982e-06
    4.265795e-06    3.976624e-03    3.048385e-06
    4.365158e-06    4.069323e-03    3.140490e-06
    4.466836e-06    4.164184e-03    3.235372e-06
    4.570882e-06    4.261257e-03    3.333518e-06
    4.677351e-06    4.360594e-03    3.434222e-06
    4.786301e-06    4.462246e-03    3.537616e-06
    4.897788e-06    4.566269e-03    3.644475e-06
    5.011872e-06    4.672717e-03    3.754555e-06
    5.128614e-06    4.781648e-03    3.867575e-06
    5.248075e-06    4.893118e-03    3.984373e-06
    5.370318e-06    5.007188e-03    4.104298e-06
    5.495409e-06    5.123918e-03    4.227731e-06
    5.623413e-06    5.243369e-03    4.354967e-06
    5.754399e-06    5.365606e-03    4.486025e-06
    5.888437e-06    5.490693e-03    4.621020e-06
    6.025596e-06    5.618697e-03    4.760540e-06
    6.165950e-06    5.749686e-03    4.903781e-06
    6.309573e-06    5.883730e-03    5.051312e-06
    6.456542e-06    6.020899e-03    5.203287e-06
    6.606934e-06    6.161267e-03    5.359175e-06
    6.760830e-06    6.304908e-03    5.520395e-06
    6.918310e-06    6.451899e-03    5.685892e-06
    7.079458e-06    6.602318e-03    5.856924e-06
    7.244360e-06    6.756244e-03    6.032357e-06
    7.413102e-06    6.913760e-03    6.213776e-06
    7.585776e-06    7.074950e-03    6.400020e-06
    7.762471e-06    7.239898e-03    6.591691e-06
    7.943282e-06    7.408693e-03    6.789241e-06
    8.128305e-06    7.581424e-03    6.992701e-06
    8.317638e-06    7.758184e-03    7.202088e-06
    8.511380e-06    7.939066e-03    7.417897e-06
    8.709636e-06    8.124166e-03    7.639974e-06
    8.912509e-06    8.313583e-03    7.868880e-06
    9.120108e-06    8.507418e-03    8.103642e-06
    9.332543e-06    8.705773e-03    8.346415e-06
    9.549926e-06    8.908754e-03    8.595397e-06
    9.772372e-06    9.116469e-03    8.852875e-06
    1.000000e-05    9.329029e-03    9.116910e-06
    1.023293e-05    9.546545e-03    9.389036e-06
    1.047129e-05    9.769135e-03    9.669058e-06
    1.071519e-05    9.996917e-03    9.957416e-06
    1.096478e-05    1.023001e-02    1.025562e-05
    1.122018e-05    1.046854e-02    1.056037e-05
    1.148154e-05    1.071263e-02    1.087522e-05
    1.174898e-05    1.096242e-02    1.119891e-05
    1.202264e-05    1.121803e-02    1.153364e-05
    1.230269e-05    1.147961e-02    1.187628e-05
    1.258925e-05    1.174729e-02    1.222909e-05
    1.288250e-05    1.202120e-02    1.259360e-05
    1.318257e-05    1.230151e-02    1.296767e-05
    1.348963e-05    1.258836e-02    1.335447e-05
    1.380384e-05    1.288190e-02    1.375110e-05
    1.412538e-05    1.318228e-02    1.415943e-05
    1.445440e-05    1.348967e-02    1.457842e-05
    1.479108e-05    1.380423e-02    1.501132e-05
    1.513561e-05    1.412613e-02    1.545704e-05
    1.548817e-05    1.445553e-02    1.591598e-05
    1.584893e-05    1.479262e-02    1.638677e-05
    1.621810e-05    1.513757e-02    1.687325e-05
    1.659587e-05    1.549057e-02    1.737236e-05
    1.698244e-05    1.585181e-02    1.788581e-05
    1.737801e-05    1.622147e-02    1.841473e-05
    1.778279e-05    1.659975e-02    1.896129e-05
    1.819701e-05    1.698686e-02    1.952201e-05
    1.862087e-05    1.738299e-02    2.009928e-05
    1.905461e-05    1.778837e-02    2.069092e-05
    1.949845e-05    1.820321e-02    2.130267e-05
    1.995262e-05    1.862772e-02    2.193247e-05
    2.041738e-05    1.906213e-02    2.257802e-05
    2.089296e-05    1.950668e-02    2.324535e-05
    2.137962e-05    1.996160e-02    2.392995e-05
    2.187762e-05    2.042713e-02    2.463415e-05
    2.238721e-05    2.090353e-02    2.536210e-05
    2.290868e-05    2.139103e-02    2.610834e-05
    2.344229e-05    2.188991e-02    2.687703e-05
    2.398833e-05    2.240043e-02    2.766629e-05
    2.454709e-05    2.292286e-02    2.847854e-05
    2.511886e-05    2.345748e-02    2.931684e-05
    2.570396e-05    2.400457e-02    3.017595e-05
    2.630268e-05    2.456442e-02    3.106332e-05
    2.691535e-05    2.513733e-02    3.197412e-05
    2.754229e-05    2.572362e-02    3.291436e-05
    2.818383e-05    2.632358e-02    3.387845e-05
    2.884032e-05    2.693753e-02    3.487085e-05
    2.951209e-05    2.756581e-02    3.589224e-05
    3.019952e-05    2.820876e-02    3.694405e-05
    3.090295e-05    2.886670e-02    3.802397e-05
    3.162278e-05    2.953999e-02    3.913536e-05
    3.235937e-05    3.022899e-02    4.028110e-05
    3.311311e-05    3.093407e-02    4.145605e-05
    3.388442e-05    3.165560e-02    4.266411e-05
    3.467369e-05    3.239396e-02    4.390834e-05
    3.548134e-05    3.314956e-02    4.518874e-05
    3.630781e-05    3.392278e-02    4.651114e-05
    3.715352e-05    3.471405e-02    4.786721e-05
    3.801894e-05    3.552377e-02    4.925737e-05
    3.890451e-05    3.635240e-02    5.069199e-05
    3.981072e-05    3.720035e-02    5.216954e-05
    4.073803e-05    3.806810e-02    5.368394e-05
    4.168694e-05    3.895609e-02    5.524132e-05
    4.265795e-05    3.986480e-02    5.685073e-05
    4.365158e-05    4.079472e-02    5.849966e-05
    4.466836e-05    4.174634e-02    6.019743e-05
    4.570882e-05    4.272016e-02    6.194275e-05
    4.677351e-05    4.371671e-02    6.374007e-05
    4.786301e-05    4.473652e-02    6.558055e-05
    4.897788e-05    4.578012e-02    6.748171e-05
    5.011872e-05    4.684807e-02    6.943495e-05
    5.128614e-05    4.794095e-02    7.144350e-05
    5.248075e-05    4.905933e-02    7.350548e-05
    5.370318e-05    5.020381e-02    7.562715e-05
    5.495409e-05    5.137500e-02    7.780936e-05
    5.623413e-05    5.257352e-02    8.005474e-05
    5.754399e-05    5.380002e-02    8.236418e-05
    5.888437e-05    5.505513e-02    8.473104e-05
    6.025596e-05    5.633954e-02    8.717479e-05
    6.165950e-05    5.765392e-02    8.967926e-05
    6.309573e-05    5.899898e-02    9.226509e-05
    6.456542e-05    6.037543e-02    9.491513e-05
    6.606934e-05    6.178401e-02    9.763849e-05
    6.760830e-05    6.322546e-02    1.004415e-04
    6.918310e-05    6.470055e-02    1.033253e-04
    7.079458e-05    6.621007e-02    1.062888e-04
    7.244360e-05    6.775482e-02    1.093273e-04
    7.413102e-05    6.933562e-02    1.124642e-04
    7.585776e-05    7.095332e-02    1.156754e-04
    7.762471e-05    7.260878e-02    1.189853e-04
    7.943282e-05    7.430288e-02    1.223910e-04
    8.128305e-05    7.603651e-02    1.258841e-04
    8.317638e-05    7.781062e-02    1.294773e-04
    8.511380e-05    7.962613e-02    1.331563e-04
    8.709636e-05    8.148402e-02    1.369575e-04
    8.912509e-05    8.338527e-02    1.408650e-04
    9.120108e-05    8.533090e-02    1.448657e-04
    9.332543e-05    8.732195e-02    1.489965e-04
    9.549926e-05    8.935947e-02    1.532279e-04
    9.772372e-05    9.144456e-02    1.575775e-04
    1.000000e-04    9.357831e-02    1.620470e-04
    1.023293e-04    9.576187e-02    1.666454e-04
    1.047129e-04    9.799641e-02    1.713549e-04
    1.071519e-04    1.002831e-01    1.762158e-04
    1.096478e-04    1.026232e-01    1.811894e-04
    1.122018e-04    1.050179e-01    1.863275e-04
    1.148154e-04    1.074685e-01    1.915859e-04
    1.174898e-04    1.099763e-01    1.969938e-04
    1.202264e-04    1.125426e-01    2.025496e-04
    1.230269e-04    1.151689e-01    2.082611e-04
    1.258925e-04    1.178564e-01    2.141362e-04
    1.288250e-04    1.206068e-01    2.201460e-04
    1.318257e-04    1.234213e-01    2.263518e-04
    1.348963e-04    1.263015e-01    2.327018e-04
    1.380384e-04    1.292490e-01    2.392285e-04
    1.412538e-04    1.322652e-01    2.459369e-04
    1.445440e-04    1.353519e-01    2.528319e-04
    1.479108e-04    1.385107e-01    2.599186e-04
    1.513561e-04    1.417431e-01    2.672024e-04
    1.548817e-04    1.450511e-01    2.746509e-04
    1.584893e-04    1.484363e-01    2.823441e-04
    1.621810e-04    1.519005e-01    2.902110e-04
    1.659587e-04    1.554456e-01    2.983002e-04
    1.698244e-04    1.590735e-01    3.066077e-04
    1.737801e-04    1.627861e-01    3.151882e-04
    1.778279e-04    1.665853e-01    3.239223e-04
    1.819701e-04    1.704733e-01    3.329367e-04
    1.862087e-04    1.744520e-01    3.422056e-04
    1.905461e-04    1.785236e-01    3.516809e-04
    1.949845e-04    1.826903e-01    3.614605e-04
    1.995262e-04    1.869543e-01    3.714637e-04
    2.041738e-04    1.913179e-01    3.817409e-04
    2.089296e-04    1.957833e-01    3.922890e-04
    2.137962e-04    2.003530e-01    4.030861e-04
    2.187762e-04    2.050293e-01    4.142289e-04
    2.238721e-04    2.098149e-01    4.256695e-04
    2.290868e-04    2.147122e-01    4.373751e-04
    2.344229e-04    2.197184e-01    4.456835e-04
    2.398833e-04    2.248468e-01    4.579502e-04
    2.454709e-04    2.300951e-01    4.704846e-04
    2.511886e-04    2.354658e-01    4.833557e-04
    2.570396e-04    2.409620e-01    4.965845e-04
    2.630268e-04    2.465866e-01    5.100966e-04
    2.691535e-04    2.523424e-01    5.240366e-04
    2.754229e-04    2.582327e-01    5.382851e-04
    2.818383e-04    2.642605e-01    5.529041e-04
    2.884032e-04    2.704287e-01    5.444015e-04
    2.951209e-04    2.767409e-01    5.508264e-04
    3.019952e-04    2.832004e-01    5.574040e-04
    3.090295e-04    2.898104e-01    5.637415e-04
    3.162278e-04    2.965746e-01    5.701715e-04
    3.235937e-04    3.034966e-01    5.766966e-04
    3.311311e-04    3.105799e-01    5.833201e-04
    3.388442e-04    3.178283e-01    5.898358e-04
    3.467369e-04    3.252458e-01    5.964582e-04
    3.548134e-04    3.328362e-01    6.034585e-04
    3.630781e-04    3.406036e-01    6.106098e-04
    3.715352e-04    3.485521e-01    6.174442e-04
    3.801894e-04    3.566859e-01    6.249256e-04
    3.890451e-04    3.650093e-01    6.324531e-04
    3.981072e-04    3.735268e-01    6.399202e-04
    4.073803e-04    3.822428e-01    6.479606e-04
    4.168694e-04    3.911621e-01    6.561685e-04
    4.265795e-04    4.002894e-01    6.641061e-04
    4.365158e-04    4.096294e-01    6.727444e-04
    4.466836e-04    4.191872e-01    6.816330e-04
    4.570882e-04    4.289679e-01    6.907304e-04
    4.677351e-04    4.389765e-01    7.001028e-04
    4.786301e-04    4.492186e-01    7.096793e-04
    4.897788e-04    4.596994e-01    7.195854e-04
    5.011872e-04    4.704246e-01    7.297501e-04
    5.128614e-04    4.813999e-01    7.401861e-04
    5.248075e-04    4.926311e-01    7.509375e-04
    5.370318e-04    5.041241e-01    7.620829e-04
    5.495409e-04    5.158851e-01    7.739032e-04
    5.623413e-04    5.279204e-01    7.856427e-04
    5.754399e-04    5.402363e-01    7.982322e-04
    5.888437e-04    5.528393e-01    8.106938e-04
    6.025596e-04    5.657362e-01    8.240590e-04
    6.165950e-04    5.789338e-01    8.376337e-04
    6.309573e-04    5.924392e-01    8.514591e-04
    6.456542e-04    6.062595e-01    8.660618e-04
    6.606934e-04    6.204020e-01    8.811069e-04
    6.760830e-04    6.348744e-01    8.966525e-04
    6.918310e-04    6.496842e-01    9.126449e-04
    7.079458e-04    6.648393e-01    9.296936e-04
    7.244360e-04    6.803479e-01    9.467307e-04
    7.413102e-04    6.962181e-01    9.643621e-04
    7.585776e-04    7.124584e-01    9.830282e-04
    7.762471e-04    7.290775e-01    1.002236e-03
    7.943282e-04    7.460841e-01    1.021675e-03
    8.128305e-04    7.634873e-01    1.042214e-03
    8.317638e-04    7.812963e-01    1.063413e-03
    8.511380e-04    7.995207e-01    1.085301e-03
    8.709636e-04    8.181702e-01    1.107909e-03
    8.912509e-04    8.372545e-01    1.131776e-03
    9.120108e-04    8.567840e-01    1.155900e-03
    9.332543e-04    8.767689e-01    1.181365e-03
    9.549926e-04    8.972200e-01    1.207138e-03
    9.772372e-04    9.181480e-01    1.234315e-03
    1.000000e-03    9.395642e-01    1.262379e-03
    1.023293e-03    9.614799e-01    1.291395e-03
    1.047129e-03    9.839067e-01    1.321376e-03
    1.071519e-03    1.006857e+00    1.352931e-03
    1.096478e-03    1.030342e+00    1.384978e-03
    1.122018e-03    1.054375e+00    1.418645e-03
    1.148154e-03    1.078969e+00    1.452918e-03
    1.174898e-03    1.104136e+00    1.488925e-03
    1.202264e-03    1.129891e+00    1.526148e-03
    1.230269e-03    1.156246e+00    1.564603e-03
    1.258925e-03    1.183216e+00    1.604956e-03
    1.288250e-03    1.210815e+00    1.646171e-03
    1.318257e-03    1.239058e+00    1.689274e-03
    1.348963e-03    1.267960e+00    1.733873e-03
    1.380384e-03    1.297536e+00    1.780027e-03
    1.412538e-03    1.327803e+00    1.827734e-03
    1.445440e-03    1.358775e+00    1.877154e-03
    1.479108e-03    1.390470e+00    1.928773e-03
    1.513561e-03    1.422904e+00    1.981696e-03
    1.548817e-03    1.456096e+00    2.036896e-03
    1.584893e-03    1.490061e+00    2.094100e-03
    1.621810e-03    1.524819e+00    2.153246e-03
    1.659587e-03    1.560389e+00    2.214911e-03
    1.698244e-03    1.596788e+00    2.278394e-03
    1.737801e-03    1.634036e+00    2.344459e-03
    1.778279e-03    1.672154e+00    2.412872e-03
    1.819701e-03    1.711161e+00    2.483687e-03
    1.862087e-03    1.751079e+00    2.556960e-03
    1.905461e-03    1.791928e+00    2.633300e-03
    1.949845e-03    1.833730e+00    2.712094e-03
    1.995262e-03    1.876508e+00    2.793691e-03
    2.041738e-03    1.920285e+00    2.878583e-03
    2.089296e-03    1.965083e+00    2.966415e-03
    2.137962e-03    2.010926e+00    3.057423e-03
    2.187762e-03    2.057840e+00    3.151540e-03
    2.238721e-03    2.105849e+00    3.249229e-03
    2.290868e-03    2.154978e+00    3.350749e-03
    2.344229e-03    2.205254e+00    3.455479e-03
    2.398833e-03    2.256703e+00    3.564255e-03
    2.454709e-03    2.309354e+00    3.676928e-03
    2.511886e-03    2.363233e+00    3.793515e-03
    2.570396e-03    2.418370e+00    3.914254e-03
    2.630268e-03    2.474795e+00    4.039592e-03
    2.691535e-03    2.532537e+00    4.169337e-03
    2.754229e-03    2.591626e+00    4.303700e-03
    2.818383e-03    2.652096e+00    4.442810e-03
    2.884032e-03    2.713977e+00    4.587000e-03
    2.951209e-03    2.777303e+00    4.736317e-03
    3.019952e-03    2.842108e+00    4.890906e-03
    3.090295e-03    2.908425e+00    5.051010e-03
    3.162278e-03    2.976292e+00    5.216828e-03
    3.235937e-03    3.045743e+00    5.388535e-03
    3.311311e-03    3.116816e+00    5.566264e-03
    3.388442e-03    3.189548e+00    5.750335e-03
    3.467369e-03    3.263979e+00    5.940669e-03
    3.548134e-03    3.340148e+00    6.137995e-03
    3.630781e-03    3.418096e+00    6.342150e-03
    3.715352e-03    3.497865e+00    6.553288e-03
    3.801894e-03    3.579497e+00    6.772463e-03
    3.890451e-03    3.663035e+00    6.998083e-03
    3.981072e-03    3.748525e+00    7.232282e-03
    4.073803e-03    3.836011e+00    7.474351e-03
    4.092607e-03    3.853752e+00    7.523617e-03
    4.111497e-03    3.871575e+00    7.572874e-03
    4.130475e-03    3.889480e+00    7.623570e-03
    4.149540e-03    3.907469e+00    7.673847e-03
    4.168694e-03    3.925541e+00    7.724837e-03
    4.187936e-03    3.943696e+00    7.775871e-03
    4.207266e-03    3.961935e+00    7.827182e-03
    4.226686e-03    3.980259e+00    7.879256e-03
    4.246196e-03    3.998668e+00    7.931304e-03
    4.265795e-03    4.017162e+00    7.983688e-03
    4.285485e-03    4.035741e+00    8.036205e-03
    4.305266e-03    4.054407e+00    8.089955e-03
    4.325138e-03    4.073159e+00    8.143433e-03
    4.345102e-03    4.091997e+00    8.197271e-03
    4.365158e-03    4.110923e+00    8.252045e-03
    4.385307e-03    4.129937e+00    8.306502e-03
    4.405549e-03    4.149038e+00    8.361433e-03
    4.425884e-03    4.168228e+00    8.416751e-03
    4.446313e-03    4.187507e+00    8.472442e-03
    4.466836e-03    4.206875e+00    8.528381e-03
    4.487454e-03    4.226333e+00    8.585470e-03
    4.508167e-03    4.245881e+00    8.642309e-03
    4.528976e-03    4.265519e+00    8.699518e-03
    4.549881e-03    4.285248e+00    8.757127e-03
    4.570882e-03    4.305069e+00    8.815126e-03
    4.591980e-03    4.324981e+00    8.873518e-03
    4.613176e-03    4.344985e+00    8.932291e-03
    4.634469e-03    4.365082e+00    8.991475e-03
    4.655861e-03    4.385272e+00    9.051929e-03
    4.677351e-03    4.405556e+00    9.111876e-03
    4.698941e-03    4.425933e+00    9.171346e-03
    4.720630e-03    4.446405e+00    9.232126e-03
    4.742420e-03    4.466972e+00    9.293342e-03
    4.764310e-03    4.487633e+00    9.355904e-03
    4.786301e-03    4.508391e+00    9.417066e-03
    4.808393e-03    4.529244e+00    9.480479e-03
    4.830588e-03    4.550194e+00    9.543420e-03
    4.852885e-03    4.571242e+00    9.605802e-03
    4.875285e-03    4.592386e+00    9.669546e-03
    4.897788e-03    4.613628e+00    9.733712e-03
    4.920395e-03    4.634969e+00    9.798323e-03
    4.943107e-03    4.656409e+00    9.863372e-03
    4.965923e-03    4.677948e+00    9.928862e-03
    4.988845e-03    4.699586e+00    9.994788e-03
    5.011872e-03    4.721325e+00    1.006024e-02
    5.035006e-03    4.743164e+00    1.012715e-02
    5.058247e-03    4.765105e+00    1.019442e-02
    5.081594e-03    4.787147e+00    1.026215e-02
    5.105050e-03    4.809291e+00    1.033034e-02
    5.128614e-03    4.831537e+00    1.039795e-02
    5.152286e-03    4.853887e+00    1.046718e-02
    5.176068e-03    4.876340e+00    1.053675e-02
    5.199960e-03    4.898897e+00    1.060679e-02
    5.223962e-03    4.921559e+00    1.067730e-02
    5.248075e-03    4.944325e+00    1.074731e-02
    5.272299e-03    4.967197e+00    1.081877e-02
    5.296634e-03    4.990175e+00    1.089071e-02
    5.321083e-03    5.013259e+00    1.096210e-02
    5.345644e-03    5.036450e+00    1.103501e-02
    5.370318e-03    5.059748e+00    1.110842e-02
    5.395106e-03    5.083155e+00    1.118123e-02
    5.420009e-03    5.106669e+00    1.125562e-02
    5.445027e-03    5.130293e+00    1.133052e-02
    5.470160e-03    5.154026e+00    1.140477e-02
    5.495409e-03    5.177869e+00    1.148067e-02
    5.520774e-03    5.201822e+00    1.155590e-02
    5.546257e-03    5.225886e+00    1.163282e-02
    5.571857e-03    5.250062e+00    1.170903e-02
    5.597576e-03    5.274349e+00    1.178698e-02
    5.623413e-03    5.298749e+00    1.186419e-02
    5.649370e-03    5.323262e+00    1.194318e-02
    5.675446e-03    5.347889e+00    1.202271e-02
    5.701643e-03    5.372629e+00    1.210146e-02
    5.727960e-03    5.397484e+00    1.218073e-02
    5.754399e-03    5.422454e+00    1.226184e-02
    5.780960e-03    5.447540e+00    1.234346e-02
    5.807644e-03    5.472742e+00    1.242434e-02
    5.834451e-03    5.498061e+00    1.250569e-02
    5.861382e-03    5.523497e+00    1.258900e-02
    5.888437e-03    5.549050e+00    1.267142e-02
    5.915616e-03    5.574722e+00    1.275576e-02
    5.942922e-03    5.600513e+00    1.283934e-02
    5.970353e-03    5.626424e+00    1.292337e-02
    5.997911e-03    5.652454e+00    1.300941e-02
    6.025596e-03    5.678605e+00    1.309462e-02
    6.053409e-03    5.704877e+00    1.318029e-02
    6.081350e-03    5.731270e+00    1.326654e-02
    6.109420e-03    5.757786e+00    1.335494e-02
    6.137620e-03    5.784425e+00    1.344230e-02
    7.802125e-03    7.357134e+00    1.361138e-02
    7.984831e-03    7.529744e+00    1.404025e-02
    8.171839e-03    7.706429e+00    1.448093e-02
    8.363251e-03    7.887283e+00    1.493369e-02
    8.559169e-03    8.072406e+00    1.539873e-02
    8.759703e-03    8.261901e+00    1.587631e-02
    8.964960e-03    8.455872e+00    1.636666e-02
    9.175055e-03    8.654427e+00    1.686999e-02
    9.390102e-03    8.857672e+00    1.738657e-02
    9.610219e-03    9.065722e+00    1.791662e-02
    9.835526e-03    9.278690e+00    1.846036e-02
    1.006615e-02    9.496693e+00    1.901801e-02
    1.030221e-02    9.719853e+00    1.958981e-02
    1.054385e-02    9.948293e+00    2.017596e-02
    1.079117e-02    1.018213e+01    2.077670e-02
    1.104435e-02    1.042152e+01    2.139223e-02
    1.130349e-02    1.066657e+01    2.202275e-02
    1.156877e-02    1.091741e+01    2.266848e-02
    1.184031e-02    1.117420e+01    2.332959e-02
    1.211826e-02    1.143707e+01    2.400630e-02
    1.240279e-02    1.170617e+01    2.469878e-02
    1.269403e-02    1.198165e+01    2.540722e-02
    1.299217e-02    1.226366e+01    2.613179e-02
    1.329736e-02    1.255235e+01    2.687265e-02
    1.360976e-02    1.284789e+01    2.762997e-02
    1.392955e-02    1.315044e+01    2.840389e-02
    1.425692e-02    1.346018e+01    2.919456e-02
    1.459203e-02    1.377726e+01    3.000212e-02
    1.493507e-02    1.410187e+01    3.082670e-02
    1.528624e-02    1.443418e+01    3.166844e-02
    1.564574e-02    1.477439e+01    3.252743e-02
    1.601374e-02    1.512267e+01    3.340379e-02
    1.639046e-02    1.547922e+01    3.429762e-02
    1.677612e-02    1.584426e+01    3.520904e-02
    1.717092e-02    1.621796e+01    3.613813e-02
    1.757507e-02    1.660055e+01    3.708497e-02
    1.798881e-02    1.699223e+01    3.804968e-02
    1.841237e-02    1.739323e+01    3.903234e-02
    1.884597e-02    1.780377e+01    4.003303e-02
    1.928987e-02    1.822407e+01    4.105185e-02
    1.974429e-02    1.865437e+01    4.208891e-02
    2.020950e-02    1.909491e+01    4.314432e-02
    2.068577e-02    1.954593e+01    4.421819e-02
    2.117333e-02    2.000768e+01    4.531068e-02
    2.167248e-02    2.048044e+01    4.642194e-02
    2.218349e-02    2.096445e+01    4.755216e-02
    2.270664e-02    2.145998e+01    4.870156e-02
    2.324222e-02    2.196731e+01    4.987040e-02
    2.379052e-02    2.248673e+01    5.105899e-02
    2.435185e-02    2.301852e+01    5.226765e-02
    2.492653e-02    2.356299e+01    5.349684e-02
    2.551487e-02    2.412042e+01    5.474701e-02
    2.611721e-02    2.469113e+01    5.601876e-02
    2.673386e-02    2.527546e+01    5.731277e-02
    2.736518e-02    2.587370e+01    5.862977e-02
    2.801151e-02    2.648622e+01    5.997071e-02
    2.867321e-02    2.711332e+01    6.133659e-02
    2.935066e-02    2.775537e+01    6.272865e-02
    3.004422e-02    2.841273e+01    6.414825e-02
    3.075428e-02    2.908577e+01    6.559700e-02
    3.148123e-02    2.977486e+01    6.707668e-02
    3.222549e-02    3.048037e+01    6.858939e-02
    3.298745e-02    3.120271e+01    7.013748e-02
    3.376753e-02    3.194227e+01    7.172361e-02
    3.456619e-02    3.269947e+01    7.335084e-02
    3.538384e-02    3.347471e+01    7.502256e-02
    3.622095e-02    3.426845e+01    7.674267e-02
    3.707798e-02    3.508111e+01    7.851549e-02
    3.795539e-02    3.591316e+01    8.034593e-02
    3.885369e-02    3.676505e+01    8.223946e-02
    3.977335e-02    3.763724e+01    8.420223e-02
    4.071490e-02    3.853024e+01    8.624111e-02
    4.167885e-02    3.944453e+01    8.836375e-02
    4.266573e-02    4.038063e+01    9.057872e-02
    4.367608e-02    4.133904e+01    9.289551e-02
    4.471046e-02    4.232030e+01    9.532471e-02
    4.576944e-02    4.332496e+01    9.787807e-02
    4.685361e-02    4.435357e+01    1.005686e-01
    4.796355e-02    4.540671e+01    1.034107e-01
    4.909990e-02    4.648495e+01    1.064204e-01
    5.026325e-02    4.758891e+01    1.096153e-01
    5.145425e-02    4.871918e+01    1.130149e-01
    5.267357e-02    4.987640e+01    1.166407e-01
    5.392186e-02    5.106121e+01    1.205163e-01
    5.519981e-02    5.227427e+01    1.246679e-01
    5.650813e-02    5.351626e+01    1.291242e-01
    5.784752e-02    5.478786e+01    1.339167e-01
    5.921874e-02    5.608977e+01    1.390800e-01
    6.062252e-02    5.742275e+01    1.446520e-01
    6.205963e-02    5.878751e+01    1.506747e-01
    6.353087e-02    6.018482e+01    1.571938e-01
    6.503703e-02    6.161546e+01    1.642592e-01
    6.657895e-02    6.308025e+01    1.719257e-01
    6.815747e-02    6.457999e+01    1.802534e-01
    6.977346e-02    6.611553e+01    1.893078e-01
    7.142779e-02    6.768774e+01    1.991605e-01
    7.312138e-02    6.929750e+01    2.098897e-01
    7.485515e-02    7.094572e+01    2.215808e-01
    7.663006e-02    7.263333e+01    2.343270e-01
    7.844708e-02    7.436130e+01    2.482297e-01
    8.030721e-02    7.613061e+01    2.633996e-01
    8.221146e-02    7.794227e+01    2.799574e-01
    8.416090e-02    7.979733e+01    2.980343e-01
    8.615660e-02    8.169684e+01    3.177732e-01
    8.819963e-02    8.364191e+01    3.393297e-01
    9.029116e-02    8.563367e+01    3.628728e-01
    9.243232e-02    8.767330e+01    3.885866e-01
    9.462431e-02    8.976197e+01    4.166707e-01
    9.686834e-02    9.190092e+01    4.473423e-01
    9.916566e-02    9.409143e+01    4.808375e-01
    1.015175e-01    9.633481e+01    5.174122e-01
    1.039253e-01    9.863239e+01    5.573444e-01
    1.063903e-01    1.009856e+02    6.009359e-01
    1.076447e-01    1.021834e+02    6.242053e-01
    1.089140e-01    1.033958e+02    6.485143e-01
    1.101982e-01    1.046228e+02    6.739083e-01
    1.114976e-01    1.058646e+02    7.004343e-01
    1.128124e-01    1.071214e+02    7.281417e-01
    1.141428e-01    1.083934e+02    7.570814e-01
    1.154890e-01    1.096808e+02    7.873067e-01
    1.168510e-01    1.109839e+02    8.188730e-01
    1.182292e-01    1.123027e+02    8.518380e-01
    1.196238e-01    1.136376e+02    8.862618e-01
    1.210349e-01    1.149887e+02    9.222068e-01
    1.224627e-01    1.163563e+02    9.597382e-01
    1.239074e-01    1.177406e+02    9.989238e-01
    1.253693e-01    1.191418e+02    1.039834e+00
    1.268504e-01    1.205619e+02    1.082481e+00
    1.283546e-01    1.220045e+02    1.126826e+00
    1.298796e-01    1.234677e+02    1.173040e+00
    1.314248e-01    1.249510e+02    1.221234e+00
    1.329905e-01    1.264543e+02    1.271512e+00
    1.345764e-01    1.279778e+02    1.323976e+00
    1.361827e-01    1.295214e+02    1.378729e+00
    1.378096e-01    1.310855e+02    1.435876e+00
    1.394571e-01    1.326703e+02    1.495528e+00
    1.411257e-01    1.342758e+02    1.557795e+00
    1.428153e-01    1.359025e+02    1.622796e+00
    1.445262e-01    1.375505e+02    1.690650e+00
    1.462588e-01    1.392201e+02    1.761483e+00
    1.480132e-01    1.409116e+02    1.835427e+00
    1.497897e-01    1.426253e+02    1.912615e+00
    1.515885e-01    1.443615e+02    1.993190e+00
    1.534099e-01    1.461206e+02    2.077298e+00
    1.552542e-01    1.479028e+02    2.165091e+00
    1.571218e-01    1.497085e+02    2.256728e+00
    1.590127e-01    1.515379e+02    2.352376e+00
    1.609275e-01    1.533917e+02    2.452204e+00
    1.628665e-01    1.552699e+02    2.556393e+00
    1.648297e-01    1.571732e+02    2.665127e+00
    1.668178e-01    1.591017e+02    2.778601e+00
    1.688309e-01    1.610559e+02    2.897018e+00
    1.708695e-01    1.630364e+02    3.020587e+00
    1.729339e-01    1.650433e+02    3.149527e+00
    1.750243e-01    1.670773e+02    3.284065e+00
    1.771413e-01    1.691387e+02    3.424440e+00
    1.792852e-01    1.712281e+02    3.570899e+00
    1.814562e-01    1.733457e+02    3.723698e+00
    1.836550e-01    1.754923e+02    3.883106e+00
    1.858819e-01    1.776682e+02    4.049402e+00
    1.881371e-01    1.798741e+02    4.222877e+00
    1.904214e-01    1.821104e+02    4.403835e+00
    1.927350e-01    1.843775e+02    4.592592e+00
    1.950783e-01    1.866763e+02    4.789476e+00
    1.974518e-01    1.890071e+02    4.994832e+00
    1.998561e-01    1.913707e+02    5.209016e+00
    2.022916e-01    1.937675e+02    5.432402e+00
    2.047587e-01    1.961985e+02    5.665377e+00
    2.072580e-01    1.986638e+02    5.908348e+00
    2.097900e-01    2.011646e+02    6.161736e+00
    2.123552e-01    2.037013e+02    6.425983e+00
    2.149542e-01    2.062747e+02    6.701547e+00
    2.175876e-01    2.088855e+02    6.988907e+00
    2.202559e-01    2.115346e+02    7.288563e+00
    2.229596e-01    2.142227e+02    7.601037e+00
    2.256995e-01    2.169506e+02    7.926872e+00
    2.284761e-01    2.197192e+02    8.266638e+00
    2.312902e-01    2.225293e+02    8.620925e+00
    2.341422e-01    2.253819e+02    8.990354e+00
    2.370330e-01    2.282779e+02    9.375568e+00
    2.399632e-01    2.312182e+02    9.777243e+00
    2.429336e-01    2.342040e+02    1.019608e+01
    2.459450e-01    2.372362e+02    1.063282e+01
    2.489980e-01    2.403159e+02    1.108823e+01
    2.520934e-01    2.434442e+02    1.156312e+01
    2.552322e-01    2.466223e+02    1.205832e+01
    2.584151e-01    2.498514e+02    1.257470e+01
    2.616431e-01    2.531329e+02    1.311320e+01
    2.649170e-01    2.564679e+02    1.367476e+01
    2.682378e-01    2.598578e+02    1.426040e+01
    2.716064e-01    2.633041e+02    1.487115e+01
    2.750240e-01    2.668082e+02    1.550813e+01
    2.784914e-01    2.703717e+02    1.617248e+01
    2.820098e-01    2.739961e+02    1.686542e+01
    2.855802e-01    2.776832e+02    1.758820e+01
    2.892039e-01    2.814346e+02    1.834214e+01
    2.928821e-01    2.852523e+02    1.912864e+01
    2.966159e-01    2.891379e+02    1.994914e+01
    3.004069e-01    2.930936e+02    2.080517e+01
    3.042561e-01    2.971213e+02    2.169835e+01
    3.081651e-01    3.012234e+02    2.263034e+01
    3.121352e-01    3.054019e+02    2.360290e+01
    3.161682e-01    3.096593e+02    2.461790e+01
    3.202654e-01    3.139980e+02    2.567728e+01
    3.244285e-01    3.184207e+02    2.678307e+01
    3.286594e-01    3.229299e+02    2.793744e+01
    3.329597e-01    3.275285e+02    2.914265e+01
    3.373313e-01    3.322196e+02    3.040108e+01
    3.417761e-01    3.370063e+02    3.171524e+01
    3.462963e-01    3.418918e+02    3.308778e+01
    3.508939e-01    3.468796e+02    3.452147e+01
    3.555710e-01    3.519733e+02    3.601925e+01
    3.603302e-01    3.571768e+02    3.758422e+01
    3.651737e-01    3.624940e+02    3.921967e+01
    3.701041e-01    3.679293e+02    4.092903e+01
    3.751241e-01    3.734869e+02    4.271595e+01
    3.802365e-01    3.791717e+02    4.458429e+01
    3.854441e-01    3.849887e+02    4.653814e+01
    3.907500e-01    3.909428e+02    4.858182e+01
    3.961574e-01    3.970398e+02    5.071988e+01
    4.016697e-01    4.032856e+02    5.295720e+01
    4.072902e-01    4.096860e+02    5.529889e+01
    4.130230e-01    4.162479e+02    5.775041e+01
    4.188715e-01    4.229778e+02    6.031756e+01
    4.248400e-01    4.298834e+02    6.300644e+01
    4.309327e-01    4.369720e+02    6.582362e+01
    4.371541e-01    4.442520e+02    6.877600e+01
    4.435087e-01    4.517318e+02    7.187099e+01
    4.500015e-01    4.594208e+02    7.511643e+01
    4.566377e-01    4.673284e+02    7.852067e+01
    4.634225e-01    4.754649e+02    8.209263e+01
    4.703614e-01    4.838413e+02    8.584178e+01
    4.774606e-01    4.924689e+02    8.977826e+01
    4.847259e-01    5.013598e+02    9.391283e+01
    4.921638e-01    5.105270e+02    9.825700e+01
    4.997808e-01    5.199839e+02    1.028230e+02
    5.075838e-01    5.297449e+02    1.076240e+02
    5.155801e-01    5.398251e+02    1.126739e+02
    5.237769e-01    5.502406e+02    1.179876e+02
    5.321818e-01    5.610080e+02    1.235809e+02
    5.408029e-01    5.721451e+02    1.294708e+02
    5.496478e-01    5.836705e+02    1.356754e+02
    5.587250e-01    5.956035e+02    1.422138e+02
    5.680427e-01    6.079648e+02    1.491063e+02
    5.776093e-01    6.207755e+02    1.563746e+02
    5.874332e-01    6.340577e+02    1.640419e+02
    5.975228e-01    6.478344e+02    1.721325e+02
    6.078864e-01    6.621294e+02    1.806721e+02
    6.185320e-01    6.769671e+02    1.896878e+02
    6.294676e-01    6.923727e+02    1.992085e+02
    6.407004e-01    7.083717e+02    2.092640e+02
    6.522375e-01    7.249903e+02    2.198860e+02
    6.640854e-01    7.422547e+02    2.311075e+02
    6.762495e-01    7.601914e+02    2.429626e+02
    6.887350e-01    7.788266e+02    2.554868e+02
    7.015455e-01    7.981868e+02    2.687168e+02
    7.146844e-01    8.182976e+02    2.826907e+02
    7.281533e-01    8.391843e+02    2.974471e+02
    7.419532e-01    8.608715e+02    3.130256e+02
    7.560837e-01    8.833831e+02    3.294667e+02
    7.705430e-01    9.067418e+02    3.468113e+02
    7.853287e-01    9.309692e+02    3.651009e+02
    8.004368e-01    9.560862e+02    3.843772e+02
    8.158624e-01    9.821123e+02    4.046822e+02
    8.315998e-01    1.009066e+03    4.260580e+02
    8.476421e-01    1.036965e+03    4.485469e+02
    8.639821e-01    1.065827e+03    4.721912e+02
    8.806118e-01    1.095666e+03    4.970332e+02
    8.975229e-01    1.126501e+03    5.231153e+02
    9.147068e-01    1.158342e+03    5.504801e+02
    9.321548e-01    1.191208e+03    5.791702e+02
    9.498583e-01    1.225113e+03    6.092287e+02
    9.678087e-01    1.260073e+03    6.406987e+02
    9.859980e-01    1.296103e+03    6.736244e+02
    1.004418e+00    1.333218e+03    7.080501e+02
    1.023062e+00    1.371437e+03    7.440209e+02
    1.041922e+00    1.410779e+03    7.815832e+02
    1.060993e+00    1.451261e+03    8.207839e+02
    1.080268e+00    1.492904e+03    8.616715e+02
    1.099742e+00    1.535732e+03    9.042954e+02
    1.119412e+00    1.579765e+03    9.487068e+02
    1.139272e+00    1.625030e+03    9.949579e+02
    1.159319e+00    1.671551e+03    1.043103e+03
    1.179551e+00    1.719359e+03    1.093198e+03
    1.199965e+00    1.768481e+03    1.145301e+03
    1.220560e+00    1.818949e+03    1.199471e+03
    1.241333e+00    1.870795e+03    1.255770e+03
    1.262285e+00    1.924055e+03    1.314262e+03
    1.283414e+00    1.978764e+03    1.375013e+03
    1.304720e+00    2.034959e+03    1.438091e+03
    1.326205e+00    2.092682e+03    1.503567e+03
    1.347867e+00    2.151973e+03    1.571515e+03
    1.369709e+00    2.212877e+03    1.642009e+03
    1.391731e+00    2.275436e+03    1.715128e+03
    1.413934e+00    2.339700e+03    1.790953e+03
    1.436321e+00    2.405718e+03    1.869568e+03
    1.458893e+00    2.473538e+03    1.951059e+03
    1.481652e+00    2.543215e+03    2.035516e+03
    1.504601e+00    2.614803e+03    2.123033e+03
    1.527741e+00    2.688360e+03    2.213704e+03
    1.551075e+00    2.763943e+03    2.307628e+03
    1.574605e+00    2.841612e+03    2.404909e+03
    1.598336e+00    2.921432e+03    2.505650e+03
    1.622268e+00    3.003468e+03    2.609963e+03
    1.646406e+00    3.087787e+03    2.717960e+03
    1.670752e+00    3.174457e+03    2.829756e+03
    1.695310e+00    3.263553e+03    2.945473e+03
    1.720082e+00    3.355148e+03    3.065235e+03
    1.745072e+00    3.449318e+03    3.189169e+03
