    1.000000e-07    9.308325e-05    2.099248e-08
    1.023293e-07    9.525193e-05    2.165635e-08
    1.047129e-07    9.747115e-05    2.234156e-08
    1.071519e-07    9.974207e-05    2.304548e-08
    1.096478e-07    1.020659e-04    2.377645e-08
    1.122018e-07    1.044439e-04    2.452513e-08
    1.148154e-07    1.068773e-04    2.530018e-08
    1.174898e-07    1.093674e-04    2.609883e-08
    1.202264e-07    1.119155e-04    2.692313e-08
    1.230269e-07    1.145230e-04    2.776990e-08
    1.258925e-07    1.171912e-04    2.864575e-08
    1.288250e-07    1.199216e-04    2.954972e-08
    1.318257e-07    1.227157e-04    3.047832e-08
    1.348963e-07    1.255748e-04    3.143959e-08
    1.380384e-07    1.285005e-04    3.242703e-08
    1.412538e-07    1.314945e-04    3.344921e-08
    1.445440e-07    1.345582e-04    3.450247e-08
    1.479108e-07    1.376932e-04    3.558525e-08
    1.513561e-07    1.409014e-04    3.670611e-08
    1.548817e-07    1.441843e-04    3.785745e-08
    1.584893e-07    1.475436e-04    3.904461e-08
    1.621810e-07    1.509813e-04    4.027349e-08
    1.659587e-07    1.544991e-04    4.153578e-08
    1.698244e-07    1.580988e-04    4.284243e-08
    1.737801e-07    1.617824e-04    4.418459e-08
    1.778279e-07    1.655518e-04    4.556846e-08
    1.819701e-07    1.694091e-04    4.699651e-08
    1.862087e-07    1.733563e-04    4.846777e-08
    1.905461e-07    1.773954e-04    4.998473e-08
    1.949845e-07    1.815286e-04    5.155496e-08
    1.995262e-07    1.857582e-04    5.316783e-08
    2.041738e-07    1.900863e-04    5.483077e-08
    2.089296e-07    1.945153e-04    5.654676e-08
    2.137962e-07    1.990475e-04    5.831462e-08
    2.187762e-07    2.036853e-04    6.013736e-08
    2.238721e-07    2.084312e-04    6.201820e-08
    2.290868e-07    2.132876e-04    6.395589e-08
    2.344229e-07    2.182572e-04    6.595371e-08
    2.398833e-07    2.233427e-04    6.801352e-08
    2.454709e-07    2.285466e-04    7.013895e-08
    2.511886e-07    2.338718e-04    7.232859e-08
    2.570396e-07    2.393211e-04    7.457909e-08
    2.630268e-07    2.448973e-04    7.691196e-08
    2.691535e-07    2.506035e-04    7.930789e-08
    2.754229e-07    2.564427e-04    8.178186e-08
    2.818383e-07    2.624180e-04    8.432456e-08
    2.884032e-07    2.685325e-04    8.695404e-08
    2.951209e-07    2.747895e-04    8.966722e-08
    3.019952e-07    2.811922e-04    9.245354e-08
    3.090295e-07    2.877442e-04    9.532594e-08
    3.162278e-07    2.944489e-04    9.829635e-08
    3.235937e-07    3.013098e-04    1.013613e-07
    3.311311e-07    3.083307e-04    1.045087e-07
    3.388442e-07    3.155151e-04    1.077534e-07
    3.467369e-07    3.228669e-04    1.111088e-07
    3.548134e-07    3.303901e-04    1.145572e-07
    3.630781e-07    3.380886e-04    1.181121e-07
    3.715352e-07    3.459665e-04    1.217912e-07
    3.801894e-07    3.540279e-04    1.255694e-07
    3.890451e-07    3.622773e-04    1.294641e-07
    3.981072e-07    3.707189e-04    1.334790e-07
    4.073803e-07    3.793572e-04    1.376178e-07
    4.168694e-07    3.881968e-04    1.418842e-07
    4.265795e-07    3.972424e-04    1.462823e-07
    4.365158e-07    4.064988e-04    1.508340e-07
    4.466836e-07    4.159710e-04    1.555081e-07
    4.570882e-07    4.256639e-04    1.603262e-07
    4.677351e-07    4.355827e-04    1.652775e-07
    4.786301e-07    4.457326e-04    1.703969e-07
    4.897788e-07    4.561191e-04    1.756742e-07
    5.011872e-07    4.667476e-04    1.811142e-07
    5.128614e-07    4.776238e-04    1.867042e-07
    5.248075e-07    4.887535e-04    1.924842e-07
    5.370318e-07    5.001426e-04    1.984424e-07
    5.495409e-07    5.117971e-04    2.045648e-07
    5.623413e-07    5.237233e-04    2.108953e-07
    5.754399e-07    5.359274e-04    2.174001e-07
    5.888437e-07    5.484158e-04    2.241528e-07
    6.025596e-07    5.611954e-04    2.310373e-07
    6.165950e-07    5.742728e-04    2.382118e-07
    6.309573e-07    5.876550e-04    2.455263e-07
    6.456542e-07    6.013490e-04    2.531248e-07
    6.606934e-07    6.153622e-04    2.609513e-07
    6.760830e-07    6.297020e-04    2.689611e-07
    6.918310e-07    6.443760e-04    2.772489e-07
    7.079458e-07    6.593920e-04    2.858183e-07
    7.244360e-07    6.747580e-04    2.946235e-07
    7.413102e-07    6.904821e-04    3.036989e-07
    7.585776e-07    7.065727e-04    3.130529e-07
    7.762471e-07    7.230383e-04    3.226939e-07
    7.943282e-07    7.398877e-04    3.326307e-07
    8.128305e-07    7.571298e-04    3.428724e-07
    8.317638e-07    7.747737e-04    3.534284e-07
    8.511380e-07    7.928288e-04    3.643082e-07
    8.709636e-07    8.113048e-04    3.755217e-07
    8.912509e-07    8.302114e-04    3.870331e-07
    9.120108e-07    8.495587e-04    3.989437e-07
    9.332543e-07    8.693569e-04    4.112197e-07
    9.549926e-07    8.896166e-04    4.238315e-07
    9.772372e-07    9.103484e-04    4.368708e-07
    1.000000e-06    9.315635e-04    4.503099e-07
    1.023293e-06    9.532731e-04    4.641166e-07
    1.047129e-06    9.754886e-04    4.783340e-07
    1.071519e-06    9.982220e-04    4.930445e-07
    1.096478e-06    1.021485e-03    5.081572e-07
    1.122018e-06    1.045291e-03    5.237820e-07
    1.148154e-06    1.069651e-03    5.397954e-07
    1.174898e-06    1.094579e-03    5.563634e-07
    1.202264e-06    1.120088e-03    5.734108e-07
    1.230269e-06    1.146192e-03    5.909790e-07
    1.258925e-06    1.172904e-03    6.090697e-07
    1.288250e-06    1.200239e-03    6.277272e-07
    1.318257e-06    1.228211e-03    6.469546e-07
    1.348963e-06    1.256835e-03    6.667693e-07
    1.380384e-06    1.286127e-03    6.871724e-07
    1.412538e-06    1.316101e-03    7.082154e-07
    1.445440e-06    1.346773e-03    7.299011e-07
    1.479108e-06    1.378161e-03    7.521590e-07
    1.513561e-06    1.410280e-03    7.751866e-07
    1.548817e-06    1.443148e-03    7.989173e-07
    1.584893e-06    1.476782e-03    8.232740e-07
    1.621810e-06    1.511201e-03    8.484730e-07
    1.659587e-06    1.546421e-03    8.743365e-07
    1.698244e-06    1.582463e-03    9.010071e-07
    1.737801e-06    1.619344e-03    9.285792e-07
    1.778279e-06    1.657086e-03    9.568782e-07
    1.819701e-06    1.695707e-03    9.861079e-07
    1.862087e-06    1.735228e-03    1.016106e-06
    1.905461e-06    1.775671e-03    1.047192e-06
    1.949845e-06    1.817056e-03    1.078992e-06
    1.995262e-06    1.859406e-03    1.111996e-06
    2.041738e-06    1.902744e-03    1.145759e-06
    2.089296e-06    1.947092e-03    1.180801e-06
    2.137962e-06    1.992473e-03    1.216648e-06
    2.187762e-06    2.038913e-03    1.253731e-06
    2.238721e-06    2.086435e-03    1.291912e-06
    2.290868e-06    2.135065e-03    1.331284e-06
    2.344229e-06    2.184828e-03    1.371688e-06
    2.398833e-06    2.235752e-03    1.413316e-06
    2.454709e-06    2.287863e-03    1.456379e-06
    2.511886e-06    2.341188e-03    1.500715e-06
    2.570396e-06    2.395757e-03    1.546285e-06
    2.630268e-06    2.451598e-03    1.593198e-06
    2.691535e-06    2.508741e-03    1.641533e-06
    2.754229e-06    2.567216e-03    1.691534e-06
    2.818383e-06    2.627054e-03    1.742845e-06
    2.884032e-06    2.688287e-03    1.795709e-06
    2.951209e-06    2.750948e-03    1.850215e-06
    3.019952e-06    2.815070e-03    1.906329e-06
    3.090295e-06    2.880686e-03    1.964141e-06
    3.162278e-06    2.947832e-03    2.023748e-06
    3.235937e-06    3.016544e-03    2.085114e-06
    3.311311e-06    3.086858e-03    2.148125e-06
    3.388442e-06    3.158811e-03    2.213255e-06
    3.467369e-06    3.232441e-03    2.280131e-06
    3.548134e-06    3.307789e-03    2.349307e-06
    3.630781e-06    3.384893e-03    2.420524e-06
    3.715352e-06    3.463794e-03    2.493649e-06
    3.801894e-06    3.544535e-03    2.568975e-06
    3.890451e-06    3.627159e-03    2.646576e-06
    3.981072e-06    3.711709e-03    2.726786e-06
    4.073803e-06    3.798230e-03    2.809144e-06
    4.168694e-06    3.886769e-03    2.894049e-06
    4.265795e-06    3.977372e-03    2.981450e-06
    4.365158e-06    4.070088e-03    3.071484e-06
    4.466836e-06    4.164965e-03    3.164233e-06
    4.570882e-06    4.262054e-03    3.259777e-06
    4.677351e-06    4.361407e-03    3.357866e-06
    4.786301e-06    4.463077e-03    3.459245e-06
    4.897788e-06    4.567118e-03    3.563679e-06
    5.011872e-06    4.673584e-03    3.670894e-06
    5.128614e-06    4.782532e-03    3.781706e-06
    5.248075e-06    4.894021e-03    3.895459e-06
    5.370318e-06    5.008110e-03    4.012548e-06
    5.495409e-06    5.124859e-03    4.133240e-06
    5.623413e-06    5.244330e-03    4.257555e-06
    5.754399e-06    5.366587e-03    4.386042e-06
    5.888437e-06    5.491695e-03    4.517946e-06
    6.025596e-06    5.619720e-03    4.653809e-06
    6.165950e-06    5.750730e-03    4.793751e-06
    6.309573e-06    5.884795e-03    4.937289e-06
    6.456542e-06    6.021987e-03    5.085738e-06
    6.606934e-06    6.162377e-03    5.238642e-06
    6.760830e-06    6.306042e-03    5.395579e-06
    6.918310e-06    6.453056e-03    5.557660e-06
    7.079458e-06    6.603499e-03    5.724148e-06
    7.244360e-06    6.757449e-03    5.896209e-06
    7.413102e-06    6.914990e-03    6.072687e-06
    7.585776e-06    7.076205e-03    6.254572e-06
    7.762471e-06    7.241179e-03    6.441894e-06
    7.943282e-06    7.410000e-03    6.634672e-06
    8.128305e-06    7.582759e-03    6.833355e-06
    8.317638e-06    7.759545e-03    7.037825e-06
    8.511380e-06    7.940455e-03    7.248539e-06
    8.709636e-06    8.125584e-03    7.465568e-06
    8.912509e-06    8.315030e-03    7.688135e-06
    9.120108e-06    8.508894e-03    7.918300e-06
    9.332543e-06    8.707279e-03    8.154337e-06
    9.549926e-06    8.910291e-03    8.398431e-06
    9.772372e-06    9.118037e-03    8.648750e-06
    1.000000e-05    9.330628e-03    8.906514e-06
    1.023293e-05    9.548177e-03    9.173080e-06
    1.047129e-05    9.770800e-03    9.446414e-06
    1.071519e-05    9.998615e-03    9.726904e-06
    1.096478e-05    1.023174e-02    1.001797e-05
    1.122018e-05    1.047031e-02    1.031540e-05
    1.148154e-05    1.071444e-02    1.062273e-05
    1.174898e-05    1.096426e-02    1.093942e-05
    1.202264e-05    1.121991e-02    1.126530e-05
    1.230269e-05    1.148152e-02    1.159964e-05
    1.258925e-05    1.174924e-02    1.194391e-05
    1.288250e-05    1.202319e-02    1.229991e-05
    1.318257e-05    1.230354e-02    1.266492e-05
    1.348963e-05    1.259043e-02    1.304074e-05
    1.380384e-05    1.288401e-02    1.342769e-05
    1.412538e-05    1.318443e-02    1.382609e-05
    1.445440e-05    1.349186e-02    1.423624e-05
    1.479108e-05    1.380647e-02    1.465858e-05
    1.513561e-05    1.412841e-02    1.509342e-05
    1.548817e-05    1.445786e-02    1.553950e-05
    1.584893e-05    1.479499e-02    1.600041e-05
    1.621810e-05    1.513999e-02    1.647324e-05
    1.659587e-05    1.549304e-02    1.696173e-05
    1.698244e-05    1.585432e-02    1.746290e-05
    1.737801e-05    1.622403e-02    1.797884e-05
    1.778279e-05    1.660236e-02    1.850998e-05
    1.819701e-05    1.698952e-02    1.905778e-05
    1.862087e-05    1.738570e-02    1.961928e-05
    1.905461e-05    1.779113e-02    2.019870e-05
    1.949845e-05    1.820602e-02    2.079525e-05
    1.995262e-05    1.863059e-02    2.140938e-05
    2.041738e-05    1.906506e-02    2.203882e-05
    2.089296e-05    1.950966e-02    2.268718e-05
    2.137962e-05    1.996464e-02    2.335695e-05
    2.187762e-05    2.043023e-02    2.404349e-05
    2.238721e-05    2.090668e-02    2.475066e-05
    2.290868e-05    2.139424e-02    2.547857e-05
    2.344229e-05    2.189318e-02    2.622720e-05
    2.398833e-05    2.240376e-02    2.699841e-05
    2.454709e-05    2.292625e-02    2.779167e-05
    2.511886e-05    2.346093e-02    2.860876e-05
    2.570396e-05    2.400808e-02    2.944605e-05
    2.630268e-05    2.456800e-02    3.030766e-05
    2.691535e-05    2.514098e-02    3.119849e-05
    2.754229e-05    2.572733e-02    3.211134e-05
    2.818383e-05    2.632736e-02    3.305504e-05
    2.884032e-05    2.694138e-02    3.402191e-05
    2.951209e-05    2.756974e-02    3.501522e-05
    3.019952e-05    2.821275e-02    3.603743e-05
    3.090295e-05    2.887076e-02    3.709213e-05
    3.162278e-05    2.954413e-02    3.817670e-05
    3.235937e-05    3.023320e-02    3.929303e-05
    3.311311e-05    3.093836e-02    4.043751e-05
    3.388442e-05    3.165996e-02    4.161520e-05
    3.467369e-05    3.239840e-02    4.283157e-05
    3.548134e-05    3.315407e-02    4.407875e-05
    3.630781e-05    3.392738e-02    4.536211e-05
    3.715352e-05    3.471872e-02    4.668251e-05
    3.801894e-05    3.552853e-02    4.804141e-05
    3.890451e-05    3.635724e-02    4.943429e-05
    3.981072e-05    3.720528e-02    5.087300e-05
    4.073803e-05    3.807310e-02    5.235320e-05
    4.168694e-05    3.896118e-02    5.387060e-05
    4.265795e-05    3.986998e-02    5.543793e-05
    4.365158e-05    4.079999e-02    5.704302e-05
    4.466836e-05    4.175169e-02    5.869580e-05
    4.570882e-05    4.272561e-02    6.039628e-05
    4.677351e-05    4.372225e-02    6.214553e-05
    4.786301e-05    4.474214e-02    6.394430e-05
    4.897788e-05    4.578584e-02    6.578885e-05
    5.011872e-05    4.685388e-02    6.769231e-05
    5.128614e-05    4.794686e-02    6.964449e-05
    5.248075e-05    4.906533e-02    7.165938e-05
    5.370318e-05    5.020991e-02    7.372509e-05
    5.495409e-05    5.138120e-02    7.584900e-05
    5.623413e-05    5.257982e-02    7.803530e-05
    5.754399e-05    5.380641e-02    8.028240e-05
    5.888437e-05    5.506163e-02    8.259433e-05
    6.025596e-05    5.634613e-02    8.497370e-05
    6.165950e-05    5.766062e-02    8.741017e-05
    6.309573e-05    5.900578e-02    8.992637e-05
    6.456542e-05    6.038233e-02    9.250364e-05
    6.606934e-05    6.179101e-02    9.516210e-05
    6.760830e-05    6.323257e-02    9.789423e-05
    6.918310e-05    6.470776e-02    1.006992e-04
    7.079458e-05    6.621739e-02    1.035776e-04
    7.244360e-05    6.776225e-02    1.065384e-04
    7.413102e-05    6.934316e-02    1.095897e-04
    7.585776e-05    7.096097e-02    1.127272e-04
    7.762471e-05    7.261653e-02    1.159414e-04
    7.943282e-05    7.431074e-02    1.192460e-04
    8.128305e-05    7.604449e-02    1.226591e-04
    8.317638e-05    7.781870e-02    1.261517e-04
    8.511380e-05    7.963432e-02    1.297463e-04
    8.709636e-05    8.149232e-02    1.334420e-04
    8.912509e-05    8.339369e-02    1.372430e-04
    9.120108e-05    8.533943e-02    1.411318e-04
    9.332543e-05    8.733059e-02    1.451505e-04
    9.549926e-05    8.936822e-02    1.492645e-04
    9.772372e-05    9.145342e-02    1.534925e-04
    1.000000e-04    9.358728e-02    1.578599e-04
    1.023293e-04    9.577096e-02    1.623297e-04
    1.047129e-04    9.800560e-02    1.669272e-04
    1.071519e-04    1.002924e-01    1.716316e-04
    1.096478e-04    1.026326e-01    1.764874e-04
    1.122018e-04    1.050274e-01    1.814841e-04
    1.148154e-04    1.074781e-01    1.865944e-04
    1.174898e-04    1.099860e-01    1.918475e-04
    1.202264e-04    1.125525e-01    1.972759e-04
    1.230269e-04    1.151788e-01    2.028274e-04
    1.258925e-04    1.178665e-01    2.085353e-04
    1.288250e-04    1.206169e-01    2.144011e-04
    1.318257e-04    1.234315e-01    2.204307e-04
    1.348963e-04    1.263119e-01    2.266025e-04
    1.380384e-04    1.292594e-01    2.329723e-04
    1.412538e-04    1.322758e-01    2.394905e-04
    1.445440e-04    1.353626e-01    2.461913e-04
    1.479108e-04    1.385214e-01    2.531071e-04
    1.513561e-04    1.417540e-01    2.601836e-04
    1.548817e-04    1.450620e-01    2.674581e-04
    1.584893e-04    1.484473e-01    2.748936e-04
    1.621810e-04    1.519116e-01    2.825734e-04
    1.659587e-04    1.554568e-01    2.904502e-04
    1.698244e-04    1.590847e-01    2.985421e-04
    1.737801e-04    1.627974e-01    3.068329e-04
    1.778279e-04    1.665967e-01    3.153594e-04
    1.819701e-04    1.704847e-01    3.241125e-04
    1.862087e-04    1.744635e-01    3.331117e-04
    1.905461e-04    1.785352e-01    3.423524e-04
    1.949845e-04    1.827020e-01    3.518527e-04
    1.995262e-04    1.869660e-01    3.615651e-04
    2.041738e-04    1.913260e-01    3.693247e-04
    2.089296e-04    1.957913e-01    3.794903e-04
    2.137962e-04    2.003609e-01    3.899323e-04
    2.187762e-04    2.050371e-01    4.006907e-04
    2.238721e-04    2.098226e-01    4.116823e-04
    2.290868e-04    2.147197e-01    4.229980e-04
    2.344229e-04    2.197313e-01    4.346218e-04
    2.398833e-04    2.248598e-01    4.465684e-04
    2.454709e-04    2.301080e-01    4.587719e-04
    2.511886e-04    2.354788e-01    4.713042e-04
    2.570396e-04    2.409751e-01    4.842059e-04
    2.630268e-04    2.465996e-01    4.974384e-04
    2.691535e-04    2.523554e-01    5.110121e-04
    2.754229e-04    2.582457e-01    5.249161e-04
    2.818383e-04    2.642736e-01    5.235270e-04
    2.884032e-04    2.704420e-01    5.294731e-04
    2.951209e-04    2.767542e-01    5.353877e-04
    3.019952e-04    2.832136e-01    5.412808e-04
    3.090295e-04    2.898237e-01    5.467451e-04
    3.162278e-04    2.965878e-01    5.522382e-04
    3.235937e-04    3.035096e-01    5.577792e-04
    3.311311e-04    3.105928e-01    5.634095e-04
    3.388442e-04    3.178411e-01    5.690908e-04
    3.467369e-04    3.252584e-01    5.743806e-04
    3.548134e-04    3.328486e-01    5.802462e-04
    3.630781e-04    3.406158e-01    5.857088e-04
    3.715352e-04    3.485640e-01    5.917767e-04
    3.801894e-04    3.566974e-01    5.974538e-04
    3.890451e-04    3.650205e-01    6.035069e-04
    3.981072e-04    3.735376e-01    6.096610e-04
    4.073803e-04    3.822532e-01    6.156881e-04
    4.168694e-04    3.911720e-01    6.218586e-04
    4.265795e-04    4.002987e-01    6.286631e-04
    4.365158e-04    4.096381e-01    6.351024e-04
    4.466836e-04    4.191953e-01    6.416823e-04
    4.570882e-04    4.289752e-01    6.484533e-04
    4.677351e-04    4.389831e-01    6.557919e-04
    4.786301e-04    4.492243e-01    6.628528e-04
    4.897788e-04    4.597041e-01    6.700887e-04
    5.011872e-04    4.704283e-01    6.774489e-04
    5.128614e-04    4.814025e-01    6.855724e-04
    5.248075e-04    4.926324e-01    6.933400e-04
    5.370318e-04    5.041242e-01    7.012897e-04
    5.495409e-04    5.158838e-01    7.100070e-04
    5.623413e-04    5.279175e-01    7.183627e-04
    5.754399e-04    5.402317e-01    7.269655e-04
    5.888437e-04    5.528330e-01    7.362667e-04
    6.025596e-04    5.657280e-01    7.453060e-04
    6.165950e-04    5.789236e-01    7.545932e-04
    6.309573e-04    5.924268e-01    7.646826e-04
    6.456542e-04    6.062448e-01    7.744392e-04
    6.606934e-04    6.203848e-01    7.850459e-04
    6.760830e-04    6.348545e-01    7.953585e-04
    6.918310e-04    6.496615e-01    8.065127e-04
    7.079458e-04    6.648136e-01    8.173945e-04
    7.244360e-04    6.803190e-01    8.291270e-04
    7.413102e-04    6.961857e-01    8.410034e-04
    7.585776e-04    7.124224e-01    8.529977e-04
    7.762471e-04    7.290375e-01    8.657296e-04
    7.943282e-04    7.460400e-01    8.786861e-04
    8.128305e-04    7.634388e-01    8.916285e-04
    8.317638e-04    7.812432e-01    9.054032e-04
    8.511380e-04    7.994626e-01    9.195603e-04
    8.709636e-04    8.181068e-01    9.341164e-04
    8.912509e-04    8.371856e-01    9.490625e-04
    9.120108e-04    8.567091e-01    9.644730e-04
    9.332543e-04    8.766878e-01    9.796209e-04
    9.549926e-04    8.971322e-01    9.959073e-04
    9.772372e-04    9.180532e-01    1.013024e-03
    1.000000e-03    9.394620e-01    1.030319e-03
    1.023293e-03    9.613698e-01    1.047970e-03
    1.047129e-03    9.837883e-01    1.066139e-03
    1.071519e-03    1.006729e+00    1.084815e-03
    1.096478e-03    1.030205e+00    1.104019e-03
    1.122018e-03    1.054229e+00    1.124184e-03
    1.148154e-03    1.078812e+00    1.144714e-03
    1.174898e-03    1.103969e+00    1.165642e-03
    1.202264e-03    1.129711e+00    1.187730e-03
    1.230269e-03    1.156054e+00    1.209890e-03
    1.258925e-03    1.183012e+00    1.233246e-03
    1.288250e-03    1.210597e+00    1.256733e-03
    1.318257e-03    1.238826e+00    1.281491e-03
    1.348963e-03    1.267713e+00    1.306294e-03
    1.380384e-03    1.297273e+00    1.332442e-03
    1.412538e-03    1.327523e+00    1.359369e-03
    1.445440e-03    1.358478e+00    1.386456e-03
    1.479108e-03    1.390154e+00    1.414931e-03
    1.513561e-03    1.422569e+00    1.444228e-03
    1.548817e-03    1.455740e+00    1.474377e-03
    1.584893e-03    1.489684e+00    1.505406e-03
    1.621810e-03    1.524419e+00    1.537348e-03
    1.659587e-03    1.559965e+00    1.570186e-03
    1.698244e-03    1.596339e+00    1.604000e-03
    1.737801e-03    1.633561e+00    1.638725e-03
    1.778279e-03    1.671651e+00    1.674491e-03
    1.819701e-03    1.710629e+00    1.711282e-03
    1.862087e-03    1.750516e+00    1.749832e-03
    1.905461e-03    1.791333e+00    1.788821e-03
    1.949845e-03    1.833101e+00    1.828943e-03
    1.995262e-03    1.875844e+00    1.870871e-03
    2.041738e-03    1.919583e+00    1.913332e-03
    2.089296e-03    1.964341e+00    1.957705e-03
    2.137962e-03    2.010144e+00    2.002688e-03
    2.187762e-03    2.057014e+00    2.049637e-03
    2.238721e-03    2.104978e+00    2.097467e-03
    2.290868e-03    2.154059e+00    2.146939e-03
    2.344229e-03    2.204285e+00    2.198060e-03
    2.398833e-03    2.255682e+00    2.250621e-03
    2.454709e-03    2.308278e+00    2.304736e-03
    2.511886e-03    2.362100e+00    2.359693e-03
    2.570396e-03    2.417177e+00    2.416943e-03
    2.630268e-03    2.473538e+00    2.475823e-03
    2.691535e-03    2.531214e+00    2.536383e-03
    2.754229e-03    2.590234e+00    2.598676e-03
    2.818383e-03    2.650631e+00    2.663492e-03
    2.884032e-03    2.712436e+00    2.729428e-03
    2.951209e-03    2.775682e+00    2.797261e-03
    3.019952e-03    2.840403e+00    2.867007e-03
    3.090295e-03    2.906633e+00    2.938766e-03
    3.162278e-03    2.974408e+00    3.013297e-03
    3.235937e-03    3.043763e+00    3.089243e-03
    3.311311e-03    3.114735e+00    3.168075e-03
    3.388442e-03    3.187362e+00    3.248417e-03
    3.467369e-03    3.261683e+00    3.331813e-03
    3.548134e-03    3.337737e+00    3.416770e-03
    3.630781e-03    3.415565e+00    3.504956e-03
    3.715352e-03    3.495208e+00    3.595578e-03
    3.801894e-03    3.576707e+00    3.688073e-03
    3.890451e-03    3.660108e+00    3.783977e-03
    3.981072e-03    3.745453e+00    3.882541e-03
    4.073803e-03    3.832789e+00    3.983955e-03
    4.092607e-03    3.850499e+00    4.004706e-03
    4.111497e-03    3.868291e+00    4.024878e-03
    4.130475e-03    3.886165e+00    4.045837e-03
    4.149540e-03    3.904121e+00    4.067018e-03
    4.168694e-03    3.922161e+00    4.088191e-03
    4.187936e-03    3.940284e+00    4.109589e-03
    4.207266e-03    3.958491e+00    4.130278e-03
    4.226686e-03    3.976782e+00    4.151891e-03
    4.246196e-03    3.995157e+00    4.173615e-03
    4.265795e-03    4.013618e+00    4.195449e-03
    4.285485e-03    4.032163e+00    4.216918e-03
    4.305266e-03    4.050795e+00    4.238736e-03
    4.325138e-03    4.069512e+00    4.260904e-03
    4.345102e-03    4.088316e+00    4.283306e-03
    4.365158e-03    4.107207e+00    4.305701e-03
    4.385307e-03    4.126185e+00    4.327967e-03
    4.405549e-03    4.145251e+00    4.350223e-03
    4.425884e-03    4.164405e+00    4.373084e-03
    4.446313e-03    4.183648e+00    4.396062e-03
    4.466836e-03    4.202979e+00    4.419096e-03
    4.487454e-03    4.222400e+00    4.442249e-03
    4.508167e-03    4.241910e+00    4.464891e-03
    4.528976e-03    4.261511e+00    4.488404e-03
    4.549881e-03    4.281202e+00    4.511975e-03
    4.570882e-03    4.300985e+00    4.535667e-03
    4.591980e-03    4.320858e+00    4.559608e-03
    4.613176e-03    4.340824e+00    4.582772e-03
    4.634469e-03    4.360882e+00    4.606957e-03
    4.655861e-03    4.381032e+00    4.631266e-03
    4.677351e-03    4.401276e+00    4.655636e-03
    4.698941e-03    4.421613e+00    4.680131e-03
    4.720630e-03    4.442044e+00    4.704818e-03
    4.742420e-03    4.462570e+00    4.728903e-03
    4.764310e-03    4.483190e+00    4.753842e-03
    4.786301e-03    4.503906e+00    4.778976e-03
    4.808393e-03    4.524717e+00    4.804174e-03
    4.830588e-03    4.545625e+00    4.829568e-03
    4.852885e-03    4.566629e+00    4.855094e-03
    4.875285e-03    4.587730e+00    4.880277e-03
    4.897788e-03    4.608929e+00    4.905789e-03
    4.920395e-03    4.630226e+00    4.931710e-03
    4.943107e-03    4.651621e+00    4.957834e-03
    4.965923e-03    4.673115e+00    4.984093e-03
    4.988845e-03    4.694709e+00    5.010489e-03
    5.011872e-03    4.716402e+00    5.037022e-03
    5.035006e-03    4.738196e+00    5.062845e-03
    5.058247e-03    4.760090e+00    5.089791e-03
    5.081594e-03    4.782085e+00    5.116735e-03
    5.105050e-03    4.804182e+00    5.143820e-03
    5.128614e-03    4.826381e+00    5.171188e-03
    5.152286e-03    4.848683e+00    5.198555e-03
    5.176068e-03    4.871088e+00    5.226209e-03
    5.199960e-03    4.893596e+00    5.253131e-03
    5.223962e-03    4.916209e+00    5.281069e-03
    5.248075e-03    4.938926e+00    5.309154e-03
    5.272299e-03    4.961748e+00    5.337349e-03
    5.296634e-03    4.984675e+00    5.365728e-03
    5.321083e-03    5.007708e+00    5.394292e-03
    5.345644e-03    5.030848e+00    5.423005e-03
    5.370318e-03    5.054095e+00    5.451832e-03
    5.395106e-03    5.077449e+00    5.480206e-03
    5.420009e-03    5.100911e+00    5.509249e-03
    5.445027e-03    5.124482e+00    5.538602e-03
    5.470160e-03    5.148161e+00    5.568110e-03
    5.495409e-03    5.171950e+00    5.597810e-03
    5.520774e-03    5.195849e+00    5.627667e-03
    5.546257e-03    5.219858e+00    5.657680e-03
    5.571857e-03    5.243978e+00    5.687851e-03
    5.597576e-03    5.268210e+00    5.718220e-03
    5.623413e-03    5.292554e+00    5.748749e-03
    5.649370e-03    5.317010e+00    5.778639e-03
    5.675446e-03    5.341579e+00    5.809526e-03
    5.701643e-03    5.366262e+00    5.840576e-03
    5.727960e-03    5.391059e+00    5.871789e-03
    5.754399e-03    5.415970e+00    5.903208e-03
    5.780960e-03    5.440997e+00    5.934792e-03
    5.807644e-03    5.466139e+00    5.966543e-03
    5.834451e-03    5.491397e+00    5.998504e-03
    5.861382e-03    5.516773e+00    6.030592e-03
    5.888437e-03    5.542265e+00    6.062891e-03
    5.915616e-03    5.567875e+00    6.095362e-03
    5.942922e-03    5.593604e+00    6.128034e-03
    5.970353e-03    5.619452e+00    6.160058e-03
    5.997911e-03    5.645419e+00    6.193086e-03
    6.025596e-03    5.671506e+00    6.226333e-03
    6.053409e-03    5.697713e+00    6.259756e-03
    6.081350e-03    5.724042e+00    6.293357e-03
    6.109420e-03    5.750492e+00    6.327137e-03
    6.137620e-03    5.777065e+00    6.361141e-03
    6.165950e-03    5.803760e+00    6.395325e-03
    6.194411e-03    5.830579e+00    6.429693e-03
    6.223003e-03    5.857522e+00    6.464288e-03
    6.251727e-03    5.884589e+00    6.499067e-03
    6.280584e-03    5.911782e+00    6.534034e-03
    6.309573e-03    5.939100e+00    6.569187e-03
    6.338697e-03    5.966544e+00    6.604574e-03
    6.367955e-03    5.994115e+00    6.640312e-03
    6.397348e-03    6.021814e+00    6.675918e-03
    6.426877e-03    6.049641e+00    6.711051e-03
    6.456542e-03    6.077596e+00    6.747201e-03
    6.486344e-03    6.105680e+00    6.783635e-03
    6.516284e-03    6.133894e+00    6.820221e-03
    6.546362e-03    6.162239e+00    6.857004e-03
    6.576578e-03    6.190715e+00    6.894032e-03
    6.606934e-03    6.219322e+00    6.931260e-03
    6.637431e-03    6.248061e+00    6.968736e-03
    6.668068e-03    6.276934e+00    7.006415e-03
    6.698846e-03    6.305940e+00    7.044252e-03
    6.729767e-03    6.335079e+00    7.082388e-03
    6.760830e-03    6.364354e+00    7.120731e-03
    6.792036e-03    6.393764e+00    7.159235e-03
    6.823387e-03    6.423309e+00    7.197997e-03
    6.854882e-03    6.452992e+00    7.237018e-03
    6.886523e-03    6.482811e+00    7.276204e-03
    6.918310e-03    6.512768e+00    7.315652e-03
    6.950243e-03    6.542864e+00    7.355315e-03
    6.982324e-03    6.573099e+00    7.395196e-03
    7.014553e-03    6.603474e+00    7.435344e-03
    7.046931e-03    6.633988e+00    7.475664e-03
    7.079458e-03    6.664644e+00    7.516303e-03
    7.112135e-03    6.695442e+00    7.557116e-03
    7.144963e-03    6.726382e+00    7.598204e-03
    7.177943e-03    6.757465e+00    7.639468e-03
    7.211075e-03    6.788692e+00    7.681060e-03
    7.244360e-03    6.820063e+00    7.722832e-03
    7.277798e-03    6.851579e+00    7.764885e-03
    7.311391e-03    6.883241e+00    7.807171e-03
    7.345139e-03    6.915049e+00    7.849691e-03
    7.379042e-03    6.947004e+00    7.892499e-03
    7.413102e-03    6.979107e+00    7.935493e-03
    7.447320e-03    7.011358e+00    7.978778e-03
    7.481695e-03    7.043758e+00    8.022304e-03
    7.516229e-03    7.076308e+00    8.066125e-03
    7.550922e-03    7.109009e+00    8.110138e-03
    7.585776e-03    7.141860e+00    8.154450e-03
    7.620790e-03    7.174863e+00    8.199063e-03
    7.655966e-03    7.208019e+00    8.243873e-03
    7.691304e-03    7.241329e+00    8.288935e-03
    7.726806e-03    7.274792e+00    8.334357e-03
    7.762471e-03    7.308410e+00    8.379927e-03
    7.798301e-03    7.342183e+00    8.425862e-03
    7.834296e-03    7.376112e+00    8.472057e-03
    7.870458e-03    7.410198e+00    8.518513e-03
    7.906786e-03    7.444442e+00    8.565231e-03
    7.943282e-03    7.478844e+00    8.612214e-03
    7.979947e-03    7.513405e+00    8.660357e-03
    8.016781e-03    7.548126e+00    8.707967e-03
    8.053784e-03    7.583007e+00    8.755816e-03
    8.090959e-03    7.618049e+00    8.803994e-03
    8.128305e-03    7.653254e+00    8.852391e-03
    8.165824e-03    7.688621e+00    8.901121e-03
    8.203515e-03    7.724151e+00    8.950130e-03
    8.241381e-03    7.759846e+00    8.999421e-03
    8.279422e-03    7.795706e+00    9.049052e-03
    8.317638e-03    7.831732e+00    9.098910e-03
    8.356030e-03    7.867924e+00    9.149172e-03
    8.394600e-03    7.904283e+00    9.199607e-03
    8.433348e-03    7.940811e+00    9.250451e-03
    8.472274e-03    7.977507e+00    9.301590e-03
    8.511380e-03    8.014373e+00    9.353025e-03
    8.550667e-03    8.051409e+00    9.405630e-03
    8.590135e-03    8.088617e+00    9.457729e-03
    8.629785e-03    8.125996e+00    9.510131e-03
    8.669619e-03    8.163548e+00    9.562778e-03
    8.709636e-03    8.201274e+00    9.615855e-03
    8.749838e-03    8.239174e+00    9.669120e-03
    8.790225e-03    8.277250e+00    9.722820e-03
    8.830799e-03    8.315501e+00    9.776836e-03
    8.871560e-03    8.353929e+00    9.831170e-03
    8.912509e-03    8.392535e+00    9.885824e-03
    8.953648e-03    8.431320e+00    9.940801e-03
    8.994976e-03    8.470283e+00    9.997147e-03
    9.036495e-03    8.509427e+00    1.005278e-02
    9.078205e-03    8.548751e+00    1.010881e-02
    9.120108e-03    8.588258e+00    1.016517e-02
    9.162205e-03    8.627947e+00    1.022193e-02
    9.204496e-03    8.667819e+00    1.027903e-02
    9.246982e-03    8.707876e+00    1.033648e-02
    9.289664e-03    8.748118e+00    1.039426e-02
    9.332543e-03    8.788546e+00    1.045335e-02
    9.375620e-03    8.829161e+00    1.051184e-02
    9.418896e-03    8.869963e+00    1.057081e-02
    9.462372e-03    8.910955e+00    1.063000e-02
    9.506048e-03    8.952135e+00    1.068969e-02
    9.549926e-03    8.993506e+00    1.074974e-02
    9.594006e-03    9.035069e+00    1.081009e-02
    9.638290e-03    9.076823e+00    1.087178e-02
    9.682779e-03    9.118770e+00    1.093294e-02
    9.727472e-03    9.160912e+00    1.099454e-02
    9.772372e-03    9.203248e+00    1.105651e-02
    9.817479e-03    9.245780e+00    1.111880e-02
    9.862795e-03    9.288508e+00    1.118161e-02
    9.908319e-03    9.331434e+00    1.124568e-02
    9.954054e-03    9.374559e+00    1.130920e-02
    1.000000e-02    9.417882e+00    1.137311e-02
    1.004616e-02    9.461406e+00    1.143749e-02
    1.009253e-02    9.505131e+00    1.150227e-02
    1.013911e-02    9.549059e+00    1.156746e-02
    1.018591e-02    9.593189e+00    1.163404e-02
    1.023293e-02    9.637524e+00    1.170009e-02
    1.028016e-02    9.682063e+00    1.176666e-02
    1.032761e-02    9.726808e+00    1.183350e-02
    1.037528e-02    9.771760e+00    1.190090e-02
    1.042317e-02    9.816920e+00    1.196965e-02
    1.047129e-02    9.862289e+00    1.203791e-02
    1.051962e-02    9.907867e+00    1.210661e-02
    1.056818e-02    9.953656e+00    1.217574e-02
    1.061696e-02    9.999657e+00    1.224532e-02
    1.066596e-02    1.004587e+01    1.231627e-02
    1.071519e-02    1.009230e+01    1.238682e-02
    1.076465e-02    1.013894e+01    1.245782e-02
    1.081434e-02    1.018580e+01    1.252927e-02
    1.086426e-02    1.023287e+01    1.260094e-02
    1.091440e-02    1.028016e+01    1.267460e-02
    1.096478e-02    1.032767e+01    1.274753e-02
    1.101539e-02    1.037540e+01    1.282094e-02
    1.106624e-02    1.042335e+01    1.289482e-02
    1.111732e-02    1.047152e+01    1.297016e-02
    1.116863e-02    1.051992e+01    1.304502e-02
    1.122018e-02    1.056854e+01    1.312044e-02
    1.127197e-02    1.061738e+01    1.319637e-02
    1.132400e-02    1.066645e+01    1.327369e-02
    1.137627e-02    1.071575e+01    1.335071e-02
    1.142878e-02    1.076527e+01    1.342823e-02
    1.148154e-02    1.081502e+01    1.350627e-02
    1.153453e-02    1.086501e+01    1.358566e-02
    1.158777e-02    1.091522e+01    1.366475e-02
    1.164126e-02    1.096567e+01    1.374445e-02
    1.169499e-02    1.101634e+01    1.382553e-02
    1.174898e-02    1.106726e+01    1.390630e-02
    1.180321e-02    1.111841e+01    1.398762e-02
    1.185769e-02    1.116979e+01    1.407027e-02
    1.191242e-02    1.122142e+01    1.415294e-02
    1.196741e-02    1.127328e+01    1.423594e-02
    1.202264e-02    1.132538e+01    1.431950e-02
    1.207814e-02    1.137772e+01    1.440466e-02
    1.213389e-02    1.143031e+01    1.448946e-02
    1.218990e-02    1.148313e+01    1.457492e-02
    1.224616e-02    1.153620e+01    1.466177e-02
    1.230269e-02    1.158952e+01    1.474842e-02
    1.235947e-02    1.164309e+01    1.483567e-02
    1.241652e-02    1.169690e+01    1.492450e-02
    1.247384e-02    1.175096e+01    1.501289e-02
    1.253141e-02    1.180527e+01    1.510207e-02
    1.258925e-02    1.185983e+01    1.519277e-02
    1.264736e-02    1.191464e+01    1.528321e-02
    1.270574e-02    1.196971e+01    1.537428e-02
    1.276439e-02    1.202503e+01    1.546691e-02
    1.282331e-02    1.208061e+01    1.555929e-02
    1.288250e-02    1.213644e+01    1.565324e-02
    1.294196e-02    1.219253e+01    1.574711e-02
    1.300170e-02    1.224888e+01    1.584148e-02
    1.306171e-02    1.230550e+01    1.593754e-02
    1.312200e-02    1.236237e+01    1.603337e-02
    1.318257e-02    1.241951e+01    1.613090e-02
    1.324342e-02    1.247691e+01    1.622812e-02
    1.330454e-02    1.253457e+01    1.632604e-02
    1.336596e-02    1.259251e+01    1.642570e-02
    1.342765e-02    1.265071e+01    1.652516e-02
    1.348963e-02    1.270918e+01    1.662628e-02
    1.355189e-02    1.276792e+01    1.672729e-02
    1.361445e-02    1.282693e+01    1.682904e-02
    1.367729e-02    1.288621e+01    1.693240e-02
    1.374042e-02    1.294577e+01    1.703567e-02
    1.380384e-02    1.300561e+01    1.714066e-02
    1.386756e-02    1.306572e+01    1.724548e-02
    1.393157e-02    1.312611e+01    1.735204e-02
    1.399587e-02    1.318678e+01    1.745852e-02
    1.406048e-02    1.324772e+01    1.756668e-02
    1.412538e-02    1.330895e+01    1.767478e-02
    1.419058e-02    1.337047e+01    1.778458e-02
    1.425608e-02    1.343227e+01    1.789432e-02
    1.432188e-02    1.349435e+01    1.800588e-02
    1.438799e-02    1.355672e+01    1.811750e-02
    1.445440e-02    1.361938e+01    1.823076e-02
    1.452112e-02    1.368233e+01    1.834391e-02
    1.458814e-02    1.374557e+01    1.845892e-02
    1.465548e-02    1.380910e+01    1.857402e-02
    1.472313e-02    1.387293e+01    1.869080e-02
    1.479108e-02    1.393705e+01    1.880770e-02
    1.485936e-02    1.400147e+01    1.892640e-02
    1.492794e-02    1.406618e+01    1.904523e-02
    1.499685e-02    1.413120e+01    1.916569e-02
    1.506607e-02    1.419652e+01    1.928630e-02
    1.513561e-02    1.426213e+01    1.940886e-02
    1.520548e-02    1.432806e+01    1.953149e-02
    1.527566e-02    1.439428e+01    1.965589e-02
    1.534617e-02    1.446081e+01    1.978138e-02
    1.541700e-02    1.452765e+01    1.990706e-02
    1.548817e-02    1.459480e+01    2.003456e-02
    1.555966e-02    1.466226e+01    2.016218e-02
    1.563148e-02    1.473004e+01    2.029183e-02
    1.570363e-02    1.479812e+01    2.042125e-02
    1.577611e-02    1.486652e+01    2.055327e-02
    1.584893e-02    1.493524e+01    2.068599e-02
    1.592209e-02    1.500427e+01    2.081898e-02
    1.599558e-02    1.507362e+01    2.095407e-02
    1.606941e-02    1.514330e+01    2.109007e-02
    1.614359e-02    1.521330e+01    2.122657e-02
    1.621810e-02    1.528362e+01    2.136492e-02
    1.629296e-02    1.535426e+01    2.150440e-02
    1.636817e-02    1.542523e+01    2.164433e-02
    1.644372e-02    1.549653e+01    2.178625e-02
    1.651962e-02    1.556816e+01    2.192934e-02
    1.659587e-02    1.564013e+01    2.207272e-02
    1.667247e-02    1.571242e+01    2.221822e-02
    1.674943e-02    1.578505e+01    2.236505e-02
    1.682674e-02    1.585801e+01    2.251301e-02
    1.690441e-02    1.593131e+01    2.266141e-02
    1.698244e-02    1.600496e+01    2.281190e-02
    1.706082e-02    1.607894e+01    2.296387e-02
    1.713957e-02    1.615326e+01    2.311611e-02
    1.721869e-02    1.622793e+01    2.327070e-02
    1.729816e-02    1.630294e+01    2.342640e-02
    1.737801e-02    1.637830e+01    2.358360e-02
    1.745822e-02    1.645401e+01    2.374134e-02
    1.753881e-02    1.653007e+01    2.390128e-02
    1.761976e-02    1.660648e+01    2.406260e-02
    1.770109e-02    1.668324e+01    2.422534e-02
    1.778279e-02    1.676036e+01    2.438955e-02
    1.786488e-02    1.683784e+01    2.455443e-02
    1.794734e-02    1.691567e+01    2.472154e-02
    1.803018e-02    1.699387e+01    2.489013e-02
    1.811340e-02    1.707242e+01    2.506026e-02
    1.819701e-02    1.715134e+01    2.523185e-02
    1.828100e-02    1.723063e+01    2.540507e-02
    1.836538e-02    1.731028e+01    2.557904e-02
    1.845015e-02    1.739030e+01    2.575537e-02
    1.853532e-02    1.747069e+01    2.593330e-02
    1.862087e-02    1.755145e+01    2.611282e-02
    1.870682e-02    1.763259e+01    2.629397e-02
    1.879317e-02    1.771410e+01    2.647677e-02
    1.887991e-02    1.779598e+01    2.666128e-02
    1.896706e-02    1.787825e+01    2.684747e-02
    1.905461e-02    1.796090e+01    2.703536e-02
    1.914256e-02    1.804393e+01    2.722498e-02
    1.923092e-02    1.812734e+01    2.741573e-02
    1.931968e-02    1.821114e+01    2.760891e-02
    1.940886e-02    1.829533e+01    2.780389e-02
    1.949845e-02    1.837990e+01    2.800073e-02
    1.958845e-02    1.846487e+01    2.819940e-02
    1.967886e-02    1.855023e+01    2.839988e-02
    1.976970e-02    1.863599e+01    2.860233e-02
    1.986095e-02    1.872214e+01    2.880664e-02
    1.995262e-02    1.880869e+01    2.901287e-02
    2.004472e-02    1.889565e+01    2.922111e-02
    2.013724e-02    1.898300e+01    2.943131e-02
    2.023019e-02    1.907076e+01    2.964353e-02
    2.032357e-02    1.915892e+01    2.985785e-02
    2.041738e-02    1.924750e+01    3.007475e-02
    2.051162e-02    1.933648e+01    3.029310e-02
    2.060630e-02    1.942587e+01    3.051364e-02
    2.070141e-02    1.951568e+01    3.073626e-02
    2.079697e-02    1.960590e+01    3.096108e-02
    2.089296e-02    1.969654e+01    3.118808e-02
    2.098940e-02    1.978761e+01    3.141729e-02
    2.108628e-02    1.987909e+01    3.164878e-02
    2.118361e-02    1.997099e+01    3.188248e-02
    2.128139e-02    2.006332e+01    3.211907e-02
    2.137962e-02    2.015608e+01    3.235742e-02
    2.147830e-02    2.024927e+01    3.259813e-02
    2.157744e-02    2.034288e+01    3.284127e-02
    2.167704e-02    2.043694e+01    3.308682e-02
    2.177710e-02    2.053142e+01    3.333480e-02
    2.187762e-02    2.062635e+01    3.358570e-02
    2.197860e-02    2.072171e+01    3.383871e-02
    2.208005e-02    2.081751e+01    3.409424e-02
    2.218196e-02    2.091376e+01    3.435234e-02
    2.228435e-02    2.101045e+01    3.461347e-02
    2.238721e-02    2.110760e+01    3.487684e-02
    2.249055e-02    2.120519e+01    3.514288e-02
    2.259436e-02    2.130323e+01    3.541162e-02
    2.269865e-02    2.140172e+01    3.568349e-02
    2.280342e-02    2.150068e+01    3.595772e-02
    2.290868e-02    2.160009e+01    3.623477e-02
    2.301442e-02    2.169996e+01    3.651507e-02
    2.312065e-02    2.180029e+01    3.679787e-02
    2.322737e-02    2.190109e+01    3.708363e-02
    2.333458e-02    2.200235e+01    3.737260e-02
    2.344229e-02    2.210408e+01    3.766430e-02
    2.355049e-02    2.220628e+01    3.795903e-02
    2.365920e-02    2.230896e+01    3.825714e-02
    2.376840e-02    2.241211e+01    3.855809e-02
    2.387811e-02    2.251574e+01    3.886243e-02
    2.398833e-02    2.261985e+01    3.916971e-02
    2.409905e-02    2.272444e+01    3.948021e-02
    2.421029e-02    2.282951e+01    3.979426e-02
    2.432204e-02    2.293508e+01    4.011139e-02
    2.443431e-02    2.304113e+01    4.043203e-02
    2.454709e-02    2.314767e+01    4.075591e-02
    2.466039e-02    2.325470e+01    4.108347e-02
    2.477422e-02    2.336223e+01    4.141428e-02
    2.488857e-02    2.347026e+01    4.174883e-02
    2.500345e-02    2.357879e+01    4.208681e-02
    2.511886e-02    2.368782e+01    4.242854e-02
    2.523481e-02    2.379735e+01    4.277381e-02
    2.535129e-02    2.390740e+01    4.312296e-02
    2.546830e-02    2.401795e+01    4.347577e-02
    2.558586e-02    2.412901e+01    4.383248e-02
    2.570396e-02    2.424059e+01    4.419305e-02
    2.582260e-02    2.435269e+01    4.455751e-02
    2.594179e-02    2.446530e+01    4.492595e-02
    2.606154e-02    2.457844e+01    4.529840e-02
    2.618183e-02    2.469210e+01    4.567496e-02
    2.630268e-02    2.480628e+01    4.605563e-02
    2.642409e-02    2.492100e+01    4.644052e-02
    2.654606e-02    2.503624e+01    4.682960e-02
    2.666859e-02    2.515202e+01    4.722295e-02
    2.679168e-02    2.526834e+01    4.762077e-02
    2.691535e-02    2.538519e+01    4.802291e-02
    2.703958e-02    2.550259e+01    4.842949e-02
    2.716439e-02    2.562053e+01    4.884072e-02
    2.728978e-02    2.573902e+01    4.925644e-02
    2.741574e-02    2.585805e+01    4.967675e-02
    2.754229e-02    2.597764e+01    5.010198e-02
    2.766942e-02    2.609778e+01    5.053182e-02
    2.779713e-02    2.621847e+01    5.096645e-02
    2.792544e-02    2.633973e+01    5.140597e-02
    2.805434e-02    2.646155e+01    5.185068e-02
    2.818383e-02    2.658393e+01    5.230024e-02
    2.831392e-02    2.670688e+01    5.275481e-02
    2.844461e-02    2.683040e+01    5.321460e-02
    2.857591e-02    2.695449e+01    5.367957e-02
    2.870781e-02    2.707915e+01    5.415021e-02
    2.884032e-02    2.720440e+01    5.462588e-02
    2.897344e-02    2.733022e+01    5.510699e-02
    2.910717e-02    2.745663e+01    5.559359e-02
    2.924152e-02    2.758362e+01    5.608581e-02
    2.937650e-02    2.771120e+01    5.658365e-02
    2.951209e-02    2.783937e+01    5.708722e-02
    2.964831e-02    2.796814e+01    5.759713e-02
    2.978516e-02    2.809750e+01    5.811247e-02
    2.992265e-02    2.822747e+01    5.863374e-02
    3.006076e-02    2.835803e+01    5.916106e-02
    3.019952e-02    2.848920e+01    5.969453e-02
    3.033891e-02    2.862098e+01    6.023422e-02
    3.047895e-02    2.875337e+01    6.078019e-02
    3.061963e-02    2.888637e+01    6.133257e-02
    3.076097e-02    2.901999e+01    6.189141e-02
    3.090295e-02    2.915423e+01    6.245679e-02
    3.104560e-02    2.928909e+01    6.302884e-02
    3.118890e-02    2.942457e+01    6.360760e-02
    3.133286e-02    2.956069e+01    6.419402e-02
    3.147748e-02    2.969743e+01    6.478574e-02
    3.162278e-02    2.983481e+01    6.538609e-02
    3.176874e-02    2.997282e+01    6.599179e-02
    3.191538e-02    3.011148e+01    6.660664e-02
    3.206269e-02    3.025078e+01    6.722781e-02
    3.221069e-02    3.039072e+01    6.785639e-02
    3.235937e-02    3.053131e+01    6.849249e-02
    3.250873e-02    3.067256e+01    6.913619e-02
    3.265878e-02    3.081446e+01    6.978759e-02
    3.280953e-02    3.095702e+01    7.044682e-02
    3.296097e-02    3.110024e+01    7.111396e-02
    3.311311e-02    3.124412e+01    7.178914e-02
    3.326596e-02    3.138867e+01    7.247136e-02
    3.341950e-02    3.153389e+01    7.316289e-02
    3.357376e-02    3.167978e+01    7.386282e-02
    3.372873e-02    3.182635e+01    7.457120e-02
    3.388442e-02    3.197360e+01    7.528818e-02
    3.404082e-02    3.212154e+01    7.601388e-02
    3.419794e-02    3.227016e+01    7.674841e-02
    3.435579e-02    3.241947e+01    7.749189e-02
    3.451437e-02    3.256947e+01    7.824446e-02
    3.467369e-02    3.272017e+01    7.900621e-02
    3.483373e-02    3.287156e+01    7.977730e-02
    3.499452e-02    3.302366e+01    8.055785e-02
    3.515604e-02    3.317647e+01    8.134797e-02
    3.531832e-02    3.332998e+01    8.214783e-02
    3.548134e-02    3.348421e+01    8.295754e-02
    3.564511e-02    3.363915e+01    8.377723e-02
    3.580964e-02    3.379481e+01    8.460704e-02
    3.597493e-02    3.395119e+01    8.544711e-02
    3.614099e-02    3.410830e+01    8.629759e-02
    3.630781e-02    3.426614e+01    8.715865e-02
    3.647539e-02    3.442471e+01    8.803037e-02
    3.664376e-02    3.458402e+01    8.891296e-02
    3.681290e-02    3.474407e+01    8.980656e-02
    3.698282e-02    3.490485e+01    9.071128e-02
    3.715352e-02    3.506639e+01    9.162728e-02
    3.732502e-02    3.522868e+01    9.255475e-02
    3.749730e-02    3.539171e+01    9.349387e-02
    3.767038e-02    3.555551e+01    9.444475e-02
    3.784426e-02    3.572007e+01    9.540758e-02
    3.801894e-02    3.588539e+01    9.638290e-02
    3.819443e-02    3.605147e+01    9.737168e-02
    3.837072e-02    3.621833e+01    9.837133e-02
    3.854784e-02    3.638597e+01    9.938360e-02
    3.872576e-02    3.655438e+01    1.004087e-01
    3.890451e-02    3.672357e+01    1.014468e-01
    3.908409e-02    3.689355e+01    1.024980e-01
    3.926449e-02    3.706432e+01    1.035626e-01
    3.944573e-02    3.723589e+01    1.046428e-01
    3.962780e-02    3.740825e+01    1.057347e-01
    3.981072e-02    3.758141e+01    1.068404e-01
    3.999447e-02    3.775537e+01    1.079602e-01
    4.017908e-02    3.793015e+01    1.090964e-01
    4.036454e-02    3.810573e+01    1.102453e-01
    4.055085e-02    3.828213e+01    1.114086e-01
    4.226767e-02    3.990924e+01    1.109995e-01
    4.326994e-02    4.085829e+01    1.170673e-01
    4.429650e-02    4.183048e+01    1.235324e-01
    4.534795e-02    4.282641e+01    1.304230e-01
    4.642492e-02    4.384668e+01    1.377689e-01
    4.752805e-02    4.489191e+01    1.456025e-01
    4.865802e-02    4.596276e+01    1.539586e-01
    4.981549e-02    4.705989e+01    1.628743e-01
    5.100118e-02    4.818399e+01    1.723894e-01
    5.221580e-02    4.933574e+01    1.825467e-01
    5.346009e-02    5.051586e+01    1.933921e-01
    5.473480e-02    5.172512e+01    2.049747e-01
    5.604071e-02    5.296426e+01    2.173474e-01
    5.737862e-02    5.423406e+01    2.305668e-01
    5.874935e-02    5.553536e+01    2.446937e-01
    6.015375e-02    5.686895e+01    2.597931e-01
    6.159268e-02    5.823571e+01    2.759352e-01
    6.306703e-02    5.963651e+01    2.931950e-01
    6.457770e-02    6.107225e+01    3.116530e-01
    6.612566e-02    6.254389e+01    3.313958e-01
    6.771184e-02    6.405235e+01    3.525159e-01
    6.933726e-02    6.559864e+01    3.751132e-01
    7.100291e-02    6.718378e+01    3.992946e-01
    7.270984e-02    6.880881e+01    4.251746e-01
    7.445914e-02    7.047480e+01    4.528765e-01
    7.625188e-02    7.218287e+01    4.825328e-01
    7.808922e-02    7.393417e+01    5.142852e-01
    7.997230e-02    7.572987e+01    5.482862e-01
    8.190232e-02    7.757117e+01    5.846995e-01
    8.388051e-02    7.945933e+01    6.237008e-01
    8.590813e-02    8.139565e+01    6.654790e-01
    8.798645e-02    8.338144e+01    7.102365e-01
    9.011682e-02    8.541808e+01    7.581910e-01
    9.230058e-02    8.750697e+01    8.095762e-01
    9.453915e-02    8.964957e+01    8.646430e-01
    9.683394e-02    9.184736e+01    9.236610e-01
    9.918644e-02    9.410191e+01    9.869196e-01
    1.015981e-01    9.641479e+01    1.054730e+00
    1.040706e-01    9.878766e+01    1.127425e+00
    1.066054e-01    1.012222e+02    1.205364e+00
    1.078967e-01    1.024632e+02    1.246420e+00
    1.092043e-01    1.037202e+02    1.288933e+00
    1.105282e-01    1.049935e+02    1.332956e+00
    1.118687e-01    1.062834e+02    1.378544e+00
    1.132261e-01    1.075900e+02    1.425753e+00
    1.146005e-01    1.089136e+02    1.474642e+00
    1.159923e-01    1.102545e+02    1.525272e+00
    1.174018e-01    1.116132e+02    1.577686e+00
    1.188385e-01    1.129987e+02    1.631505e+00
    1.202995e-01    1.144082e+02    1.686954e+00
    1.217831e-01    1.158403e+02    1.744209e+00
    1.232888e-01    1.172945e+02    1.803388e+00
    1.248165e-01    1.187707e+02    1.864594e+00
    1.263662e-01    1.202688e+02    1.927924e+00
    1.279380e-01    1.217891e+02    1.993477e+00
    1.295319e-01    1.233316e+02    2.061351e+00
    1.311480e-01    1.248965e+02    2.131645e+00
    1.327865e-01    1.264841e+02    2.204461e+00
    1.344478e-01    1.280945e+02    2.279903e+00
    1.361319e-01    1.297281e+02    2.358080e+00
    1.378390e-01    1.313850e+02    2.439104e+00
    1.395695e-01    1.330656e+02    2.523087e+00
    1.413234e-01    1.347701e+02    2.610149e+00
    1.431013e-01    1.364989e+02    2.700412e+00
    1.449031e-01    1.382522e+02    2.794005e+00
    1.467293e-01    1.400304e+02    2.891058e+00
    1.485801e-01    1.418338e+02    2.991708e+00
    1.504559e-01    1.436628e+02    3.096096e+00
    1.523567e-01    1.455176e+02    3.204367e+00
    1.542830e-01    1.473987e+02    3.316676e+00
    1.562351e-01    1.493062e+02    3.433177e+00
    1.582131e-01    1.512409e+02    3.554034e+00
    1.602177e-01    1.532029e+02    3.679418e+00
    1.622488e-01    1.551926e+02    3.809501e+00
    1.643069e-01    1.572103e+02    3.944467e+00
    1.663925e-01    1.592567e+02    4.084504e+00
    1.685055e-01    1.613319e+02    4.229807e+00
    1.706465e-01    1.634365e+02    4.380578e+00
    1.728158e-01    1.655708e+02    4.537029e+00
    1.750138e-01    1.677355e+02    4.699375e+00
    1.772408e-01    1.699306e+02    4.867844e+00
    1.794970e-01    1.721569e+02    5.042668e+00
    1.817829e-01    1.744146e+02    5.224091e+00
    1.840989e-01    1.767044e+02    5.412363e+00
    1.864451e-01    1.790267e+02    5.607747e+00
    1.888222e-01    1.813819e+02    5.810511e+00
    1.912303e-01    1.837706e+02    6.020935e+00
    1.936699e-01    1.861933e+02    6.239310e+00
    1.961414e-01    1.886503e+02    6.465938e+00
    1.986451e-01    1.911424e+02    6.701128e+00
    2.011813e-01    1.936701e+02    6.945204e+00
    2.037506e-01    1.962337e+02    7.198501e+00
    2.063533e-01    1.988340e+02    7.461366e+00
    2.089898e-01    2.014714e+02    7.734156e+00
    2.116604e-01    2.041467e+02    8.017247e+00
    2.143657e-01    2.068601e+02    8.311021e+00
    2.171058e-01    2.096126e+02    8.615880e+00
    2.198814e-01    2.124046e+02    8.932236e+00
    2.226928e-01    2.152367e+02    9.260517e+00
    2.255405e-01    2.181095e+02    9.601169e+00
    2.284249e-01    2.210239e+02    9.954650e+00
    2.313463e-01    2.239803e+02    1.032143e+01
    2.343052e-01    2.269795e+02    1.070202e+01
    2.373021e-01    2.300220e+02    1.109691e+01
    2.403375e-01    2.331088e+02    1.150664e+01
    2.434116e-01    2.362403e+02    1.193175e+01
    2.465251e-01    2.394174e+02    1.237281e+01
    2.496782e-01    2.426409e+02    1.283040e+01
    2.528716e-01    2.459115e+02    1.330514e+01
    2.561058e-01    2.492298e+02    1.379764e+01
    2.593810e-01    2.525967e+02    1.430856e+01
    2.626978e-01    2.560132e+02    1.483858e+01
    2.660567e-01    2.594798e+02    1.538838e+01
    2.694581e-01    2.629976e+02    1.595868e+01
    2.729026e-01    2.665672e+02    1.655024e+01
    2.763907e-01    2.701897e+02    1.716383e+01
    2.799227e-01    2.738659e+02    1.780021e+01
    2.834993e-01    2.775967e+02    1.846026e+01
    2.871210e-01    2.813831e+02    1.914479e+01
    2.907881e-01    2.852259e+02    1.985470e+01
    2.945013e-01    2.891264e+02    2.059090e+01
    2.982610e-01    2.930852e+02    2.135431e+01
    3.020678e-01    2.971035e+02    2.214595e+01
    3.059223e-01    3.011824e+02    2.296679e+01
    3.098248e-01    3.053228e+02    2.381789e+01
    3.137760e-01    3.095259e+02    2.470032e+01
    3.177764e-01    3.137928e+02    2.561520e+01
    3.218265e-01    3.181246e+02    2.656367e+01
    3.259269e-01    3.225224e+02    2.754692e+01
    3.300782e-01    3.269876e+02    2.856619e+01
    3.342807e-01    3.315213e+02    2.962274e+01
    3.385352e-01    3.361246e+02    3.071788e+01
    3.428423e-01    3.407989e+02    3.185297e+01
    3.472024e-01    3.455456e+02    3.302942e+01
    3.516161e-01    3.503658e+02    3.424866e+01
    3.560841e-01    3.552611e+02    3.551220e+01
    3.606068e-01    3.602326e+02    3.682156e+01
    3.651850e-01    3.652820e+02    3.817836e+01
    3.698191e-01    3.704107e+02    3.958422e+01
    3.745098e-01    3.756201e+02    4.104087e+01
    3.792575e-01    3.809117e+02    4.255004e+01
    3.840631e-01    3.862872e+02    4.411354e+01
    3.889270e-01    3.917481e+02    4.573326e+01
    3.938499e-01    3.972962e+02    4.741112e+01
    3.988324e-01    4.029329e+02    4.914910e+01
    4.038751e-01    4.086601e+02    5.094927e+01
    4.089785e-01    4.144796e+02    5.281374e+01
    4.141435e-01    4.203931e+02    5.474471e+01
    4.193705e-01    4.264024e+02    5.674443e+01
    4.246603e-01    4.325096e+02    5.881523e+01
    4.300133e-01    4.387164e+02    6.095953e+01
    4.354303e-01    4.450249e+02    6.317978e+01
    4.409121e-01    4.514372e+02    6.547855e+01
    4.464591e-01    4.579552e+02    6.785848e+01
    4.520720e-01    4.645811e+02    7.032229e+01
    4.577515e-01    4.713172e+02    7.287278e+01
    4.634983e-01    4.781656e+02    7.551284e+01
    4.693131e-01    4.851287e+02    7.824544e+01
    4.751963e-01    4.922087e+02    8.107365e+01
    4.811489e-01    4.994082e+02    8.400066e+01
    4.871714e-01    5.067294e+02    8.702971e+01
    4.932645e-01    5.141750e+02    9.016416e+01
    4.994289e-01    5.217477e+02    9.340749e+01
    5.056653e-01    5.294500e+02    9.676325e+01
    5.119744e-01    5.372846e+02    1.002351e+02
    5.183568e-01    5.452543e+02    1.038269e+02
    5.248133e-01    5.533621e+02    1.075424e+02
    5.313446e-01    5.616106e+02    1.113858e+02
    5.379512e-01    5.700032e+02    1.153612e+02
    5.446341e-01    5.785426e+02    1.194728e+02
    5.513938e-01    5.872323e+02    1.237249e+02
    5.582311e-01    5.960752e+02    1.281221e+02
    5.651468e-01    6.050749e+02    1.326691e+02
    5.721414e-01    6.142344e+02    1.373706e+02
    5.792157e-01    6.235576e+02    1.422315e+02
    5.863704e-01    6.330479e+02    1.472570e+02
    5.936064e-01    6.427088e+02    1.524522e+02
    6.009242e-01    6.525442e+02    1.578225e+02
    6.083247e-01    6.625578e+02    1.633733e+02
    6.158085e-01    6.727537e+02    1.691103e+02
    6.233762e-01    6.831357e+02    1.750395e+02
    6.310290e-01    6.937081e+02    1.811667e+02
    6.387671e-01    7.044751e+02    1.874982e+02
    6.465916e-01    7.154409e+02    1.940403e+02
    6.545030e-01    7.266100e+02    2.007994e+02
    6.625023e-01    7.379869e+02    2.077823e+02
    6.705900e-01    7.495764e+02    2.149958e+02
    6.787668e-01    7.613831e+02    2.224471e+02
    6.870337e-01    7.734119e+02    2.301433e+02
    6.953913e-01    7.856679e+02    2.380920e+02
    7.038403e-01    7.981561e+02    2.463008e+02
    7.123816e-01    8.108818e+02    2.547775e+02
    7.210157e-01    8.238503e+02    2.635302e+02
    7.297436e-01    8.370673e+02    2.725674e+02
    7.385658e-01    8.505382e+02    2.818973e+02
    7.474832e-01    8.642689e+02    2.915288e+02
    7.564965e-01    8.782653e+02    3.014710e+02
    7.656065e-01    8.925334e+02    3.117329e+02
    7.748139e-01    9.070793e+02    3.223240e+02
    7.841194e-01    9.219096e+02    3.332540e+02
    7.935238e-01    9.370307e+02    3.445329e+02
    8.030277e-01    9.524491e+02    3.561710e+02
    8.126321e-01    9.681717e+02    3.681784e+02
    8.223376e-01    9.842054e+02    3.805661e+02
    8.321449e-01    1.000558e+03    3.933452e+02
    8.420548e-01    1.017235e+03    4.065267e+02
    8.520680e-01    1.034246e+03    4.201224e+02
    8.621852e-01    1.051597e+03    4.341440e+02
    8.724072e-01    1.069297e+03    4.486036e+02
    8.827348e-01    1.087354e+03    4.635138e+02
    8.931685e-01    1.105775e+03    4.788873e+02
    9.037093e-01    1.124569e+03    4.947371e+02
    9.143577e-01    1.143745e+03    5.110765e+02
    9.251146e-01    1.163312e+03    5.279193e+02
    9.359806e-01    1.183277e+03    5.452796e+02
    9.469565e-01    1.203651e+03    5.631716e+02
    9.580429e-01    1.224443e+03    5.816102e+02
    9.692407e-01    1.245664e+03    6.006102e+02
    9.805505e-01    1.267320e+03    6.201872e+02
    9.919730e-01    1.289425e+03    6.403568e+02
    1.003509e+00    1.311986e+03    6.611353e+02
    1.015159e+00    1.335017e+03    6.825390e+02
    1.026924e+00    1.358525e+03    7.045850e+02
    1.038804e+00    1.382524e+03    7.272904e+02
    1.050801e+00    1.407024e+03    7.506729e+02
    1.062915e+00    1.432036e+03    7.747505e+02
    1.075147e+00    1.457571e+03    7.995418e+02
    1.087496e+00    1.483644e+03    8.250657e+02
    1.099965e+00    1.510264e+03    8.513414e+02
    1.112554e+00    1.537446e+03    8.783886e+02
    1.125263e+00    1.565201e+03    9.062276e+02
    1.138093e+00    1.593541e+03    9.348788e+02
    1.151045e+00    1.622484e+03    9.643635e+02
    1.164120e+00    1.652038e+03    9.947032e+02
    1.177318e+00    1.682220e+03    1.025920e+03
    1.190639e+00    1.713045e+03    1.058036e+03
    1.204086e+00    1.744525e+03    1.091074e+03
    1.217658e+00    1.776676e+03    1.125059e+03
    1.231355e+00    1.809514e+03    1.160013e+03
    1.245180e+00    1.843054e+03    1.195962e+03
    1.259132e+00    1.877311e+03    1.232930e+03
    1.273213e+00    1.912303e+03    1.270944e+03
    1.287422e+00    1.948044e+03    1.310028e+03
    1.301760e+00    1.984553e+03    1.350210e+03
    1.316229e+00    2.021847e+03    1.391518e+03
    1.330829e+00    2.059943e+03    1.433979e+03
    1.345561e+00    2.098860e+03    1.477620e+03
    1.360425e+00    2.138616e+03    1.522472e+03
    1.375423e+00    2.179229e+03    1.568565e+03
    1.390556e+00    2.220719e+03    1.615928e+03
    1.405822e+00    2.263107e+03    1.664594e+03
    1.421225e+00    2.306411e+03    1.714592e+03
    1.436763e+00    2.350654e+03    1.765955e+03
    1.452439e+00    2.395855e+03    1.818717e+03
    1.468254e+00    2.442037e+03    1.872913e+03
    1.484207e+00    2.489220e+03    1.928576e+03
    1.500300e+00    2.537430e+03    1.985741e+03
    1.516533e+00    2.586688e+03    2.044445e+03
    1.532909e+00    2.637018e+03    2.104725e+03
    1.549428e+00    2.688445e+03    2.166619e+03
    1.566089e+00    2.740992e+03    2.230165e+03
    1.582895e+00    2.794686e+03    2.295403e+03
    1.599846e+00    2.849554e+03    2.362374e+03
    1.616944e+00    2.905620e+03    2.431119e+03
    1.634190e+00    2.962914e+03    2.501681e+03
    1.651584e+00    3.021462e+03    2.574102e+03
    1.669128e+00    3.081293e+03    2.648429e+03
    1.686824e+00    3.142438e+03    2.724704e+03
    1.704671e+00    3.204927e+03    2.802978e+03
    1.722672e+00    3.268788e+03    2.883297e+03
    1.740827e+00    3.334058e+03    2.965710e+03
    1.759138e+00    3.400765e+03    3.050268e+03
    1.777607e+00    3.468945e+03    3.137022e+03
    1.796234e+00    3.538631e+03    3.226025e+03
    1.815021e+00    3.609859e+03    3.317332e+03
    1.833971e+00    3.682666e+03    3.410999e+03
    1.853082e+00    3.757088e+03    3.507082e+03
