0.001 0.0462131 0.0153963
0.00101 0.0468302 0.0156019
0.0010201 0.0474555 0.0158103
0.0010303 0.0480892 0.0160215
0.0010406 0.0487314 0.0162355
0.00105101 0.0493822 0.0164524
0.00106152 0.0500416 0.0166722
0.00107214 0.0507099 0.0168948
0.00108286 0.051387 0.0171205
0.00109369 0.0520732 0.0173492
0.00110462 0.0527686 0.0175809
0.00111567 0.0534733 0.0178158
0.00112683 0.0541874 0.0180537
0.00113809 0.054911 0.0182949
0.00114947 0.0556443 0.0185393
0.00116097 0.0563873 0.0187869
0.00117258 0.0571403 0.0190378
0.0011843 0.0579034 0.0192921
0.00119615 0.0586766 0.0195498
0.00120811 0.0594602 0.0198109
0.00122019 0.0602542 0.0200756
0.00123239 0.0610588 0.0203437
0.00124472 0.0618742 0.0206154
0.00125716 0.0627005 0.0208908
0.00126973 0.0635378 0.0211699
0.00128243 0.0643863 0.0214526
0.00129526 0.0652461 0.0217392
0.00130821 0.0661174 0.0220295
0.00132129 0.0670003 0.0223238
0.0013345 0.067895 0.022622
0.00134785 0.0688017 0.0229241
0.00136133 0.0697205 0.0232303
0.00137494 0.0706515 0.0235406
0.00138869 0.071595 0.0238551
0.00140258 0.0725511 0.0241737
0.0014166 0.07352 0.0244966
0.00143077 0.0745018 0.0248238
0.00144508 0.0754967 0.0251553
0.00145953 0.0765049 0.0254913
0.00147412 0.0775265 0.0258318
0.00148886 0.0785618 0.0261769
0.00150375 0.079611 0.0265265
0.00151879 0.0806741 0.0268808
0.00153398 0.0817514 0.0272399
0.00154932 0.0828432 0.0276037
0.00156481 0.0839495 0.0279724
0.00158046 0.0850706 0.028346
0.00159626 0.0862066 0.0287247
0.00161223 0.0873578 0.0291083
0.00162835 0.0885244 0.0294971
0.00164463 0.0897066 0.0298911
0.00166108 0.0909046 0.0302904
0.00167769 0.0921185 0.030695
0.00169447 0.0933487 0.031105
0.00171141 0.0945953 0.0315204
0.00172852 0.0958586 0.0319414
0.00174581 0.0971387 0.0323681
0.00176327 0.0984359 0.0328004
0.0017809 0.0997505 0.0332385
0.00179871 0.101083 0.0336825
0.0018167 0.102432 0.0341324
0.00183486 0.1038 0.0345883
0.00185321 0.105187 0.0350503
0.00187174 0.106591 0.0355184
0.00189046 0.108015 0.0359928
0.00190937 0.109457 0.0364736
0.00192846 0.110919 0.0369608
0.00194774 0.1124 0.0374544
0.00196722 0.113901 0.0379547
0.00198689 0.115422 0.0384617
0.00200676 0.116964 0.0389754
0.00202683 0.118526 0.039496
0.0020471 0.120109 0.0400235
0.00206757 0.121713 0.0405581
0.00208825 0.123338 0.0410998
0.00210913 0.124985 0.0416488
0.00213022 0.126654 0.0422051
0.00215152 0.128346 0.0427688
0.00217304 0.13006 0.04334
0.00219477 0.131796 0.0439189
0.00221672 0.133556 0.0445055
0.00223888 0.13534 0.0451
0.00226127 0.137147 0.0457024
0.00228388 0.138979 0.0463128
0.00230672 0.140835 0.0469314
0.00232979 0.142716 0.0475582
0.00235309 0.144622 0.0481934
0.00237662 0.146553 0.0488371
0.00240038 0.14851 0.0494894
0.00242439 0.150493 0.0501505
0.00244863 0.152503 0.0508203
0.00247312 0.15454 0.0514991
0.00249785 0.156604 0.0521869
0.00252283 0.158695 0.052884
0.00254806 0.160814 0.0535903
0.00257354 0.162962 0.0543061
0.00259927 0.165138 0.0550315
0.00262527 0.167344 0.0557665
0.00265152 0.169578 0.0565113
0.00267803 0.171843 0.0572661
0.00270481 0.174138 0.058031
0.00273186 0.176464 0.0588061
0.00275918 0.17882 0.0595916
0.00278677 0.181208 0.0603875
0.00281464 0.183628 0.0611941
0.00284279 0.186081 0.0620114
0.00287121 0.188566 0.0628397
0.00289993 0.191084 0.063679
0.00292893 0.193636 0.0645295
0.00295822 0.196222 0.0653914
0.0029878 0.198842 0.0662648
0.00301768 0.201498 0.0671499
0.00304785 0.204189 0.0680468
0.00307833 0.206915 0.0689557
0.00310911 0.209679 0.0698767
0.0031402 0.212479 0.07081
0.00317161 0.215316 0.0717558
0.00320332 0.218192 0.0727142
0.00323536 0.221106 0.0736854
0.00326771 0.224059 0.0746696
0.00330039 0.227051 0.0756669
0.00333339 0.230083 0.0766775
0.00336672 0.233156 0.0777017
0.00340039 0.23627 0.0787395
0.0034344 0.239425 0.0797912
0.00346874 0.242622 0.0808569
0.00350343 0.245863 0.0819369
0.00353846 0.249146 0.0830313
0.00357385 0.252473 0.0841403
0.00360958 0.255845 0.0852641
0.00364568 0.259262 0.0864029
0.00368214 0.262724 0.0875569
0.00371896 0.266233 0.0887264
0.00375615 0.269788 0.0899115
0.00379371 0.273391 0.0911124
0.00383165 0.277042 0.0923293
0.00386996 0.280742 0.0935625
0.00390866 0.284492 0.0948121
0.00394775 0.288291 0.0960785
0.00398723 0.292141 0.0973618
0.0040271 0.296042 0.0986622
0.00406737 0.299996 0.0999799
0.00410804 0.304003 0.101315
0.00414912 0.308062 0.102669
0.00419062 0.312177 0.10404
0.00423252 0.316346 0.105429
0.00427485 0.32057 0.106838
0.0043176 0.324852 0.108265
0.00436077 0.32919 0.109711
0.00440438 0.333586 0.111176
0.00444842 0.338041 0.112661
0.00449291 0.342556 0.114166
0.00453784 0.347131 0.11569
0.00458321 0.351767 0.117236
0.00462905 0.356464 0.118801
0.00467534 0.361225 0.120388
0.00472209 0.366049 0.121996
0.00476931 0.370938 0.123626
0.004817 0.375891 0.125277
0.00486517 0.380911 0.12695
0.00491383 0.385999 0.128646
0.00496296 0.391154 0.130364
0.00501259 0.396377 0.132105
0.00506272 0.401671 0.133869
0.00511335 0.407035 0.135657
0.00516448 0.412471 0.137469
0.00521613 0.41798 0.139305
0.00526829 0.423562 0.141166
0.00532097 0.429219 0.143052
0.00537418 0.434951 0.144962
0.00542792 0.44076 0.146898
0.0054822 0.446646 0.14886
0.00553702 0.452611 0.150849
0.00559239 0.458656 0.152863
0.00564832 0.464781 0.154905
0.0057048 0.470988 0.156974
0.00576185 0.477278 0.159071
0.00581947 0.483652 0.161195
0.00587766 0.490111 0.163348
0.00593644 0.496657 0.16553
0.0059958 0.50329 0.167741
0.00605576 0.510011 0.169981
0.00611632 0.516822 0.172252
0.00617748 0.523725 0.174552
0.00623926 0.530719 0.176884
0.00630165 0.537807 0.179246
0.00636466 0.544989 0.18164
0.00642831 0.552268 0.184066
0.00649259 0.559643 0.186525
0.00655752 0.567117 0.189016
0.0066231 0.574691 0.191541
0.00668933 0.582366 0.194099
0.00675622 0.590144 0.196691
0.00682378 0.598025 0.199318
0.00689202 0.606012 0.20198
0.00696094 0.614105 0.204678
0.00703055 0.622307 0.207412
0.00710085 0.630618 0.210182
0.00717186 0.63904 0.212989
0.00724358 0.647574 0.215834
0.00731602 0.656223 0.218717
0.00738918 0.664987 0.221638
0.00746307 0.673868 0.224598
0.0075377 0.682867 0.227598
0.00761308 0.691987 0.230638
0.00768921 0.701229 0.233719
0.0077661 0.710594 0.23684
0.00784376 0.720084 0.240003
0.0079222 0.729701 0.243209
0.00800142 0.739446 0.246457
0.00808144 0.749321 0.249749
0.00816225 0.759329 0.253085
0.00824387 0.769469 0.256465
0.00832631 0.779746 0.259891
0.00840957 0.79016 0.263362
0.00849367 0.800712 0.266879
0.00857861 0.811406 0.270444
0.00866439 0.822242 0.274056
0.00875104 0.833224 0.277716
0.00883855 0.844352 0.281426
0.00892693 0.855628 0.285184
0.0090162 0.867055 0.288993
0.00910636 0.878635 0.292853
0.00919743 0.890369 0.296765
0.0092894 0.90226 0.300728
0.0093823 0.91431 0.304745
0.00947612 0.926521 0.308815
0.00957088 0.938895 0.31294
0.00966659 0.951434 0.31712
0.00976325 0.964141 0.321355
0.00986089 0.977017 0.325647
0.0099595 0.990065 0.329997
0.0100591 1.00329 0.334404
0.0101597 1.01669 0.338871
0.0102613 1.03027 0.343397
0.0103639 1.04402 0.347983
0.0104675 1.05797 0.352631
0.0105722 1.0721 0.357341
0.0106779 1.08642 0.362114
0.0107847 1.10092 0.36695
0.0108926 1.11563 0.371851
0.0110015 1.13053 0.376818
0.0111115 1.14563 0.381851
0.0112226 1.16093 0.386951
0.0113348 1.17643 0.392119
0.0114482 1.19214 0.397356
0.0115627 1.20806 0.402663
0.0116783 1.2242 0.408041
0.0117951 1.24055 0.413491
0.011913 1.25712 0.419014
0.0120322 1.2739 0.424611
0.0121525 1.29092 0.430282
0.012274 1.30816 0.436029
0.0123967 1.32563 0.441852
0.0125207 1.34333 0.447754
0.0126459 1.36127 0.453734
0.0127724 1.37945 0.459795
0.0129001 1.39788 0.465936
0.0130291 1.41655 0.472159
0.0131594 1.43547 0.478465
0.013291 1.45464 0.484856
0.0134239 1.47406 0.491332
0.0135581 1.49375 0.497894
0.0136937 1.5137 0.504544
0.0138307 1.53392 0.511283
0.013969 1.5544 0.518112
0.0141086 1.57516 0.525032
0.0142497 1.5962 0.532044
0.0143922 1.61752 0.53915
0.0145362 1.63912 0.546351
0.0146815 1.66101 0.553649
0.0148283 1.68319 0.561043
0.0149766 1.70567 0.568537
0.0151264 1.72845 0.57613
0.0152776 1.75154 0.583825
0.0154304 1.77493 0.591623
0.0155847 1.79863 0.599525
0.0157406 1.82266 0.607532
0.015898 1.847 0.615647
0.016057 1.87167 0.62387
0.0162175 1.89666 0.632202
0.0163797 1.92199 0.640646
0.0165435 1.94766 0.649203
0.0167089 1.97367 0.657874
0.016876 2.00003 0.666661
0.0170448 2.02674 0.675565
0.0172152 2.05381 0.684588
0.0173874 2.08124 0.693731
0.0175613 2.10904 0.702997
0.0177369 2.1372 0.712387
0.0179142 2.16575 0.721902
0.0180934 2.19467 0.731543
0.0182743 2.22398 0.741314
0.0184571 2.25369 0.751216
0.0186416 2.28378 0.761249
0.018828 2.31429 0.771417
0.0190163 2.34519 0.78172
0.0192065 2.37651 0.792161
0.0193986 2.40825 0.802741
0.0195925 2.44042 0.813463
0.0197885 2.47301 0.824328
0.0199864 2.50604 0.835338
0.0201862 2.53951 0.846495
0.0203881 2.57342 0.857801
0.020592 2.60779 0.869258
0.0207979 2.64262 0.880868
0.0210059 2.67792 0.892634
0.0212159 2.71368 0.904556
0.0214281 2.74992 0.916637
0.0216424 2.78665 0.92888
0.0218588 2.82387 0.941287
0.0220774 2.86158 0.953859
0.0222981 2.8998 0.966599
0.0225211 2.93853 0.97951
0.0227463 2.97777 0.992592
0.0229738 3.01754 1.00585
0.0232035 3.05784 1.01928
0.0234356 3.09868 1.0329
0.0236699 3.14007 1.04669
0.0239066 3.182 1.06067
0.0241457 3.2245 1.07484
0.0243871 3.26757 1.0892
0.024631 3.31121 1.10374
0.0248773 3.35543 1.11849
0.0251261 3.40024 1.13343
0.0253774 3.44565 1.14856
0.0256311 3.49167 1.16391
0.0258874 3.53831 1.17945
0.0261463 3.58556 1.1952
0.0264078 3.63345 1.21117
0.0266719 3.68198 1.22734
0.0269386 3.73115 1.24374
0.027208 3.78098 1.26035
0.02748 3.83148 1.27718
0.0277548 3.88265 1.29424
0.0280324 3.93451 1.31153
0.0283127 3.98705 1.32905
0.0285958 4.0403 1.3468
0.0288818 4.09426 1.36479
0.0291706 4.14895 1.38301
0.0294623 4.20436 1.40149
0.029757 4.26051 1.42021
0.0300545 4.31741 1.43918
0.0303551 4.37507 1.4584
0.0306586 4.4335 1.47788
0.0309652 4.49272 1.49762
0.0312749 4.55272 1.51762
0.0315876 4.61352 1.53789
0.0319035 4.67514 1.55843
0.0322225 4.73758 1.57925
0.0325447 4.80085 1.60034
0.0328702 4.86497 1.62171
0.0331989 4.92995 1.64337
0.0335309 4.99579 1.66532
0.0338662 5.06251 1.68757
0.0342049 5.13012 1.71011
0.0345469 5.19864 1.73295
0.0348924 5.26807 1.75609
0.0352413 5.33843 1.77955
0.0355937 5.40973 1.80332
0.0359496 5.48198 1.8274
0.0363091 5.55519 1.85181
0.0366722 5.62939 1.87655
0.037039 5.70457 1.90161
0.0374093 5.78076 1.92701
0.0377834 5.85796 1.95275
0.0381613 5.9362 1.97883
0.0385429 6.01548 2.00526
0.0389283 6.09582 2.03204
0.0393176 6.17724 2.05919
0.0397108 6.25974 2.08669
0.0401079 6.34334 2.11456
0.040509 6.42806 2.1428
0.040914 6.51391 2.17142
0.0413232 6.60091 2.20043
0.0417364 6.68907 2.22982
0.0421538 6.77841 2.2596
0.0425753 6.86894 2.28978
0.0430011 6.96068 2.32037
0.0434311 7.05364 2.35136
0.0438654 7.14785 2.38276
0.044304 7.24331 2.41459
0.0447471 7.34005 2.44684
0.0451946 7.43809 2.47952
0.0456465 7.53743 2.51264
0.046103 7.63809 2.5462
0.046564 7.74011 2.58021
0.0470296 7.84348 2.61467
0.0474999 7.94824 2.6496
0.0479749 8.05439 2.68499
0.0484547 8.16196 2.72085
0.0489392 8.27097 2.75719
0.0494286 8.38144 2.79402
0.0499229 8.49338 2.83134
0.0504221 8.60681 2.86916
0.0509264 8.72177 2.90748
0.0514356 8.83825 2.94631
0.05195 8.95629 2.98567
0.0524695 9.07591 3.02555
0.0529942 9.19713 3.06596
0.0535241 9.31996 3.10691
0.0540594 9.44444 3.14841
0.0546 9.57058 3.19046
0.055146 9.6984 3.23308
0.0556974 9.82793 3.27626
0.0562544 9.95919 3.32002
0.0568169 10.0922 3.36437
0.0573851 10.227 3.4093
0.0579589 10.3636 3.45484
0.0585385 10.502 3.50099
0.0591239 10.6423 3.54775
0.0597152 10.7844 3.59514
0.0603123 10.9284 3.64316
0.0609154 11.0744 3.69182
0.0615246 11.2223 3.74113
0.0621398 11.3722 3.7911
0.0627612 11.5241 3.84174
0.0633888 11.678 3.89305
0.0640227 11.8339 3.94505
0.064663 11.992 3.99774
0.0653096 12.1522 4.05114
0.0659627 12.3145 4.10525
0.0666223 12.4789 4.16009
0.0672885 12.6456 4.21565
0.0679614 12.8145 4.27196
0.068641 12.9856 4.32902
0.0693275 13.1591 4.38685
0.0700207 13.3348 4.44544
0.0707209 13.5129 4.50482
0.0714281 13.6934 4.56499
0.0721424 13.8763 4.62596
0.0728638 14.0616 4.68775
0.0735925 14.2494 4.75037
0.0743284 14.4397 4.81382
0.0750717 14.6326 4.87812
0.0758224 14.828 4.94328
0.0765806 15.0261 5.0093
0.0773464 15.2268 5.07621
0.0781199 15.4301 5.14402
0.0789011 15.6362 5.21273
0.0796901 15.845 5.28236
0.080487 16.0567 5.35291
0.0812919 16.2711 5.42441
0.0821048 16.4884 5.49687
0.0829259 16.7087 5.57029
0.0837551 16.9318 5.64469
0.0845927 17.158 5.72009
0.0854386 17.3871 5.7965
0.086293 17.6193 5.87392
0.0871559 17.8547 5.95238
0.0880275 18.0931 6.03189
0.0889077 18.3348 6.11246
0.0897968 18.5797 6.1941
0.0906948 18.8278 6.27684
0.0916017 19.0793 6.36068
0.0925178 19.3341 6.44564
0.0934429 19.5923 6.53174
0.0943774 19.854 6.61899
0.0953211 20.1192 6.7074
0.0962743 20.3879 6.79699
0.0972371 20.6602 6.88778
0.0982095 20.9361 6.97979
0.0991916 21.2157 7.07302
0.100183 21.4991 7.1675
0.101185 21.7862 7.26323
0.102197 22.0772 7.36025
0.103219 22.3721 7.45857
0.104251 22.6709 7.55819
0.105294 22.9737 7.65915
0.106347 23.2805 7.76146
0.10741 23.5915 7.86513
0.108484 23.9065 7.97019
0.109569 24.2258 8.07665
0.110665 24.5494 8.18454
0.111772 24.8773 8.29386
0.112889 25.2096 8.40465
0.114018 25.5463 8.51692
0.115158 25.8875 8.63068
0.11631 26.2332 8.74597
0.117473 26.5836 8.86279
0.118648 26.9386 8.98118
0.119834 27.2984 9.10114
0.121033 27.663 9.22271
0.122243 28.0325 9.34591
0.123465 28.4069 9.47075
0.1247 28.7863 9.59726
0.125947 29.1708 9.72545
0.127206 29.5604 9.85536
0.128478 29.9552 9.98701
0.129763 30.3553 10.1204
0.131061 30.7607 10.2556
0.132372 31.1716 10.3926
0.133695 31.5879 10.5314
0.135032 32.0098 10.6721
0.136383 32.4373 10.8146
0.137746 32.8706 10.9591
0.139124 33.3096 11.1055
0.140515 33.7545 11.2538
0.14192 34.2053 11.4042
0.143339 34.6622 11.5565
0.144773 35.1251 11.7109
0.146221 35.5943 11.8673
0.147683 36.0697 12.0258
0.14916 36.5514 12.1865
0.150651 37.0396 12.3493
0.152158 37.5343 12.5142
0.153679 38.0356 12.6814
0.155216 38.5437 12.8508
0.156768 39.0585 13.0224
0.158336 39.5801 13.1964
0.159919 40.1088 13.3727
0.161518 40.6445 13.5513
0.163134 41.1873 13.7323
0.164765 41.7374 13.9158
0.166413 42.2949 14.1017
0.168077 42.8598 14.29
0.169757 43.4323 14.4809
0.171455 44.0124 14.6744
0.17317 44.6002 14.8704
0.174901 45.1959 15.069
0.17665 45.7995 15.2703
0.178417 46.4113 15.4743
0.180201 47.0311 15.681
0.182003 47.6593 15.8905
0.183823 48.2959 16.1028
0.185661 48.9409 16.3179
0.187518 49.5946 16.5358
0.189393 50.257 16.7567
0.191287 50.9283 16.9806
0.1932 51.6085 17.2074
0.195132 52.2978 17.4373
0.197083 52.9963 17.6702
0.199054 53.7041 17.9063
0.201045 54.4214 18.1455
0.203055 55.1483 18.3878
0.205086 55.8849 18.6335
0.207136 56.6313 18.8824
0.209208 57.3877 19.1346
0.2113 58.1542 19.3902
0.213413 58.9309 19.6493
0.215547 59.718 19.9118
0.217702 60.5157 20.1778
0.219879 61.3239 20.4473
0.222078 62.143 20.7205
0.224299 62.973 20.9973
0.226542 63.8141 21.2777
0.228807 64.6665 21.562
0.231095 65.5302 21.85
0.233406 66.4054 22.1419
0.235741 67.2924 22.4377
0.238098 68.1912 22.7375
0.240479 69.102 23.0412
0.242884 70.0249 23.349
0.245313 70.9602 23.6609
0.247766 71.908 23.977
0.250243 72.8685 24.2973
0.252746 73.8417 24.6219
0.255273 74.828 24.9508
0.257826 75.8275 25.2841
0.260404 76.8403 25.6219
0.263008 77.8666 25.9642
0.265638 78.9066 26.311
0.268295 79.9605 26.6625
0.270978 81.0286 27.0187
0.273687 82.1108 27.3797
0.276424 83.2075 27.7454
0.279189 84.3189 28.1161
0.28198 85.4451 28.4917
0.2848 86.5864 28.8723
0.287648 87.7429 29.258
0.290525 88.9149 29.6489
0.29343 90.1025 30.045
0.296364 91.306 30.4464
0.299328 92.5255 30.8531
0.302321 93.7613 31.2653
0.305344 95.0137 31.683
0.308398 96.2828 32.1063
0.311482 97.5688 32.5352
0.314597 98.872 32.9698
0.317743 100.193 33.4103
0.32092 101.531 33.8566
0.324129 102.887 34.3089
0.32737 104.261 34.7673
0.330644 105.654 35.2318
0.333951 107.065 35.7025
0.33729 108.495 36.1794
0.340663 109.944 36.6628
0.34407 111.413 37.1526
0.34751 112.901 37.6489
0.350985 114.409 38.1519
0.354495 115.937 38.6616
0.35804 117.486 39.1781
0.361621 119.055 39.7015
0.365237 120.645 40.2319
0.368889 122.256 40.7694
0.372578 123.889 41.3141
0.376304 125.544 41.8661
0.380067 127.221 42.4254
0.383868 128.92 42.9922
0.387706 130.642 43.5666
0.391583 132.387 44.1486
0.395499 134.156 44.7385
0.399454 135.948 45.3362
0.403449 137.763 45.9419
0.407483 139.604 46.5557
0.411558 141.468 47.1777
0.415674 143.358 47.808
0.41983 145.273 48.4467
0.424029 147.213 49.094
0.428269 149.179 49.7499
0.432552 151.172 50.4146
0.436877 153.191 51.0881
0.441246 155.237 51.7707
0.445658 157.311 52.4624
0.450115 159.412 53.1633
0.454616 161.542 53.8736
0.459162 163.699 54.5934
0.463754 165.886 55.3228
0.468391 168.102 56.0619
0.473075 170.347 56.8109
0.477806 172.622 57.57
0.482584 174.928 58.3391
0.48741 177.265 59.1186
0.492284 179.632 59.9085
0.497207 182.032 60.7089
0.502179 184.463 61.52
0.507201 186.927 62.342
0.512273 189.424 63.1749
0.517396 191.954 64.019
0.52257 194.518 64.8744
0.527795 197.116 65.7412
0.533073 199.749 66.6196
0.538404 202.417 67.5097
0.543788 205.121 68.4117
0.549226 207.861 69.3257
0.554718 210.638 70.252
0.560265 213.451 71.1907
0.565868 216.302 72.1419
0.571527 219.192 73.1058
0.577242 222.119 74.0826
0.583014 225.086 75.0724
0.588844 228.093 76.0755
0.594733 231.14 77.092
0.60068 234.227 78.1221
0.606687 237.356 79.1659
0.612754 240.526 80.2237
0.618881 243.739 81.2956
0.62507 246.995 82.3819
0.631321 250.294 83.4826
0.637634 253.638 84.5981
0.644011 257.025 85.7285
0.650451 260.459 86.874
0.656955 263.938 88.0348
0.663525 267.463 89.2111
0.67016 271.036 90.4032
0.676862 274.657 91.6111
0.68363 278.325 92.8353
0.690466 282.043 94.0757
0.697371 285.811 95.3328
0.704345 289.628 96.6067
0.711388 293.497 97.8975
0.718502 297.418 99.2057
0.725687 301.39 100.531
0.732944 305.416 101.875
0.740273 309.496 103.236
0.747676 313.63 104.615
0.755153 317.82 106.013
0.762705 322.065 107.43
0.770332 326.367 108.866
0.778035 330.727 110.32
0.785815 335.144 111.794
0.793673 339.621 113.288
0.80161 344.158 114.802
0.809626 348.755 116.336
0.817722 353.414 117.891
0.8259 358.135 119.466
0.834159 362.919 121.063
0.8425 367.767 122.68
0.850925 372.679 124.32
0.859435 377.657 125.981
0.868029 382.702 127.665
0.876709 387.814 129.371
0.885476 392.995 131.1
0.894331 398.245 132.851
0.903274 403.564 134.627
0.912307 408.955 136.426
0.92143 414.418 138.249
0.930644 419.954 140.097
0.939951 425.564 141.969
0.94935 431.249 143.866
0.958844 437.009 145.789
0.968432 442.847 147.737
0.978117 448.763 149.711
0.987898 454.757 151.712
0.997777 460.832 153.739
1.00775 466.988 155.794
1.01783 473.226 157.876
1.02801 479.548 159.986
1.03829 485.954 162.124
1.04867 492.445 164.291
1.05916 499.024 166.486
1.06975 505.69 168.711
1.08045 512.445 170.966
1.09125 519.291 173.251
1.10217 526.228 175.566
1.11319 533.257 177.913
1.12432 540.381 180.29
1.13556 547.599 182.7
1.14692 554.915 185.142
1.15839 562.327 187.616
1.16997 569.839 190.124
1.18167 577.452 192.665
1.19349 585.166 195.24
1.20542 592.983 197.849
1.21748 600.904 200.493
1.22965 608.931 203.173
1.24195 617.066 205.888
1.25437 625.309 208.64
1.26691 633.663 211.429
1.27958 642.128 214.255
1.29238 650.706 217.118
1.3053 659.398 220.02
1.31835 668.207 222.961
1.33154 677.134 225.941
1.34485 686.18 228.961
1.3583 695.346 232.021
1.37188 704.635 235.122
1.3856 714.049 238.265
1.39946 723.588 241.45
1.41345 733.254 244.677
1.42759 743.05 247.947
1.44186 752.976 251.261
1.45628 763.035 254.62
1.47085 773.229 258.023
1.48555 783.558 261.472
1.50041 794.026 264.967
1.51541 804.634 268.509
1.53057 815.383 272.098
1.54587 826.276 275.735
1.56133 837.314 279.421
1.57695 848.5 283.156
1.59271 859.836 286.941
1.60864 871.323 290.776
1.62473 882.963 294.663
1.64098 894.759 298.602
1.65739 906.712 302.594
1.67396 918.826 306.639
1.6907 931.101 310.738
1.70761 943.54 314.891
1.72468 956.145 319.101
1.74193 968.919 323.366
1.75935 981.863 327.689
1.77694 994.98 332.07
1.79471 1008.27 336.509
1.81266 1021.74 341.007
1.83078 1035.39 345.566
1.84909 1049.23 350.186
1.86758 1063.24 354.867
1.88626 1077.45 359.611
1.90512 1091.84 364.419
1.92417 1106.43 369.29
1.94341 1121.21 374.227
1.96285 1136.19 379.23
1.98248 1151.37 384.3
2.0023 1166.75 389.438
2.02232 1182.34 394.644
2.04255 1198.14 399.92
2.06297 1214.14 405.267
2.0836 1230.36 410.685
2.10444 1246.8 416.176
2.12548 1263.46 421.74
2.14674 1280.34 427.378
2.16821 1297.45 433.092
2.18989 1314.78 438.883
2.21179 1332.35 444.75
2.2339 1350.15 450.697
2.25624 1368.18 456.723
2.27881 1386.46 462.829
2.30159 1404.99 469.017
2.32461 1423.76 475.288
2.34786 1442.78 481.643
2.37134 1462.06 488.083
2.39505 1481.59 494.609
2.419 1501.39 501.222
2.44319 1521.45 507.924
2.46762 1541.77 514.715
2.4923 1562.37 521.598
2.51722 1583.25 528.572
2.54239 1604.4 535.64
2.56782 1625.84 542.802
2.59349 1647.56 550.06
2.61943 1669.57 557.415
2.64562 1691.88 564.869
2.67208 1714.48 572.422
2.6988 1737.39 580.077
2.72579 1760.6 587.833
2.75305 1784.13 595.694
2.78058 1807.97 603.66
2.80838 1832.12 611.732
2.83647 1856.6 619.912
2.86483 1881.41 628.202
2.89348 1906.55 636.603
2.92241 1932.02 645.116
2.95164 1957.83 653.743
2.98115 1983.99 662.486
3.01097 2010.5 671.345
3.04108 2037.37 680.323
3.07149 2064.59 689.422
3.1022 2092.17 698.642
3.13322 2120.13 707.985
3.16456 2148.46 717.454
3.1962 2177.16 727.049
3.22816 2206.25 736.772
3.26045 2235.73 746.626
3.29305 2265.61 756.612
3.32598 2295.88 766.731
3.35924 2326.56 776.985
3.39283 2357.64 787.377
3.42676 2389.15 797.908
3.46103 2421.07 808.58
3.49564 2453.42 819.395
3.53059 2486.2 830.354
3.5659 2519.42 841.461
3.60156 2553.09 852.716
3.63758 2587.2 864.121
3.67395 2621.78 875.679
3.71069 2656.81 887.392
3.7478 2692.31 899.262
3.78528 2728.28 911.29
3.82313 2764.74 923.48
3.86136 2801.69 935.833
3.89997 2839.12 948.351
3.93897 2877.06 961.037
3.97836 2915.51 973.892
4.01815 2954.46 986.92
4.05833 2993.94 1000.12
4.09891 3033.95 1013.5
4.1399 3074.49 1027.06
4.1813 3115.58 1040.8
4.22311 3157.21 1054.72
4.26534 3199.4 1068.83
4.308 3242.15 1083.13
4.35108 3285.48 1097.62
4.39459 3329.38 1112.3
4.43853 3373.87 1127.19
4.48292 3418.96 1142.27
4.52775 3464.65 1157.55
4.57303 3510.95 1173.03
4.61876 3557.86 1188.73
4.66494 3605.41 1204.63
4.71159 3653.59 1220.75
4.75871 3702.42 1237.08
4.8063 3751.89 1253.63
4.85436 3802.03 1270.41
4.9029 3852.84 1287.41
4.95193 3904.33 1304.63
5.00145 3956.51 1322.09
5.05146 4009.38 1339.78
5.10198 4062.96 1357.7
5.153 4117.26 1375.87
5.20453 4172.28 1394.28
5.25657 4228.04 1412.94
5.30914 4284.54 1431.85
5.36223 4341.8 1451.01
5.41585 4399.83 1470.42
5.47001 4458.63 1490.1
5.52471 4518.21 1510.04
5.57996 4578.6 1530.25
5.63576 4639.79 1550.73
5.69212 4701.8 1571.48
5.74904 4764.63 1592.51
5.80653 4828.31 1613.82
5.86459 4892.84 1635.42
5.92324 4958.23 1657.31
5.98247 5024.5 1679.49
6.0423 5091.65 1701.96
6.10272 5159.7 1724.74
6.16375 5228.66 1747.83
6.22538 5298.54 1771.22
6.28764 5369.36 1794.93
6.35051 5441.12 1818.95
6.41402 5513.84 1843.3
6.47816 5587.53 1867.97
6.54294 5662.21 1892.97
6.60837 5737.89 1918.31
6.67445 5814.58 1943.99
6.7412 5892.3 1970.01
6.80861 5971.05 1996.38
6.8767 6050.86 2023.1
6.94546 6131.73 2050.18
7.01492 6213.69 2077.63
7.08507 6296.74 2105.44
7.15592 6380.9 2133.63
7.22748 6466.19 2162.19
7.29975 6552.62 2191.14
7.37275 6640.2 2220.47
7.44648 6728.96 2250.2
7.52094 6818.9 2280.32
7.59615 6910.04 2310.85
7.67211 7002.41 2341.79
7.74883 7096 2373.14
7.82632 7190.85 2404.92
7.90459 7286.97 2437.12
7.98363 7384.38 2469.75
8.06347 7483.08 2502.82
8.1441 7583.11 2536.33
8.22554 7684.47 2570.29
8.3078 7787.19 2604.71
8.39088 7891.28 2639.58
8.47479 7996.77 2674.93
8.55953 8103.66 2710.75
8.64513 8211.99 2747.05
8.73158 8321.76 2783.84
8.8189 8433 2821.12
8.90709 8545.73 2858.9
8.99616 8659.97 2897.18
9.08612 8775.73 2935.98
9.17698 8893.05 2975.3
9.26875 9011.93 3015.15
9.36144 9132.4 3055.53
9.45505 9254.48 3096.46
9.5496 9378.2 3137.93
9.6451 9503.57 3179.96
9.74155 9630.62 3222.55
9.83896 9759.36 3265.71
9.93735 9889.83 3309.45
10.0367 10022 3353.78
10.1371 10156 3398.71
10.2385 10291.8 3444.24
10.3409 10429.4 3490.37
10.4443 10568.8 3537.13
10.5487 10710.1 3584.51
10.6542 10853.3 3632.53
10.7607 10998.4 3681.2
10.8683 11145.4 3730.51
10.977 11294.5 3780.49
11.0868 11445.5 3831.14
11.1977 11598.5 3882.47
11.3096 11753.5 3934.49
11.4227 11910.7 3987.2
11.537 12069.9 4040.62
11.6523 12231.3 4094.76
11.7689 12394.8 4149.63
11.8865 12560.6 4205.23
12.0054 12728.5 4261.58
12.1255 12898.7 4318.69
12.2467 13071.2 4376.56
12.3692 13245.9 4435.21
12.4929 13423 4494.64
12.6178 13602.5 4554.88
12.744 13784.4 4615.92
12.8714 13968.7 4677.78
13.0001 14155.5 4740.47
13.1301 14344.7 4804.01
13.2614 14536.6 4868.39
13.3941 14730.9 4933.65
13.528 14927.9 4999.77
13.6633 15127.5 5066.79
13.7999 15329.8 5134.7
13.9379 15534.8 5203.53
14.0773 15742.5 5273.28
14.2181 15953 5343.97
14.3602 16166.4 5415.61
14.5038 16382.5 5488.21
14.6489 16601.6 5561.78
14.7954 16823.6 5636.35
14.9433 17048.6 5711.91
15.0928 17276.6 5788.49
15.2437 17507.6 5866.1
15.3961 17741.7 5944.75
15.5501 17979 6024.46
15.7056 18219.4 6105.23
15.8626 18463.1 6187.1
16.0213 18710 6270.06
16.1815 18960.2 6354.14
16.3433 19213.8 6439.34
16.5067 19470.8 6525.7
16.6718 19731.2 6613.21
16.8385 19995 6701.9
17.0069 20262.5 6791.78
17.177 20533.5 6882.87
17.3487 20808.1 6975.18
17.5222 21086.4 7068.73
17.6974 21368.4 7163.54
17.8744 21654.2 7259.63
18.0532 21943.8 7357.01
18.2337 22237.3 7455.69
18.416 22534.8 7555.7
18.6002 22836.2 7657.06
18.7862 23141.6 7759.78
18.9741 23451.1 7863.88
19.1638 23764.8 7969.38
19.3554 24082.7 8076.3
19.549 24404.8 8184.65
19.7445 24731.3 8294.47
19.9419 25062.1 8405.76
20.1413 25397.3 8518.54
20.3427 25737 8632.85
20.5462 26081.3 8748.69
20.7516 26430.2 8866.09
20.9592 26783.8 8985.06
21.1687 27142 9105.64
21.3804 27505.1 9227.84
21.5942 27873.1 9351.69
21.8102 28245.9 9477.2
22.0283 28623.8 9604.4
22.2486 29006.7 9733.31
22.4711 29394.8 9863.95
22.6958 29788 9996.35
22.9227 30186.5 10130.5
23.1519 30590.4 10266.5
23.3835 30999.6 10404.3
23.6173 31414.4 10544
23.8535 31834.7 10685.6
24.092 32260.6 10829
24.3329 32692.2 10974.4
24.5763 33129.6 11121.8
24.822 33572.9 11271.1
25.0702 34022.1 11422.5
25.3209 34477.3 11575.8
25.5742 34938.6 11731.3
25.8299 35406.1 11888.8
26.0882 35879.8 12048.5
26.3491 36359.9 12210.3
26.6126 36846.4 12374.3
26.8787 37339.4 12540.5
27.1475 37839.1 12708.9
27.419 38345.4 12879.6
27.6931 38858.5 13052.6
27.9701 39378.5 13227.9
28.2498 39905.5 13405.6
28.5323 40439.5 13585.7
28.8176 40980.6 13768.2
29.1058 41529 13953.2
29.3968 42084.8 14140.7
29.6908 42648 14330.7
29.9877 43218.7 14523.2
30.2876 43797.1 14718.4
30.5905 44383.3 14916.2
30.8964 44977.3 15116.6
31.2053 45579.2 15319.8
31.5174 46189.2 15525.6
31.8326 46807.4 15734.3
32.1509 47433.9 15945.8
32.4724 48068.8 16160.1
32.7971 48712.1 16377.3
33.1251 49364.1 16597.5
33.4563 50024.8 16820.6
33.7909 50694.4 17046.7
34.1288 51373 17275.9
34.4701 52060.6 17508.1
34.8148 52757.5 17743.5
35.1629 53463.7 17982.1
35.5146 54179.3 18223.9
35.8697 54904.6 18468.9
36.2284 55639.6 18717.3
36.5907 56384.4 18969
36.9566 57139.2 19224.1
37.3262 57904.1 19482.6
37.6994 58679.3 19744.7
38.0764 59464.8 20010.2
38.4572 60260.9 20279.4
38.8418 61067.7 20552.2
39.2302 61885.3 20828.6
39.6225 62713.8 21108.9
40.0187 63553.5 21392.8
40.4189 64404.3 21680.7
40.8231 65266.7 21972.4
41.2313 66140.5 22268
41.6436 67026.1 22567.6
42.0601 67923.5 22871.3
42.4807 68833 23179.1
42.9055 69754.7 23491.1
43.3345 70688.7 23807.2
43.7679 71635.3 24127.6
44.2056 72594.5 24452.4
44.6476 73566.6 24781.6
45.0941 74551.8 25115.1
45.545 75550.1 25453.3
46.0005 76561.9 25795.9
46.4605 77587.2 26143.2
46.9251 78626.2 26495.2
47.3943 79679.2 26852
47.8683 80746.3 27213.6
48.347 81827.8 27580
48.8304 82923.7 27951.4
49.3187 84034.3 28327.9
49.8119 85159.8 28709.4
50.31 86300.5 29096.1
50.8131 87456.4 29488
51.3213 88627.8 29885.3
51.8345 89814.9 30287.9
52.3528 91018 30695.9
52.8764 92237.2 31109.5
53.4051 93472.8 31528.6
53.9392 94724.9 31953.5
54.4786 95993.8 32384.1
55.0234 97279.8 32820.5
55.5736 98583 33262.8
56.1293 99903.7 33711.1
56.6906 101242 34165.5
57.2575 102598 34626
57.8301 103973 35092.8
58.4084 105366 35565.9
58.9925 106778 36045.3
59.5824 108208 36531.3
60.1782 109658 37023.9
60.78 111128 37523.1
61.3878 112617 38029.1
62.0017 114126 38542
62.6217 115655 39061.8
63.2479 117205 39588.7
63.8804 118775 40122.6
64.5192 120367 40663.9
65.1644 121980 41212.4
65.816 123615 41768.4
66.4742 125271 42332
67.1389 126950 42903.2
67.8103 128652 43482.1
68.4884 130376 44068.9
69.1733 132123 44663.6
69.8651 133894 45266.4
70.5637 135689 45877.4
71.2693 137508 46496.7
71.982 139351 47124.3
72.7019 141219 47760.5
73.4289 143112 48405.3
74.1632 145030 49058.9
74.9048 146974 49721.4
75.6538 148945 50392.8
76.4104 150941 51073.4
77.1745 152965 51763.2
77.9462 155016 52462.3
78.7257 157094 53171
79.513 159200 53889.3
80.3081 161335 54617.3
81.1112 163498 55355.2
81.9223 165690 56103.2
82.7415 167912 56861.3
83.5689 170163 57629.7
84.4046 172445 58408.6
85.2486 174758 59198
86.1011 177101 59998.2
86.9621 179476 60809.3
87.8318 181883 61631.4
88.7101 184322 62464.7
89.5972 186795 63309.3
90.4932 189300 64165.4
91.3981 191839 65033.1
92.3121 194412 65912.6
93.2352 197020 66804.2
94.1675 199662 67707.8
95.1092 202341 68623.8
96.0603 205055 69552.2
97.0209 207806 70493.2
97.9911 210593 71447.1
98.971 213419 72413.9
99.9607 216282 73393.9
