0.001 1.00706 0.00102688
0.00101 1.01714 0.00104496
0.0010201 1.02732 0.00106337
0.0010303 1.0376 0.00108211
0.0010406 1.04799 0.00110117
0.00105101 1.05848 0.00112058
0.00106152 1.06908 0.00114033
0.00107214 1.07978 0.00116043
0.00108286 1.09059 0.00118089
0.00109369 1.10151 0.00120171
0.00110462 1.11253 0.0012229
0.00111567 1.12367 0.00124447
0.00112683 1.13492 0.00126642
0.00113809 1.14628 0.00128876
0.00114947 1.15776 0.0013115
0.00116097 1.16935 0.00133464
0.00117258 1.18105 0.00135819
0.0011843 1.19288 0.00138216
0.00119615 1.20482 0.00140656
0.00120811 1.21688 0.00143139
0.00122019 1.22907 0.00145666
0.00123239 1.24137 0.00148238
0.00124472 1.2538 0.00150856
0.00125716 1.26635 0.00153521
0.00126973 1.27903 0.00156232
0.00128243 1.29184 0.00158993
0.00129526 1.30477 0.00161802
0.00130821 1.31784 0.00164661
0.00132129 1.33103 0.00167571
0.0013345 1.34436 0.00170533
0.00134785 1.35782 0.00173548
0.00136133 1.37142 0.00176616
0.00137494 1.38515 0.00179739
0.00138869 1.39902 0.00182918
0.00140258 1.41303 0.00186153
0.0014166 1.42718 0.00189446
0.00143077 1.44147 0.00192798
0.00144508 1.4559 0.00196209
0.00145953 1.47048 0.00199681
0.00147412 1.48521 0.00203215
0.00148886 1.50008 0.00206813
0.00150375 1.5151 0.00210474
0.00151879 1.53027 0.002142
0.00153398 1.5456 0.00217993
0.00154932 1.56107 0.00221854
0.00156481 1.57671 0.00225783
0.00158046 1.5925 0.00229783
0.00159626 1.60845 0.00233854
0.00161223 1.62455 0.00237998
0.00162835 1.64082 0.00242215
0.00164463 1.65726 0.00246508
0.00166108 1.67385 0.00250878
0.00167769 1.69062 0.00255326
0.00169447 1.70755 0.00259853
0.00171141 1.72465 0.00264461
0.00172852 1.74192 0.00269151
0.00174581 1.75937 0.00273925
0.00176327 1.77699 0.00278784
0.0017809 1.79479 0.00283731
0.00179871 1.81277 0.00288765
0.0018167 1.83092 0.0029389
0.00183486 1.84926 0.00299106
0.00185321 1.86778 0.00304416
0.00187174 1.88649 0.00309821
0.00189046 1.90539 0.00315322
0.00190937 1.92447 0.00320921
0.00192846 1.94375 0.00326621
0.00194774 1.96322 0.00332423
0.00196722 1.98289 0.00338329
0.00198689 2.00275 0.0034434
0.00200676 2.02281 0.00350459
0.00202683 2.04308 0.00356688
0.0020471 2.06354 0.00363028
0.00206757 2.08422 0.00369482
0.00208825 2.1051 0.00376051
0.00210913 2.12618 0.00382738
0.00213022 2.14748 0.00389545
0.00215152 2.169 0.00396474
0.00217304 2.19073 0.00403527
0.00219477 2.21268 0.00410707
0.00221672 2.23484 0.00418015
0.00223888 2.25724 0.00425454
0.00226127 2.27985 0.00433027
0.00228388 2.30269 0.00440735
0.00230672 2.32576 0.00448582
0.00232979 2.34907 0.0045657
0.00235309 2.3726 0.00464701
0.00237662 2.39638 0.00472977
0.00240038 2.42039 0.00481403
0.00242439 2.44464 0.00489979
0.00244863 2.46914 0.0049871
0.00247312 2.49388 0.00507597
0.00249785 2.51887 0.00516644
0.00252283 2.54411 0.00525854
0.00254806 2.5696 0.00535229
0.00257354 2.59535 0.00544772
0.00259927 2.62136 0.00554487
0.00262527 2.64763 0.00564376
0.00265152 2.67416 0.00574444
0.00267803 2.70096 0.00584692
0.00270481 2.72803 0.00595124
0.00273186 2.75537 0.00605744
0.00275918 2.78299 0.00616555
0.00278677 2.81088 0.00627561
0.00281464 2.83905 0.00638764
0.00284279 2.86751 0.00650169
0.00287121 2.89625 0.0066178
0.00289993 2.92528 0.00673599
0.00292893 2.9546 0.00685631
0.00295822 2.98421 0.00697879
0.0029878 3.01413 0.00710349
0.00301768 3.04434 0.00723042
0.00304785 3.07485 0.00735965
0.00307833 3.10568 0.0074912
0.00310911 3.13681 0.00762512
0.0031402 3.16825 0.00776145
0.00317161 3.20002 0.00790024
0.00320332 3.2321 0.00804154
0.00323536 3.2645 0.00818538
0.00326771 3.29723 0.00833181
0.00330039 3.33028 0.00848088
0.00333339 3.36367 0.00863264
0.00336672 3.39739 0.00878714
0.00340039 3.43146 0.00894443
0.0034344 3.46586 0.00910455
0.00346874 3.50061 0.00926756
0.00350343 3.53571 0.00943352
0.00353846 3.57116 0.00960247
0.00357385 3.60697 0.00977447
0.00360958 3.64314 0.00994957
0.00364568 3.67967 0.0101278
0.00368214 3.71657 0.0103093
0.00371896 3.75384 0.0104941
0.00375615 3.79149 0.0106822
0.00379371 3.82951 0.0108737
0.00383165 3.86791 0.0110687
0.00386996 3.9067 0.0112671
0.00390866 3.94588 0.0114692
0.00394775 3.98546 0.0116749
0.00398723 4.02543 0.0118844
0.0040271 4.06581 0.0120976
0.00406737 4.10659 0.0123147
0.00410804 4.14778 0.0125357
0.00414912 4.18938 0.0127608
0.00419062 4.2314 0.0129898
0.00423252 4.27385 0.0132231
0.00427485 4.31672 0.0134605
0.0043176 4.36002 0.0137023
0.00436077 4.40376 0.0139484
0.00440438 4.44794 0.014199
0.00444842 4.49256 0.0144541
0.00449291 4.53763 0.0147139
0.00453784 4.58316 0.0149783
0.00458321 4.62914 0.0152476
0.00462905 4.67559 0.0155217
0.00467534 4.7225 0.0158008
0.00472209 4.76988 0.0160849
0.00476931 4.81774 0.0163742
0.004817 4.86609 0.0166688
0.00486517 4.91492 0.0169687
0.00491383 4.96424 0.017274
0.00496296 5.01405 0.0175849
0.00501259 5.06437 0.0179014
0.00506272 5.11519 0.0182236
0.00511335 5.16653 0.0185517
0.00516448 5.21838 0.0188858
0.00521613 5.27076 0.0192259
0.00526829 5.32366 0.0195722
0.00532097 5.37709 0.0199247
0.00537418 5.43106 0.0202837
0.00542792 5.48558 0.0206492
0.0054822 5.54064 0.0210214
0.00553702 5.59626 0.0214003
0.00559239 5.65244 0.021786
0.00564832 5.70919 0.0221788
0.0057048 5.7665 0.0225788
0.00576185 5.82439 0.022986
0.00581947 5.88287 0.0234006
0.00587766 5.94193 0.0238228
0.00593644 6.00159 0.0242526
0.0059958 6.06186 0.0246902
0.00605576 6.12272 0.0251358
0.00611632 6.1842 0.0255896
0.00617748 6.2463 0.0260515
0.00623926 6.30903 0.0265219
0.00630165 6.37239 0.0270009
0.00636466 6.43638 0.0274885
0.00642831 6.50103 0.0279851
0.00649259 6.56632 0.0284907
0.00655752 6.63227 0.0290055
0.0066231 6.69888 0.0295296
0.00668933 6.76617 0.0300634
0.00675622 6.83414 0.0306068
0.00682378 6.90279 0.0311602
0.00689202 6.97213 0.0317236
0.00696094 7.04217 0.0322973
0.00703055 7.11292 0.0328815
0.00710085 7.18438 0.0334764
0.00717186 7.25656 0.034082
0.00724358 7.32947 0.0346988
0.00731602 7.40311 0.0353267
0.00738918 7.4775 0.0359662
0.00746307 7.55264 0.0366173
0.0075377 7.62854 0.0372803
0.00761308 7.7052 0.0379554
0.00768921 7.78263 0.0386428
0.0077661 7.86085 0.0393428
0.00784376 7.93985 0.0400555
0.0079222 8.01966 0.0407813
0.00800142 8.10026 0.0415203
0.00808144 8.18169 0.0422728
0.00816225 8.26393 0.0430391
0.00824387 8.347 0.0438194
0.00832631 8.43091 0.044614
0.00840957 8.51567 0.0454231
0.00849367 8.60129 0.0462469
0.00857861 8.68777 0.0470859
0.00866439 8.77512 0.0479401
0.00875104 8.86336 0.0488101
0.00883855 8.95248 0.0496959
0.00892693 9.04251 0.0505979
0.0090162 9.13344 0.0515165
0.00910636 9.2253 0.0524518
0.00919743 9.31808 0.0534043
0.0092894 9.4118 0.0543742
0.0093823 9.50647 0.0553619
0.00947612 9.60209 0.0563676
0.00957088 9.69868 0.0573918
0.00966659 9.79625 0.0584348
0.00976325 9.8948 0.0594968
0.00986089 9.99435 0.0605784
0.0099595 10.0949 0.0616797
0.0100591 10.1965 0.0628012
0.0101597 10.2991 0.0639433
0.0102613 10.4027 0.0651063
0.0103639 10.5074 0.0662907
0.0104675 10.6131 0.0674968
0.0105722 10.7199 0.068725
0.0106779 10.8278 0.0699757
0.0107847 10.9368 0.0712494
0.0108926 11.0469 0.0725465
0.0110015 11.1581 0.0738674
0.0111115 11.2704 0.0752125
0.0112226 11.3839 0.0765823
0.0113348 11.4985 0.0779773
0.0114482 11.6143 0.0793978
0.0115627 11.7312 0.0808445
0.0116783 11.8494 0.0823178
0.0117951 11.9687 0.0838181
0.011913 12.0892 0.085346
0.0120322 12.211 0.086902
0.0121525 12.334 0.0884866
0.012274 12.4582 0.0901003
0.0123967 12.5837 0.0917437
0.0125207 12.7104 0.0934173
0.0126459 12.8385 0.0951216
0.0127724 12.9678 0.0968574
0.0129001 13.0985 0.0986251
0.0130291 13.2305 0.100425
0.0131594 13.3638 0.102259
0.013291 13.4985 0.104126
0.0134239 13.6345 0.106027
0.0135581 13.7719 0.107964
0.0136937 13.9107 0.109936
0.0138307 14.0509 0.111944
0.013969 14.1926 0.113989
0.0141086 14.3356 0.116073
0.0142497 14.4802 0.118194
0.0143922 14.6262 0.120355
0.0145362 14.7736 0.122555
0.0146815 14.9226 0.124796
0.0148283 15.0731 0.127078
0.0149766 15.2251 0.129403
0.0151264 15.3787 0.13177
0.0152776 15.5338 0.134181
0.0154304 15.6905 0.136636
0.0155847 15.8488 0.139137
0.0157406 16.0087 0.141683
0.015898 16.1702 0.144277
0.016057 16.3333 0.146919
0.0162175 16.4981 0.149609
0.0163797 16.6646 0.152349
0.0165435 16.8328 0.15514
0.0167089 17.0027 0.157982
0.016876 17.1743 0.160877
0.0170448 17.3477 0.163825
0.0172152 17.5228 0.166828
0.0173874 17.6997 0.169886
0.0175613 17.8785 0.173001
0.0177369 18.059 0.176173
0.0179142 18.2414 0.179404
0.0180934 18.4256 0.182694
0.0182743 18.6117 0.186046
0.0184571 18.7997 0.189459
0.0186416 18.9896 0.192936
0.018828 19.1814 0.196477
0.0190163 19.3752 0.200083
0.0192065 19.571 0.203756
0.0193986 19.7688 0.207497
0.0195925 19.9685 0.211308
0.0197885 20.1704 0.215189
0.0199864 20.3742 0.219142
0.0201862 20.5802 0.223168
0.0203881 20.7882 0.227268
0.020592 20.9984 0.231445
0.0207979 21.2107 0.235699
0.0210059 21.4252 0.240031
0.0212159 21.6419 0.244444
0.0214281 21.8608 0.248939
0.0216424 22.0819 0.253517
0.0218588 22.3053 0.25818
0.0220774 22.5309 0.26293
0.0222981 22.7589 0.267767
0.0225211 22.9892 0.272694
0.0227463 23.2218 0.277713
0.0229738 23.4569 0.282825
0.0232035 23.6943 0.288031
0.0234356 23.9341 0.293335
0.0236699 24.1764 0.298736
0.0239066 24.4212 0.304238
0.0241457 24.6685 0.309842
0.0243871 24.9183 0.315551
0.024631 25.1707 0.321365
0.0248773 25.4256 0.327287
0.0251261 25.6832 0.333319
0.0253774 25.9434 0.339463
0.0256311 26.2062 0.345722
0.0258874 26.4718 0.352097
0.0261463 26.7401 0.35859
0.0264078 27.0111 0.365204
0.0266719 27.2849 0.371941
0.0269386 27.5615 0.378803
0.027208 27.8409 0.385793
0.02748 28.1232 0.392913
0.0277548 28.4084 0.400165
0.0280324 28.6965 0.407552
0.0283127 28.9876 0.415077
0.0285958 29.2817 0.422741
0.0288818 29.5788 0.430549
0.0291706 29.8789 0.438502
0.0294623 30.1821 0.446602
0.029757 30.4884 0.454854
0.0300545 30.7979 0.463259
0.0303551 31.1106 0.471821
0.0306586 31.4264 0.480543
0.0309652 31.7455 0.489426
0.0312749 32.0679 0.498476
0.0315876 32.3937 0.507694
0.0319035 32.7227 0.517084
0.0322225 33.0552 0.526649
0.0325447 33.391 0.536392
0.0328702 33.7304 0.546317
0.0331989 34.0732 0.556427
0.0335309 34.4195 0.566726
0.0338662 34.7694 0.577217
0.0342049 35.1229 0.587903
0.0345469 35.4801 0.598789
0.0348924 35.841 0.609878
0.0352413 36.2055 0.621174
0.0355937 36.5738 0.632681
0.0359496 36.946 0.644403
0.0363091 37.3219 0.656344
0.0366722 37.7018 0.668507
0.037039 38.0855 0.680898
0.0374093 38.4733 0.693521
0.0377834 38.865 0.706379
0.0381613 39.2608 0.719477
0.0385429 39.6606 0.732821
0.0389283 40.0646 0.746413
0.0393176 40.4728 0.76026
0.0397108 40.8852 0.774366
0.0401079 41.3019 0.788735
0.040509 41.7229 0.803373
0.040914 42.1482 0.818285
0.0413232 42.578 0.833476
0.0417364 43.0121 0.848951
0.0421538 43.4508 0.864716
0.0425753 43.8941 0.880775
0.0430011 44.3419 0.897136
0.0434311 44.7944 0.913802
0.0438654 45.2515 0.930781
0.044304 45.7134 0.948077
0.0447471 46.1801 0.965697
0.0451946 46.6517 0.983648
0.0456465 47.1281 1.00193
0.046103 47.6095 1.02056
0.046564 48.0959 1.03954
0.0470296 48.5874 1.05888
0.0474999 49.0839 1.07857
0.0479749 49.5857 1.09864
0.0484547 50.0926 1.11908
0.0489392 50.6048 1.1399
0.0494286 51.1224 1.16112
0.0499229 51.6453 1.18273
0.0504221 52.1737 1.20475
0.0509264 52.7076 1.22718
0.0514356 53.2471 1.25004
0.05195 53.7922 1.27332
0.0524695 54.3429 1.29704
0.0529942 54.8995 1.3212
0.0535241 55.4618 1.34582
0.0540594 56.03 1.3709
0.0546 56.6041 1.39645
0.055146 57.1843 1.42248
0.0556974 57.7705 1.449
0.0562544 58.3628 1.47601
0.0568169 58.9613 1.50354
0.0573851 59.5661 1.53158
0.0579589 60.1772 1.56015
0.0585385 60.7947 1.58925
0.0591239 61.4187 1.61891
0.0597152 62.0493 1.64912
0.0603123 62.6864 1.6799
0.0609154 63.3302 1.71125
0.0615246 63.9808 1.7432
0.0621398 64.6382 1.77575
0.0627612 65.3025 1.80891
0.0633888 65.9738 1.84269
0.0640227 66.6521 1.87711
0.064663 67.3376 1.91218
0.0653096 68.0302 1.94791
0.0659627 68.7302 1.98431
0.0666223 69.4375 2.02139
0.0672885 70.1523 2.05917
0.0679614 70.8746 2.09767
0.068641 71.6045 2.13689
0.0693275 72.3422 2.17685
0.0700207 73.0875 2.21756
0.0707209 73.8408 2.25904
0.0714281 74.602 2.3013
0.0721424 75.3713 2.34436
0.0728638 76.1486 2.38822
0.0735925 76.9342 2.43292
0.0743284 77.7281 2.47846
0.0750717 78.5304 2.52485
0.0758224 79.3412 2.57212
0.0765806 80.1606 2.62029
0.0773464 80.9886 2.66936
0.0781199 81.8255 2.71936
0.0789011 82.6712 2.7703
0.0796901 83.5258 2.8222
0.080487 84.3896 2.87508
0.0812919 85.2625 2.92896
0.0821048 86.1447 2.98386
0.0829259 87.0362 3.03979
0.0837551 87.9373 3.09678
0.0845927 88.8479 3.15484
0.0854386 89.7682 3.214
0.086293 90.6984 3.27428
0.0871559 91.6384 3.3357
0.0880275 92.5884 3.39828
0.0889077 93.5486 3.46204
0.0897968 94.5191 3.52701
0.0906948 95.4999 3.5932
0.0916017 96.4911 3.66065
0.0925178 97.493 3.72937
0.0934429 98.5056 3.79939
0.0943774 99.529 3.87073
0.0953211 100.563 3.94342
0.0962743 101.609 4.01749
0.0972371 102.665 4.09296
0.0982095 103.733 4.16986
0.0991916 104.813 4.24821
0.100183 105.904 4.32805
0.101185 107.007 4.40939
0.102197 108.121 4.49228
0.103219 109.248 4.57673
0.104251 110.386 4.66279
0.105294 111.537 4.75047
0.106347 112.701 4.83981
0.10741 113.876 4.93085
0.108484 115.065 5.02361
0.109569 116.266 5.11813
0.110665 117.481 5.21444
0.111772 118.708 5.31257
0.112889 119.949 5.41257
0.114018 121.203 5.51446
0.115158 122.471 5.61828
0.11631 123.752 5.72407
0.117473 125.047 5.83186
0.118648 126.357 5.9417
0.119834 127.68 6.05362
0.121033 129.018 6.16767
0.122243 130.371 6.28388
0.123465 131.738 6.40229
0.1247 133.12 6.52295
0.125947 134.517 6.6459
0.127206 135.929 6.77118
0.128478 137.357 6.89885
0.129763 138.8 7.02893
0.131061 140.259 7.16149
0.132372 141.734 7.29656
0.133695 143.225 7.4342
0.135032 144.732 7.57445
0.136383 146.256 7.71736
0.137746 147.796 7.863
0.139124 149.353 8.01139
0.140515 150.928 8.16261
0.14192 152.519 8.3167
0.143339 154.129 8.47372
0.144773 155.755 8.63373
0.146221 157.4 8.79677
0.147683 159.063 8.96292
0.14916 160.744 9.13223
0.150651 162.444 9.30475
0.152158 164.162 9.48056
0.153679 165.899 9.65971
0.155216 167.656 9.84227
0.156768 169.432 10.0283
0.158336 171.227 10.2179
0.159919 173.043 10.4111
0.161518 174.878 10.6079
0.163134 176.734 10.8085
0.164765 178.611 11.0129
0.166413 180.508 11.2213
0.168077 182.426 11.4335
0.169757 184.366 11.6499
0.171455 186.327 11.8703
0.17317 188.31 12.095
0.174901 190.315 12.3239
0.17665 192.343 12.5572
0.178417 194.393 12.7949
0.180201 196.466 13.0372
0.182003 198.562 13.284
0.183823 200.682 13.5356
0.185661 202.826 13.792
0.187518 204.993 14.0533
0.189393 207.185 14.3195
0.191287 209.401 14.5909
0.1932 211.643 14.8674
0.195132 213.909 15.1491
0.197083 216.201 15.4363
0.199054 218.519 15.7289
0.201045 220.863 16.0271
0.203055 223.233 16.3311
0.205086 225.63 16.6408
0.207136 228.055 16.9564
0.209208 230.506 17.278
0.2113 232.986 17.6058
0.213413 235.494 17.9398
0.215547 238.03 18.2803
0.217702 240.594 18.6272
0.219879 243.188 18.9807
0.222078 245.812 19.341
0.224299 248.465 19.7082
0.226542 251.149 20.0824
0.228807 253.863 20.4638
0.231095 256.608 20.8524
0.233406 259.385 21.2485
0.235741 262.193 21.6521
0.238098 265.034 22.0635
0.240479 267.907 22.4827
0.242884 270.813 22.9099
0.245313 273.752 23.3453
0.247766 276.725 23.789
0.250243 279.733 24.2413
0.252746 282.775 24.7021
0.255273 285.852 25.1718
0.257826 288.964 25.6505
0.260404 292.113 26.1383
0.263008 295.298 26.6355
0.265638 298.52 27.1422
0.268295 301.779 27.6585
0.270978 305.076 28.1848
0.273687 308.411 28.7211
0.276424 311.785 29.2677
0.279189 315.199 29.8248
0.28198 318.652 30.3926
0.2848 322.145 30.9712
0.287648 325.679 31.5609
0.290525 329.255 32.1619
0.29343 332.872 32.7744
0.296364 336.531 33.3987
0.299328 340.234 34.0349
0.302321 343.98 34.6833
0.305344 347.77 35.3441
0.308398 351.604 36.0176
0.311482 355.484 36.7041
0.314597 359.409 37.4036
0.317743 363.381 38.1166
0.32092 367.399 38.8433
0.324129 371.465 39.5839
0.32737 375.58 40.3387
0.330644 379.743 41.108
0.333951 383.955 41.8921
0.33729 388.218 42.6912
0.340663 392.531 43.5056
0.34407 396.895 44.3357
0.34751 401.312 45.1817
0.350985 405.781 46.0439
0.354495 410.304 46.9227
0.35804 414.88 47.8184
0.361621 419.512 48.7312
0.365237 424.199 49.6616
0.368889 428.942 50.6099
0.372578 433.743 51.5763
0.376304 438.601 52.5614
0.380067 443.517 53.5653
0.383868 448.493 54.5886
0.387706 453.529 55.6315
0.391583 458.626 56.6944
0.395499 463.785 57.7778
0.399454 469.006 58.882
0.403449 474.29 60.0075
0.407483 479.639 61.1545
0.411558 485.053 62.3237
0.415674 490.532 63.5153
0.41983 496.079 64.7298
0.424029 501.693 65.9677
0.428269 507.376 67.2294
0.432552 513.128 68.5154
0.436877 518.951 69.8261
0.441246 524.846 71.162
0.445658 530.813 72.5236
0.450115 536.853 73.9115
0.454616 542.968 75.326
0.459162 549.158 76.7678
0.463754 555.424 78.2373
0.468391 561.768 79.7351
0.473075 568.191 81.2618
0.477806 574.693 82.8178
0.482584 581.276 84.4039
0.48741 587.941 86.0204
0.492284 594.689 87.6681
0.497207 601.521 89.3476
0.502179 608.438 91.0594
0.507201 615.442 92.8042
0.512273 622.533 94.5826
0.517396 629.713 96.3953
0.52257 636.984 98.2429
0.527795 644.345 100.126
0.533073 651.799 102.046
0.538404 659.348 104.002
0.543788 666.991 105.996
0.549226 674.731 108.029
0.554718 682.569 110.101
0.560265 690.506 112.213
0.565868 698.544 114.366
0.571527 706.684 116.56
0.577242 714.928 118.796
0.583014 723.276 121.076
0.588844 731.731 123.399
0.594733 740.294 125.768
0.60068 748.967 128.182
0.606687 757.751 130.643
0.612754 766.647 133.151
0.618881 775.658 135.708
0.62507 784.784 138.314
0.631321 794.029 140.97
0.637634 803.392 143.678
0.644011 812.877 146.438
0.650451 822.484 149.251
0.656955 832.215 152.118
0.663525 842.073 155.041
0.67016 852.059 158.021
0.676862 862.175 161.058
0.68363 872.423 164.153
0.690466 882.804 167.309
0.697371 893.321 170.525
0.704345 903.976 173.804
0.711388 914.771 177.146
0.718502 925.707 180.553
0.725687 936.787 184.025
0.732944 948.012 187.565
0.740273 959.386 191.173
0.747676 970.91 194.851
0.755153 982.586 198.6
0.762705 994.417 202.422
0.770332 1006.4 206.317
0.778035 1018.55 210.288
0.785815 1030.86 214.336
0.793673 1043.33 218.462
0.80161 1055.97 222.668
0.809626 1068.78 226.955
0.817722 1081.76 231.325
0.8259 1094.91 235.78
0.834159 1108.24 240.321
0.8425 1121.75 244.95
0.850925 1135.44 249.669
0.859435 1149.32 254.479
0.868029 1163.38 259.382
0.876709 1177.63 264.38
0.885476 1192.08 269.475
0.894331 1206.72 274.668
0.903274 1221.56 279.963
0.912307 1236.6 285.36
0.92143 1251.85 290.861
0.930644 1267.3 296.469
0.939951 1282.97 302.186
0.94935 1298.85 308.013
0.958844 1314.95 313.954
0.968432 1331.26 320.009
0.978117 1347.81 326.182
0.987898 1364.58 332.475
0.997777 1381.58 338.89
1.00775 1398.82 345.429
1.01783 1416.3 352.095
1.02801 1434.01 358.89
1.03829 1451.98 365.818
1.04867 1470.19 372.879
1.05916 1488.66 380.078
1.06975 1507.38 387.416
1.08045 1526.36 394.896
1.09125 1545.62 402.522
1.10217 1565.14 410.296
1.11319 1584.93 418.221
1.12432 1605 426.299
1.13556 1625.35 434.535
1.14692 1646 442.93
1.15839 1666.93 451.488
1.16997 1688.15 460.213
1.18167 1709.68 469.106
1.19349 1731.52 478.173
1.20542 1753.66 487.416
1.21748 1776.12 496.838
1.22965 1798.89 506.444
1.24195 1822 516.236
1.25437 1845.43 526.218
1.26691 1869.19 536.394
1.27958 1893.3 546.768
1.29238 1917.76 557.344
1.3053 1942.56 568.125
1.31835 1967.72 579.116
1.33154 1993.25 590.321
1.34485 2019.14 601.743
1.3583 2045.41 613.388
1.37188 2072.05 625.259
1.3856 2099.09 637.36
1.39946 2126.51 649.698
1.41345 2154.34 662.275
1.42759 2182.57 675.097
1.44186 2211.21 688.168
1.45628 2240.27 701.494
1.47085 2269.75 715.079
1.48555 2299.67 728.928
1.50041 2330.03 743.047
1.51541 2360.83 757.441
1.53057 2392.08 772.115
1.54587 2423.8 787.075
1.56133 2455.99 802.325
1.57695 2488.65 817.873
1.59271 2521.79 833.724
1.60864 2555.43 849.883
1.62473 2589.56 866.357
1.64098 2624.2 883.152
1.65739 2659.36 900.274
1.67396 2695.05 917.73
1.6907 2731.26 935.525
1.70761 2768.02 953.668
1.72468 2805.33 972.164
1.74193 2843.2 991.02
1.75935 2881.64 1010.24
1.77694 2920.65 1029.84
1.79471 2960.26 1049.82
1.81266 3000.46 1070.19
1.83078 3041.27 1090.96
1.84909 3082.7 1112.13
1.86758 3124.75 1133.72
1.88626 3167.45 1155.72
1.90512 3210.79 1178.16
1.92417 3254.79 1201.03
1.94341 3299.47 1224.35
1.96285 3344.82 1248.12
1.98248 3390.87 1272.36
2.0023 3437.63 1297.07
2.02232 3485.1 1322.27
2.04255 3533.3 1347.95
2.06297 3582.24 1374.14
2.0836 3631.94 1400.83
2.10444 3682.4 1428.05
2.12548 3733.65 1455.8
2.14674 3785.68 1484.09
2.16821 3838.52 1512.93
2.18989 3892.18 1542.34
2.21179 3946.68 1572.32
2.2339 4002.02 1602.89
2.25624 4058.23 1634.05
2.27881 4115.31 1665.82
2.30159 4173.28 1698.22
2.32461 4232.16 1731.24
2.34786 4291.96 1764.91
2.37134 4352.7 1799.24
2.39505 4414.39 1834.24
2.419 4477.06 1869.93
2.44319 4540.71 1906.31
2.46762 4605.36 1943.4
2.4923 4671.04 1981.22
2.51722 4737.75 2019.77
2.54239 4805.52 2059.08
2.56782 4874.37 2099.16
2.59349 4944.31 2140.03
2.61943 5015.36 2181.69
2.64562 5087.54 2224.16
2.67208 5160.87 2267.47
2.6988 5235.38 2311.63
2.72579 5311.07 2356.65
2.75305 5387.97 2402.54
2.78058 5466.11 2449.34
2.80838 5545.5 2497.06
2.83647 5626.17 2545.7
2.86483 5708.14 2595.3
2.89348 5791.42 2645.87
2.92241 5876.05 2697.43
2.95164 5962.05 2750
2.98115 6049.44 2803.6
3.01097 6138.24 2858.24
3.04108 6228.48 2913.96
3.07149 6320.19 2970.77
3.1022 6413.39 3028.69
3.13322 6508.1 3087.75
3.16456 6604.36 3147.96
3.1962 6702.19 3209.35
3.22816 6801.61 3271.95
3.26045 6902.67 3335.77
3.29305 7005.38 3400.84
3.32598 7109.77 3467.19
3.35924 7215.87 3534.83
3.39283 7323.72 3603.8
3.42676 7433.35 3674.13
3.46103 7544.78 3745.83
3.49564 7658.05 3818.94
3.53059 7773.19 3893.48
3.5659 7890.24 3969.49
3.60156 8009.22 4046.98
3.63758 8130.17 4125.99
3.67395 8253.14 4206.55
3.71069 8378.14 4288.7
3.7478 8505.23 4372.45
3.78528 8634.43 4457.85
3.82313 8765.79 4544.92
3.86136 8899.33 4633.7
3.89997 9035.11 4724.22
3.93897 9173.17 4816.52
3.97836 9313.53 4910.63
4.01815 9456.25 5006.59
4.05833 9601.37 5104.43
4.09891 9748.92 5204.19
4.1399 9898.96 5305.91
4.1813 10051.5 5409.63
4.22311 10206.7 5515.38
4.26534 10364.4 5623.21
4.308 10524.8 5733.16
4.35108 10688 5845.26
4.39459 10853.9 5959.57
4.43853 11022.6 6076.12
4.48292 11194.2 6194.96
4.52775 11368.7 6316.14
4.57303 11546.1 6439.7
4.61876 11726.6 6565.68
4.66494 11910.2 6694.14
4.71159 12096.9 6825.13
4.75871 12286.8 6958.69
4.8063 12479.9 7094.87
4.85436 12676.3 7233.73
4.9029 12876.1 7375.32
4.95193 13079.4 7519.7
5.00145 13286.1 7666.91
5.05146 13496.4 7817.02
5.10198 13710.3 7970.08
5.153 13927.8 8126.15
5.20453 14149.2 8285.28
5.25657 14374.3 8447.55
5.30914 14603.4 8613.01
5.36223 14836.4 8781.73
5.41585 15073.4 8953.76
5.47001 15314.6 9129.18
5.52471 15559.9 9308.05
5.57996 15809.5 9490.44
5.63576 16063.4 9676.41
5.69212 16321.7 9866.05
5.74904 16584.6 10059.4
5.80653 16852 10256.6
5.86459 17124.1 10457.7
5.92324 17400.9 10662.7
5.98247 17682.6 10871.7
6.0423 17969.2 11084.9
6.10272 18260.8 11302.3
6.16375 18557.6 11523.9
6.22538 18859.5 11749.9
6.28764 19166.7 11980.4
6.35051 19479.4 12215.4
6.41402 19797.5 12455
6.47816 20121.3 12699.4
6.54294 20450.7 12948.5
6.60837 20786 13202.6
6.67445 21127.1 13461.7
6.7412 21474.3 13725.9
6.80861 21827.7 13995.3
6.8767 22187.3 14270
6.94546 22553.2 14550.1
7.01492 22925.7 14835.7
7.08507 23304.8 15127
7.15592 23690.6 15424
7.22748 24083.2 15726.9
7.29975 24482.8 16035.7
7.37275 24889.6 16350.7
7.44648 25303.6 16671.8
7.52094 25725 16999.3
7.59615 26153.9 17333.2
7.67211 26590.4 17673.8
7.74883 27034.8 18021
7.82632 27487.1 18375.1
7.90459 27947.6 18736.2
7.98363 28416.2 19104.4
8.06347 28893.3 19479.8
8.1441 29378.9 19862.7
8.22554 29873.3 20253.1
8.3078 30376.5 20651.3
8.39088 30888.8 21057.3
8.47479 31410.4 21471.3
8.55953 31941.3 21893.5
8.64513 32481.8 22324
8.73158 33032 22763
8.8189 33592.2 23210.7
8.90709 34162.5 23667.2
8.99616 34743.1 24132.8
9.08612 35334.2 24607.5
9.17698 35936 25091.6
9.26875 36548.8 25585.3
9.36144 37172.6 26088.7
9.45505 37807.8 26602.1
9.5496 38454.5 27125.6
9.6451 39112.9 27659.5
9.74155 39783.4 28203.9
9.83896 40466 28759
9.93735 41161.1 29325.2
10.0367 41868.8 29902.5
10.1371 42589.5 30491.2
10.2385 43323.3 31091.6
10.3409 44070.5 31703.9
10.4443 44831.3 32328.2
10.5487 45606.1 32964.9
10.6542 46395 33614.2
10.7607 47198.4 34276.3
10.8683 48016.5 34951.5
10.977 48849.6 35640.1
11.0868 49698 36342.3
11.1977 50562 37058.3
11.3096 51441.8 37788.6
11.4227 52337.8 38533.3
11.537 53250.3 39292.7
11.6523 54179.6 40067.1
11.7689 55126 40856.9
11.8865 56089.8 41662.3
12.0054 57071.4 42483.6
12.1255 58071.1 43321.2
12.2467 59089.3 44175.3
12.3692 60126.3 45046.4
12.4929 61182.4 45934.7
12.6178 62258.1 46840.6
12.744 63353.7 47764.4
12.8714 64469.6 48706.5
13.0001 65606.1 49667.3
13.1301 66763.7 50647.1
13.2614 67942.8 51646.3
13.3941 69143.8 52665.2
13.528 70367 53704.4
13.6633 71613 54764.1
13.7999 72882.1 55844.9
13.9379 74174.9 56947
14.0773 75491.7 58071
14.2181 76833 59217.2
14.3602 78199.4 60386.2
14.5038 79591.1 61578.3
14.6489 81008.9 62794
14.7954 82453.1 64033.8
14.9433 83924.2 65298.2
15.0928 85422.9 66587.6
15.2437 86949.5 67902.6
15.3961 88504.7 69243.7
15.5501 90089 70611.4
15.7056 91703 72006.1
15.8626 93347.1 73428.5
16.0213 95022.1 74879.1
16.1815 96728.5 76358.5
16.3433 98466.9 77867.2
16.5067 100238 79405.9
16.6718 102042 80975
16.8385 103880 82575.3
17.0069 105753 84207.2
17.177 107661 85871.6
17.3487 109605 87569
17.5222 111585 89300.1
17.6974 113603 91065.4
17.8744 115658 92865.9
18.0532 117753 94702
18.2337 119886 96574.6
18.416 122061 98484.3
18.6002 124276 100432
18.7862 126533 102418
18.9741 128832 104444
19.1638 131175 106510
19.3554 133563 108617
19.549 135995 110766
19.7445 138474 112957
19.9419 140999 115192
20.1413 143572 117471
20.3427 146194 119796
20.5462 148866 122166
20.7516 151588 124584
20.9592 154362 127050
21.1687 157189 129565
21.3804 160069 132129
21.5942 163004 134745
21.8102 165995 137412
22.0283 169043 140133
22.2486 172148 142908
22.4711 175313 145737
22.6958 178538 148623
22.9227 181824 151567
23.1519 185173 154568
23.3835 188585 157630
23.6173 192063 160752
23.8535 195607 163936
24.092 199219 167184
24.3329 202899 170496
24.5763 206650 173874
24.822 210472 177319
25.0702 214368 180833
25.3209 218338 184416
25.5742 222383 188071
25.8299 226506 191799
26.0882 230708 195600
26.3491 234991 199477
26.6126 239355 203431
26.8787 243803 207464
27.1475 248336 211577
27.419 252956 215772
27.6931 257665 220050
27.9701 262464 224414
28.2498 267354 228864
28.5323 272339 233402
28.8176 277420 238031
29.1058 282598 242752
29.3968 287875 247567
29.6908 293254 252478
29.9877 298736 257487
30.2876 304324 262595
30.5905 310019 267805
30.8964 315824 273118
31.2053 321740 278537
31.5174 327770 284065
31.8326 333917 289702
32.1509 340181 295451
32.4724 346567 301315
32.7971 353076 307295
33.1251 359710 313395
33.4563 366472 319616
33.7909 373364 325961
34.1288 380389 332432
34.4701 387551 339032
34.8148 394850 345763
35.1629 402290 352629
35.5146 409874 359631
35.8697 417605 366773
36.2284 425485 374057
36.5907 433517 381486
36.9566 441705 389063
37.3262 450051 396791
37.6994 458559 404673
38.0764 467231 412712
38.4572 476071 420911
38.8418 485083 429273
39.2302 494269 437802
39.6225 503633 446501
40.0187 513178 455373
40.4189 522909 464423
40.8231 532828 473652
41.2313 542939 483065
41.6436 553247 492666
42.0601 563755 502459
42.4807 574467 512446
42.9055 585387 522633
43.3345 596519 533022
43.7679 607867 543619
44.2056 619435 554427
44.6476 631229 565451
45.0941 643252 576694
45.545 655508 588161
46.0005 668003 599857
46.4605 680741 611786
46.9251 693727 623954
47.3943 706965 636363
47.8683 720462 649021
48.347 734221 661930
48.8304 748248 675097
49.3187 762548 688527
49.8119 777127 702225
50.31 791990 716196
50.8131 807143 730445
51.3213 822591 744979
51.8345 838340 759802
52.3528 854397 774922
52.8764 870767 790343
53.4051 887456 806072
53.9392 904471 822114
54.4786 921818 838477
55.0234 939504 855166
55.5736 957536 872188
56.1293 975919 889550
56.6906 994662 907258
57.2575 1.01377e+06 925320
57.8301 1.03325e+06 943742
58.4084 1.05312e+06 962532
58.9925 1.07337e+06 981697
59.5824 1.09402e+06 1.00124e+06
60.1782 1.11507e+06 1.02118e+06
60.78 1.13653e+06 1.04152e+06
61.3878 1.15842e+06 1.06226e+06
62.0017 1.18073e+06 1.08341e+06
62.6217 1.20348e+06 1.10499e+06
63.2479 1.22667e+06 1.127e+06
63.8804 1.25032e+06 1.14945e+06
64.5192 1.27443e+06 1.17235e+06
65.1644 1.29902e+06 1.1957e+06
65.816 1.32408e+06 1.21952e+06
66.4742 1.34964e+06 1.24381e+06
67.1389 1.3757e+06 1.2686e+06
67.8103 1.40226e+06 1.29387e+06
68.4884 1.42935e+06 1.31965e+06
69.1733 1.45697e+06 1.34595e+06
69.8651 1.48514e+06 1.37277e+06
70.5637 1.51385e+06 1.40012e+06
71.2693 1.54313e+06 1.42803e+06
71.982 1.57298e+06 1.45648e+06
72.7019 1.60342e+06 1.48551e+06
73.4289 1.63446e+06 1.51512e+06
74.1632 1.66611e+06 1.54532e+06
74.9048 1.69837e+06 1.57612e+06
75.6538 1.73127e+06 1.60754e+06
76.4104 1.76482e+06 1.63959e+06
77.1745 1.79903e+06 1.67227e+06
77.9462 1.83391e+06 1.70561e+06
78.7257 1.86947e+06 1.73962e+06
79.513 1.90574e+06 1.7743e+06
80.3081 1.94271e+06 1.80968e+06
81.1112 1.98042e+06 1.84577e+06
81.9223 2.01886e+06 1.88257e+06
82.7415 2.05806e+06 1.92011e+06
83.5689 2.09803e+06 1.9584e+06
84.4046 2.13879e+06 1.99746e+06
85.2486 2.18035e+06 2.0373e+06
86.1011 2.22273e+06 2.07793e+06
86.9621 2.26595e+06 2.11938e+06
87.8318 2.31001e+06 2.16165e+06
88.7101 2.35494e+06 2.20477e+06
89.5972 2.40076e+06 2.24875e+06
90.4932 2.44747e+06 2.29361e+06
91.3981 2.49511e+06 2.33937e+06
92.3121 2.54369e+06 2.38604e+06
93.2352 2.59322e+06 2.43365e+06
94.1675 2.64373e+06 2.4822e+06
95.1092 2.69524e+06 2.53173e+06
96.0603 2.74776e+06 2.58225e+06
97.0209 2.80132e+06 2.63378e+06
97.9911 2.85593e+06 2.68633e+06
98.971 2.91162e+06 2.73994e+06
99.9607 2.96841e+06 2.79462e+06
