0.001 1.00702 0.000987845
0.00101 1.0171 0.00100515
0.0010201 1.02728 0.00102276
0.0010303 1.03756 0.00104067
0.0010406 1.04795 0.00105891
0.00105101 1.05844 0.00107747
0.00106152 1.06903 0.00109635
0.00107214 1.07973 0.00111557
0.00108286 1.09054 0.00113512
0.00109369 1.10146 0.00115502
0.00110462 1.11248 0.00117528
0.00111567 1.12362 0.00119589
0.00112683 1.13487 0.00121686
0.00113809 1.14623 0.0012382
0.00114947 1.15771 0.00125992
0.00116097 1.1693 0.00128203
0.00117258 1.181 0.00130452
0.0011843 1.19282 0.00132742
0.00119615 1.20477 0.00135071
0.00120811 1.21683 0.00137442
0.00122019 1.22901 0.00139855
0.00123239 1.24131 0.0014231
0.00124472 1.25374 0.00144809
0.00125716 1.26629 0.00147352
0.00126973 1.27897 0.0014994
0.00128243 1.29178 0.00152573
0.00129526 1.30471 0.00155254
0.00130821 1.31777 0.00157981
0.00132129 1.33097 0.00160757
0.0013345 1.34429 0.00163582
0.00134785 1.35775 0.00166457
0.00136133 1.37135 0.00169383
0.00137494 1.38508 0.00172361
0.00138869 1.39894 0.00175391
0.00140258 1.41295 0.00178475
0.0014166 1.4271 0.00181614
0.00143077 1.44139 0.00184808
0.00144508 1.45582 0.00188059
0.00145953 1.4704 0.00191367
0.00147412 1.48512 0.00194734
0.00148886 1.49999 0.0019816
0.00150375 1.51501 0.00201648
0.00151879 1.53018 0.00205197
0.00153398 1.5455 0.00208809
0.00154932 1.56098 0.00212485
0.00156481 1.57661 0.00216226
0.00158046 1.5924 0.00220034
0.00159626 1.60835 0.00223909
0.00161223 1.62445 0.00227852
0.00162835 1.64072 0.00231866
0.00164463 1.65715 0.00235951
0.00166108 1.67375 0.00240108
0.00167769 1.69051 0.0024434
0.00169447 1.70744 0.00248646
0.00171141 1.72454 0.00253029
0.00172852 1.74181 0.00257489
0.00174581 1.75925 0.00262029
0.00176327 1.77687 0.00266649
0.0017809 1.79467 0.00271351
0.00179871 1.81264 0.00276137
0.0018167 1.83079 0.00281008
0.00183486 1.84913 0.00285966
0.00185321 1.86765 0.00291011
0.00187174 1.88636 0.00296146
0.00189046 1.90525 0.00301373
0.00190937 1.92433 0.00306692
0.00192846 1.94361 0.00312106
0.00194774 1.96307 0.00317616
0.00196722 1.98274 0.00323224
0.00198689 2.0026 0.00328932
0.00200676 2.02266 0.00334741
0.00202683 2.04292 0.00340654
0.0020471 2.06338 0.00346672
0.00206757 2.08405 0.00352797
0.00208825 2.10492 0.00359031
0.00210913 2.12601 0.00365376
0.00213022 2.14731 0.00371834
0.00215152 2.16882 0.00378406
0.00217304 2.19054 0.00385096
0.00219477 2.21249 0.00391905
0.00221672 2.23465 0.00398836
0.00223888 2.25704 0.00405889
0.00226127 2.27965 0.00413069
0.00228388 2.30249 0.00420376
0.00230672 2.32556 0.00427814
0.00232979 2.34886 0.00435384
0.00235309 2.37239 0.00443089
0.00237662 2.39616 0.00450931
0.00240038 2.42016 0.00458914
0.00242439 2.44441 0.00467038
0.00244863 2.4689 0.00475308
0.00247312 2.49364 0.00483725
0.00249785 2.51862 0.00492292
0.00252283 2.54386 0.00501012
0.00254806 2.56935 0.00509887
0.00257354 2.59509 0.00518921
0.00259927 2.6211 0.00528117
0.00262527 2.64736 0.00537476
0.00265152 2.67389 0.00547002
0.00267803 2.70068 0.00556699
0.00270481 2.72775 0.00566569
0.00273186 2.75508 0.00576615
0.00275918 2.78269 0.0058684
0.00278677 2.81058 0.00597249
0.00281464 2.83874 0.00607843
0.00284279 2.86719 0.00618626
0.00287121 2.89593 0.00629603
0.00289993 2.92495 0.00640775
0.00292893 2.95426 0.00652147
0.00295822 2.98387 0.00663723
0.0029878 3.01378 0.00675506
0.00301768 3.04398 0.00687499
0.00304785 3.07449 0.00699707
0.00307833 3.10531 0.00712133
0.00310911 3.13643 0.00724782
0.0031402 3.16787 0.00737657
0.00317161 3.19962 0.00750762
0.00320332 3.2317 0.00764102
0.00323536 3.26409 0.00777681
0.00326771 3.29681 0.00791503
0.00330039 3.32986 0.00805573
0.00333339 3.36324 0.00819895
0.00336672 3.39695 0.00834473
0.00340039 3.43101 0.00849312
0.0034344 3.4654 0.00864417
0.00346874 3.50014 0.00879793
0.00350343 3.53523 0.00895445
0.00353846 3.57067 0.00911377
0.00357385 3.60647 0.00927594
0.00360958 3.64263 0.00944103
0.00364568 3.67915 0.00960908
0.00368214 3.71604 0.00978014
0.00371896 3.7533 0.00995426
0.00375615 3.79093 0.0101315
0.00379371 3.82895 0.0103119
0.00383165 3.86734 0.0104956
0.00386996 3.90612 0.0106826
0.00390866 3.94529 0.0108729
0.00394775 3.98485 0.0110667
0.00398723 4.02481 0.0112639
0.0040271 4.06517 0.0114646
0.00406737 4.10594 0.011669
0.00410804 4.14712 0.011877
0.00414912 4.18871 0.0120888
0.00419062 4.23072 0.0123044
0.00423252 4.27315 0.0125239
0.00427485 4.31601 0.0127473
0.0043176 4.35929 0.0129747
0.00436077 4.40302 0.0132062
0.00440438 4.44718 0.0134418
0.00444842 4.49179 0.0136818
0.00449291 4.53685 0.013926
0.00453784 4.58235 0.0141746
0.00458321 4.62832 0.0144277
0.00462905 4.67475 0.0146853
0.00467534 4.72165 0.0149476
0.00472209 4.76901 0.0152146
0.00476931 4.81686 0.0154864
0.004817 4.86518 0.0157631
0.00486517 4.91399 0.0160448
0.00491383 4.96329 0.0163316
0.00496296 5.01309 0.0166235
0.00501259 5.06339 0.0169207
0.00506272 5.11419 0.0172232
0.00511335 5.16551 0.0175312
0.00516448 5.21734 0.0178447
0.00521613 5.2697 0.0181639
0.00526829 5.32258 0.0184888
0.00532097 5.37599 0.0188197
0.00537418 5.42994 0.0191564
0.00542792 5.48443 0.0194993
0.0054822 5.53947 0.0198483
0.00553702 5.59507 0.0202036
0.00559239 5.65122 0.0205653
0.00564832 5.70794 0.0209336
0.0057048 5.76523 0.0213085
0.00576185 5.8231 0.0216902
0.00581947 5.88155 0.0220788
0.00587766 5.94059 0.0224743
0.00593644 6.00022 0.0228771
0.0059958 6.06045 0.0232871
0.00605576 6.12129 0.0237045
0.00611632 6.18274 0.0241294
0.00617748 6.24481 0.0245621
0.00623926 6.30751 0.0250025
0.00630165 6.37084 0.0254509
0.00636466 6.4348 0.0259074
0.00642831 6.49941 0.0263722
0.00649259 6.56467 0.0268454
0.00655752 6.63059 0.0273271
0.0066231 6.69717 0.0278175
0.00668933 6.76442 0.0283168
0.00675622 6.83235 0.0288252
0.00682378 6.90097 0.0293427
0.00689202 6.97027 0.0298696
0.00696094 7.04028 0.0304061
0.00703055 7.11099 0.0309523
0.00710085 7.18241 0.0315083
0.00717186 7.25455 0.0320744
0.00724358 7.32742 0.0326508
0.00731602 7.40102 0.0332376
0.00738918 7.47537 0.0338351
0.00746307 7.55047 0.0344433
0.0075377 7.62632 0.0350626
0.00761308 7.70293 0.0356932
0.00768921 7.78032 0.0363351
0.0077661 7.85849 0.0369887
0.00784376 7.93745 0.0376541
0.0079222 8.01721 0.0383316
0.00800142 8.09777 0.0390214
0.00808144 8.17914 0.0397237
0.00816225 8.26133 0.0404388
0.00824387 8.34435 0.0411668
0.00832631 8.42821 0.041908
0.00840957 8.51291 0.0426627
0.00849367 8.59847 0.0434311
0.00857861 8.6849 0.0442135
0.00866439 8.77219 0.04501
0.00875104 8.86037 0.045821
0.00883855 8.94943 0.0466468
0.00892693 9.0394 0.0474875
0.0090162 9.13027 0.0483435
0.00910636 9.22206 0.0492151
0.00919743 9.31478 0.0501025
0.0092894 9.40843 0.0510061
0.0093823 9.50303 0.0519261
0.00947612 9.59859 0.0528628
0.00957088 9.69511 0.0538165
0.00966659 9.7926 0.0547876
0.00976325 9.89108 0.0557763
0.00986089 9.99055 0.0567831
0.0099595 10.091 0.0578081
0.0100591 10.1925 0.0588518
0.0101597 10.295 0.0599145
0.0102613 10.3986 0.0609966
0.0103639 10.5032 0.0620983
0.0104675 10.6089 0.0632202
0.0105722 10.7156 0.0643624
0.0106779 10.8234 0.0655255
0.0107847 10.9323 0.0667097
0.0108926 11.0423 0.0679155
0.0110015 11.1534 0.0691433
0.0111115 11.2656 0.0703935
0.0112226 11.379 0.0716664
0.0113348 11.4935 0.0729626
0.0114482 11.6092 0.0742824
0.0115627 11.726 0.0756262
0.0116783 11.844 0.0769946
0.0117951 11.9633 0.0783879
0.011913 12.0837 0.0798067
0.0120322 12.2053 0.0812513
0.0121525 12.3282 0.0827223
0.012274 12.4523 0.0842202
0.0123967 12.5777 0.0857454
0.0125207 12.7043 0.0872984
0.0126459 12.8322 0.0888798
0.0127724 12.9615 0.0904901
0.0129001 13.092 0.0921298
0.0130291 13.2238 0.0937994
0.0131594 13.357 0.0954995
0.013291 13.4916 0.0972308
0.0134239 13.6275 0.0989936
0.0135581 13.7647 0.100789
0.0136937 13.9034 0.102617
0.0138307 14.0435 0.104478
0.013969 14.185 0.106373
0.0141086 14.3279 0.108303
0.0142497 14.4722 0.110269
0.0143922 14.6181 0.11227
0.0145362 14.7654 0.114308
0.0146815 14.9142 0.116383
0.0148283 15.0645 0.118496
0.0149766 15.2164 0.120648
0.0151264 15.3697 0.122839
0.0152776 15.5247 0.125071
0.0154304 15.6812 0.127343
0.0155847 15.8393 0.129657
0.0157406 15.999 0.132013
0.015898 16.1603 0.134412
0.016057 16.3233 0.136856
0.0162175 16.4879 0.139344
0.0163797 16.6542 0.141877
0.0165435 16.8221 0.144458
0.0167089 16.9918 0.147085
0.016876 17.1632 0.149761
0.0170448 17.3364 0.152486
0.0172152 17.5113 0.15526
0.0173874 17.6879 0.158086
0.0175613 17.8664 0.160963
0.0177369 18.0467 0.163894
0.0179142 18.2288 0.166878
0.0180934 18.4128 0.169917
0.0182743 18.5986 0.173011
0.0184571 18.7864 0.176163
0.0186416 18.976 0.179372
0.018828 19.1676 0.18264
0.0190163 19.3611 0.185969
0.0192065 19.5566 0.189358
0.0193986 19.7541 0.19281
0.0195925 19.9536 0.196325
0.0197885 20.1551 0.199905
0.0199864 20.3586 0.20355
0.0201862 20.5643 0.207263
0.0203881 20.772 0.211044
0.020592 20.9819 0.214894
0.0207979 21.1939 0.218815
0.0210059 21.408 0.222809
0.0212159 21.6243 0.226876
0.0214281 21.8429 0.231017
0.0216424 22.0636 0.235235
0.0218588 22.2866 0.239531
0.0220774 22.5119 0.243905
0.0222981 22.7395 0.248361
0.0225211 22.9694 0.252898
0.0227463 23.2016 0.257518
0.0229738 23.4363 0.262224
0.0232035 23.6733 0.267017
0.0234356 23.9127 0.271898
0.0236699 24.1546 0.276869
0.0239066 24.3989 0.281931
0.0241457 24.6457 0.287087
0.0243871 24.8951 0.292337
0.024631 25.147 0.297685
0.0248773 25.4015 0.303131
0.0251261 25.6585 0.308678
0.0253774 25.9182 0.314327
0.0256311 26.1806 0.32008
0.0258874 26.4456 0.325939
0.0261463 26.7134 0.331907
0.0264078 26.9839 0.337985
0.0266719 27.2571 0.344174
0.0269386 27.5332 0.350478
0.027208 27.812 0.356899
0.02748 28.0937 0.363438
0.0277548 28.3783 0.370098
0.0280324 28.6659 0.376881
0.0283127 28.9563 0.383789
0.0285958 29.2498 0.390825
0.0288818 29.5462 0.397991
0.0291706 29.8457 0.405289
0.0294623 30.1482 0.412722
0.029757 30.4539 0.420293
0.0300545 30.7627 0.428003
0.0303551 31.0746 0.435857
0.0306586 31.3897 0.443855
0.0309652 31.7081 0.452002
0.0312749 32.0298 0.460299
0.0315876 32.3547 0.468749
0.0319035 32.683 0.477357
0.0322225 33.0146 0.486123
0.0325447 33.3497 0.495052
0.0328702 33.6882 0.504146
0.0331989 34.0301 0.513408
0.0335309 34.3756 0.522842
0.0338662 34.7247 0.532451
0.0342049 35.0773 0.542238
0.0345469 35.4335 0.552206
0.0348924 35.7934 0.562358
0.0352413 36.157 0.572699
0.0355937 36.5244 0.583232
0.0359496 36.8955 0.59396
0.0363091 37.2705 0.604887
0.0366722 37.6493 0.616016
0.037039 38.032 0.627352
0.0374093 38.4186 0.638898
0.0377834 38.8093 0.650658
0.0381613 39.2039 0.662637
0.0385429 39.6027 0.674837
0.0389283 40.0055 0.687265
0.0393176 40.4125 0.699923
0.0397108 40.8237 0.712815
0.0401079 41.2391 0.725948
0.040509 41.6588 0.739324
0.040914 42.0829 0.752948
0.0413232 42.5113 0.766826
0.0417364 42.9442 0.780961
0.0421538 43.3815 0.795359
0.0425753 43.8233 0.810025
0.0430011 44.2697 0.824963
0.0434311 44.7207 0.840179
0.0438654 45.1764 0.855678
0.044304 45.6368 0.871464
0.0447471 46.102 0.887545
0.0451946 46.572 0.903924
0.0456465 47.0468 0.920609
0.046103 47.5266 0.937603
0.046564 48.0113 0.954914
0.0470296 48.5011 0.972547
0.0474999 48.9959 0.990508
0.0479749 49.4958 1.0088
0.0484547 50.001 1.02744
0.0489392 50.5114 1.04642
0.0494286 51.027 1.06576
0.0499229 51.5481 1.08546
0.0504221 52.0745 1.10552
0.0509264 52.6064 1.12596
0.0514356 53.1438 1.14677
0.05195 53.6868 1.16798
0.0524695 54.2355 1.18958
0.0529942 54.7898 1.21158
0.0535241 55.35 1.234
0.0540594 55.9159 1.25683
0.0546 56.4878 1.28009
0.055146 57.0656 1.30378
0.0556974 57.6494 1.32791
0.0562544 58.2393 1.3525
0.0568169 58.8353 1.37754
0.0573851 59.4376 1.40305
0.0579589 60.0461 1.42903
0.0585385 60.661 1.4555
0.0591239 61.2823 1.48247
0.0597152 61.9101 1.50994
0.0603123 62.5444 1.53792
0.0609154 63.1854 1.56642
0.0615246 63.833 1.59546
0.0621398 64.4875 1.62503
0.0627612 65.1487 1.65516
0.0633888 65.8169 1.68586
0.0640227 66.4921 1.71713
0.064663 67.1744 1.74898
0.0653096 67.8638 1.78142
0.0659627 68.5604 1.81448
0.0666223 69.2643 1.84815
0.0672885 69.9756 1.88245
0.0679614 70.6943 1.91739
0.068641 71.4206 1.95299
0.0693275 72.1546 1.98925
0.0700207 72.8962 2.02619
0.0707209 73.6456 2.06383
0.0714281 74.4029 2.10216
0.0721424 75.1681 2.14122
0.0728638 75.9414 2.181
0.0735925 76.7228 2.22153
0.0743284 77.5125 2.26282
0.0750717 78.3104 2.30488
0.0758224 79.1168 2.34773
0.0765806 79.9317 2.39139
0.0773464 80.7551 2.43586
0.0781199 81.5873 2.48116
0.0789011 82.4282 2.52731
0.0796901 83.278 2.57433
0.080487 84.1367 2.62223
0.0812919 85.0046 2.67103
0.0821048 85.8816 2.72074
0.0829259 86.7678 2.77138
0.0837551 87.6635 2.82298
0.0845927 88.5686 2.87554
0.0854386 89.4833 2.92909
0.086293 90.4077 2.98364
0.0871559 91.3419 3.03921
0.0880275 92.286 3.09583
0.0889077 93.2401 3.15352
0.0897968 94.2043 3.21228
0.0906948 95.1788 3.27215
0.0916017 96.1636 3.33314
0.0925178 97.1589 3.39528
0.0934429 98.1647 3.45858
0.0943774 99.1813 3.52308
0.0953211 100.209 3.58878
0.0962743 101.247 3.65572
0.0972371 102.296 3.72392
0.0982095 103.357 3.7934
0.0991916 104.429 3.86418
0.100183 105.512 3.9363
0.101185 106.607 4.00977
0.102197 107.713 4.08462
0.103219 108.832 4.16089
0.104251 109.962 4.23858
0.105294 111.104 4.31774
0.106347 112.259 4.39838
0.10741 113.426 4.48055
0.108484 114.606 4.56426
0.109569 115.798 4.64954
0.110665 117.003 4.73643
0.111772 118.22 4.82496
0.112889 119.451 4.91515
0.114018 120.695 5.00704
0.115158 121.953 5.10067
0.11631 123.224 5.19605
0.117473 124.509 5.29323
0.118648 125.807 5.39225
0.119834 127.12 5.49312
0.121033 128.446 5.5959
0.122243 129.787 5.70062
0.123465 131.143 5.80731
0.1247 132.513 5.91601
0.125947 133.898 6.02676
0.127206 135.297 6.1396
0.128478 136.712 6.25457
0.129763 138.143 6.3717
0.131061 139.588 6.49105
0.132372 141.05 6.61265
0.133695 142.527 6.73654
0.135032 144.02 6.86276
0.136383 145.53 6.99138
0.137746 147.056 7.12241
0.139124 148.598 7.25593
0.140515 150.157 7.39196
0.14192 151.733 7.53056
0.143339 153.327 7.67178
0.144773 154.937 7.81567
0.146221 156.566 7.96227
0.147683 158.212 8.11164
0.14916 159.876 8.26384
0.150651 161.558 8.41891
0.152158 163.258 8.57691
0.153679 164.978 8.7379
0.155216 166.716 8.90193
0.156768 168.473 9.06906
0.158336 170.249 9.23936
0.159919 172.045 9.41287
0.161518 173.86 9.58966
0.163134 175.695 9.7698
0.164765 177.551 9.95335
0.166413 179.427 10.1404
0.168077 181.324 10.3309
0.169757 183.241 10.5251
0.171455 185.18 10.7229
0.17317 187.14 10.9245
0.174901 189.121 11.1299
0.17665 191.125 11.3392
0.178417 193.151 11.5524
0.180201 195.199 11.7697
0.182003 197.27 11.9911
0.183823 199.363 12.2167
0.185661 201.48 12.4466
0.187518 203.621 12.6808
0.189393 205.785 12.9195
0.191287 207.973 13.1627
0.1932 210.186 13.4105
0.195132 212.423 13.663
0.197083 214.685 13.9203
0.199054 216.972 14.1824
0.201045 219.285 14.4495
0.203055 221.624 14.7217
0.205086 223.989 14.9991
0.207136 226.38 15.2817
0.209208 228.798 15.5697
0.2113 231.243 15.8631
0.213413 233.716 16.1622
0.215547 236.216 16.4669
0.217702 238.745 16.7773
0.219879 241.301 17.0937
0.222078 243.887 17.4161
0.224299 246.502 17.7446
0.226542 249.146 18.0793
0.228807 251.82 18.4204
0.231095 254.524 18.7679
0.233406 257.258 19.1221
0.235741 260.024 19.483
0.238098 262.821 19.8508
0.240479 265.649 20.2255
0.242884 268.51 20.6074
0.245313 271.403 20.9965
0.247766 274.329 21.393
0.250243 277.288 21.797
0.252746 280.281 22.2088
0.255273 283.308 22.6284
0.257826 286.37 23.0559
0.260404 289.466 23.4916
0.263008 292.598 23.9355
0.265638 295.766 24.388
0.268295 298.969 24.849
0.270978 302.21 25.3188
0.273687 305.488 25.7975
0.276424 308.803 26.2854
0.279189 312.156 26.7825
0.28198 315.548 27.2891
0.2848 318.979 27.8053
0.287648 322.45 28.3314
0.290525 325.96 28.8675
0.29343 329.511 29.4138
0.296364 333.103 29.9705
0.299328 336.737 30.5378
0.302321 340.412 31.1159
0.305344 344.13 31.705
0.308398 347.892 32.3054
0.311482 351.697 32.9172
0.314597 355.546 33.5407
0.317743 359.44 34.176
0.32092 363.38 34.8235
0.324129 367.365 35.4833
0.32737 371.397 36.1557
0.330644 375.476 36.8409
0.333951 379.602 37.5392
0.33729 383.777 38.2508
0.340663 388.001 38.976
0.34407 392.275 39.715
0.34751 396.598 40.4681
0.350985 400.973 41.2356
0.354495 405.399 42.0178
0.35804 409.877 42.8148
0.361621 414.408 43.6271
0.365237 418.992 44.4549
0.368889 423.631 45.2985
0.372578 428.324 46.1582
0.376304 433.074 47.0344
0.380067 437.879 47.9272
0.383868 442.742 48.8371
0.387706 447.662 49.7645
0.391583 452.641 50.7095
0.395499 457.679 51.6726
0.399454 462.778 52.6541
0.403449 467.937 53.6543
0.407483 473.158 54.6737
0.411558 478.442 55.7126
0.415674 483.788 56.7713
0.41983 489.199 57.8503
0.424029 494.675 58.9499
0.428269 500.217 60.0705
0.432552 505.826 61.2126
0.436877 511.502 62.3765
0.441246 517.247 63.5627
0.445658 523.061 64.7716
0.450115 528.945 66.0036
0.454616 534.901 67.2592
0.459162 540.929 68.5388
0.463754 547.03 69.8429
0.468391 553.205 71.172
0.473075 559.456 72.5266
0.477806 565.783 73.9071
0.482584 572.186 75.314
0.48741 578.669 76.7478
0.492284 585.23 78.2092
0.497207 591.872 79.6985
0.502179 598.595 81.2163
0.507201 605.401 82.7633
0.512273 612.29 84.3399
0.517396 619.265 85.9467
0.52257 626.325 87.5843
0.527795 633.472 89.2533
0.533073 640.708 90.9543
0.538404 648.033 92.6879
0.543788 655.449 94.4547
0.549226 662.957 96.2554
0.554718 670.559 98.0907
0.560265 678.254 99.9612
0.565868 686.046 101.868
0.571527 693.935 103.81
0.577242 701.922 105.791
0.583014 710.009 107.809
0.588844 718.198 109.866
0.594733 726.489 111.962
0.60068 734.884 114.099
0.606687 743.385 116.276
0.612754 751.992 118.496
0.618881 760.708 120.758
0.62507 769.534 123.064
0.631321 778.472 125.413
0.637634 787.523 127.808
0.644011 796.688 130.249
0.650451 805.97 132.737
0.656955 815.37 135.273
0.663525 824.889 137.857
0.67016 834.53 140.491
0.676862 844.293 143.176
0.68363 854.182 145.912
0.690466 864.196 148.701
0.697371 874.339 151.544
0.704345 884.613 154.441
0.711388 895.018 157.394
0.718502 905.557 160.403
0.725687 916.232 163.471
0.732944 927.044 166.597
0.740273 937.997 169.784
0.747676 949.091 173.032
0.755153 960.328 176.342
0.762705 971.712 179.716
0.770332 983.243 183.156
0.778035 994.925 186.661
0.785815 1006.76 190.234
0.793673 1018.75 193.875
0.80161 1030.89 197.587
0.809626 1043.19 201.37
0.817722 1055.66 205.226
0.8259 1068.29 209.156
0.834159 1081.08 213.162
0.8425 1094.05 217.245
0.850925 1107.18 221.407
0.859435 1120.49 225.649
0.868029 1133.97 229.973
0.876709 1147.63 234.38
0.885476 1161.47 238.872
0.894331 1175.5 243.45
0.903274 1189.71 248.117
0.912307 1204.11 252.874
0.92143 1218.71 257.722
0.930644 1233.5 262.664
0.939951 1248.48 267.701
0.94935 1263.67 272.836
0.958844 1279.06 278.069
0.968432 1294.66 283.403
0.978117 1310.47 288.841
0.987898 1326.49 294.383
0.997777 1342.72 300.032
1.00775 1359.18 305.79
1.01783 1375.86 311.659
1.02801 1392.76 317.642
1.03829 1409.9 323.74
1.04867 1427.27 329.956
1.05916 1444.87 336.292
1.06975 1462.71 342.75
1.08045 1480.8 349.332
1.09125 1499.14 356.042
1.10217 1517.72 362.882
1.11319 1536.56 369.854
1.12432 1555.66 376.96
1.13556 1575.02 384.204
1.14692 1594.65 391.587
1.15839 1614.55 399.113
1.16997 1634.73 406.785
1.18167 1655.18 414.605
1.19349 1675.92 422.576
1.20542 1696.94 430.702
1.21748 1718.26 438.984
1.22965 1739.88 447.427
1.24195 1761.79 456.032
1.25437 1784.01 464.805
1.26691 1806.55 473.746
1.27958 1829.4 482.861
1.29238 1852.56 492.152
1.3053 1876.06 501.623
1.31835 1899.88 511.278
1.33154 1924.04 521.119
1.34485 1948.55 531.15
1.3583 1973.39 541.376
1.37188 1998.59 551.799
1.3856 2024.15 562.425
1.39946 2050.07 573.256
1.41345 2076.36 584.296
1.42759 2103.02 595.551
1.44186 2130.06 607.023
1.45628 2157.49 618.718
1.47085 2185.31 630.639
1.48555 2213.53 642.791
1.50041 2242.16 655.179
1.51541 2271.19 667.807
1.53057 2300.65 680.679
1.54587 2330.53 693.801
1.56133 2360.84 707.177
1.57695 2391.58 720.812
1.59271 2422.78 734.712
1.60864 2454.42 748.881
1.62473 2486.53 763.325
1.64098 2519.1 778.049
1.65739 2552.15 793.058
1.67396 2585.67 808.358
1.6907 2619.69 823.956
1.70761 2654.21 839.856
1.72468 2689.23 856.064
1.74193 2724.76 872.587
1.75935 2760.82 889.43
1.77694 2797.41 906.6
1.79471 2834.54 924.104
1.81266 2872.21 941.947
1.83078 2910.44 960.137
1.84909 2949.24 978.679
1.86758 2988.62 997.582
1.88626 3028.57 1016.85
1.90512 3069.13 1036.5
1.92417 3110.28 1056.52
1.94341 3152.05 1076.94
1.96285 3194.44 1097.75
1.98248 3237.47 1118.96
2.0023 3281.14 1140.59
2.02232 3325.47 1162.64
2.04255 3370.46 1185.11
2.06297 3416.13 1208.02
2.0836 3462.49 1231.38
2.10444 3509.55 1255.19
2.12548 3557.32 1279.47
2.14674 3605.81 1304.22
2.16821 3655.03 1329.44
2.18989 3705.01 1355.16
2.21179 3755.74 1381.38
2.2339 3807.24 1408.11
2.25624 3859.53 1435.36
2.27881 3912.62 1463.14
2.30159 3966.52 1491.45
2.32461 4021.24 1520.32
2.34786 4076.8 1549.76
2.37134 4133.22 1579.76
2.39505 4190.5 1610.35
2.419 4248.66 1641.53
2.44319 4307.72 1673.32
2.46762 4367.69 1705.73
2.4923 4428.59 1738.77
2.51722 4490.43 1772.46
2.54239 4553.23 1806.79
2.56782 4617.01 1841.8
2.59349 4681.77 1877.49
2.61943 4747.55 1913.88
2.64562 4814.35 1950.97
2.67208 4882.19 1988.79
2.6988 4951.09 2027.34
2.72579 5021.07 2066.65
2.75305 5092.15 2106.72
2.78058 5164.34 2147.57
2.80838 5237.66 2189.21
2.83647 5312.14 2231.67
2.86483 5387.8 2274.96
2.89348 5464.65 2319.09
2.92241 5542.71 2364.08
2.95164 5622 2409.95
2.98115 5702.55 2456.72
3.01097 5784.38 2504.39
3.04108 5867.51 2553
3.07149 5951.97 2602.55
3.1022 6037.76 2653.07
3.13322 6124.93 2704.57
3.16456 6213.48 2757.08
3.1962 6303.46 2810.62
3.22816 6394.87 2865.2
3.26045 6487.75 2920.85
3.29305 6582.11 2977.58
3.32598 6678 3035.42
3.35924 6775.43 3094.38
3.39283 6874.42 3154.5
3.42676 6975.02 3215.8
3.46103 7077.24 3278.29
3.49564 7181.11 3342
3.53059 7286.66 3406.95
3.5659 7393.93 3473.18
3.60156 7502.94 3540.7
3.63758 7613.71 3609.53
3.67395 7726.3 3679.71
3.71069 7840.71 3751.27
3.7478 7956.99 3824.22
3.78528 8075.18 3898.6
3.82313 8195.29 3974.43
3.86136 8317.37 4051.74
3.89997 8441.46 4130.57
3.93897 8567.58 4210.93
3.97836 8695.77 4292.87
4.01815 8826.07 4376.41
4.05833 8958.52 4461.59
4.09891 9093.15 4548.43
4.1399 9230.01 4636.96
4.1813 9369.13 4727.23
4.22311 9510.55 4819.27
4.26534 9654.32 4913.11
4.308 9800.47 5008.78
4.35108 9949.04 5106.33
4.39459 10100.1 5205.78
4.43853 10253.7 5307.18
4.48292 10409.8 5410.57
4.52775 10568.5 5515.98
4.57303 10729.9 5623.46
4.61876 10894 5733.03
4.66494 11060.8 5844.76
4.71159 11230.4 5958.67
4.75871 11402.9 6074.81
4.8063 11578.2 6193.23
4.85436 11756.6 6313.97
4.9029 11937.9 6437.07
4.95193 12122.3 6562.59
5.00145 12309.7 6690.56
5.05146 12500.4 6821.05
5.10198 12694.3 6954.09
5.153 12891.4 7089.73
5.20453 13091.9 7228.04
5.25657 13295.8 7369.06
5.30914 13503.2 7512.84
5.36223 13714.1 7659.44
5.41585 13928.6 7808.91
5.47001 14146.7 7961.32
5.52471 14368.5 8116.72
5.57996 14594.2 8275.16
5.63576 14823.7 8436.71
5.69212 15057.1 8601.43
5.74904 15294.5 8769.38
5.80653 15536 8940.63
5.86459 15781.7 9115.24
5.92324 16031.5 9293.27
5.98247 16285.7 9474.8
6.0423 16544.2 9659.89
6.10272 16807.2 9848.61
6.16375 17074.7 10041
6.22538 17346.8 10237.2
6.28764 17623.7 10437.3
6.35051 17905.3 10641.3
6.41402 18191.8 10849.3
6.47816 18483.2 11061.4
6.54294 18779.8 11277.6
6.60837 19081.4 11498.1
6.67445 19388.4 11722.9
6.7412 19700.6 11952.2
6.80861 20018.3 12185.9
6.8767 20341.5 12424.2
6.94546 20670.4 12667.3
7.01492 21005 12915.1
7.08507 21345.5 13167.7
7.15592 21691.9 13425.4
7.22748 22044.3 13688
7.29975 22403 13955.9
7.37275 22768 14229
7.44648 23139.3 14507.5
7.52094 23517.2 14791.5
7.59615 23901.7 15081.1
7.67211 24293 15376.3
7.74883 24691.2 15677.4
7.82632 25096.4 15984.4
7.90459 25508.8 16297.4
7.98363 25928.4 16616.6
8.06347 26355.5 16942
8.1441 26790.1 17273.9
8.22554 27232.5 17612.3
8.3078 27682.6 17957.4
8.39088 28140.8 18309.2
8.47479 28607.1 18668
8.55953 29081.6 19033.8
8.64513 29564.6 19406.8
8.73158 30056.2 19787.2
8.8189 30556.6 20175.1
8.90709 31065.9 20570.6
8.99616 31584.3 20973.9
9.08612 32111.9 21385.2
9.17698 32648.9 21804.5
9.26875 33195.6 22232.1
9.36144 33752.1 22668.1
9.45505 34318.5 23112.8
9.5496 34895 23566.2
9.6451 35482 24028.5
9.74155 36079.4 24499.9
9.83896 36687.6 24980.6
9.93735 37306.7 25470.8
10.0367 37937 25970.7
10.1371 38578.6 26480.4
10.2385 39231.8 27000.1
10.3409 39896.7 27530.1
10.4443 40573.7 28070.6
10.5487 41262.9 28621.7
10.6542 41964.5 29183.7
10.7607 42678.8 29756.8
10.8683 43406.1 30341.1
10.977 44146.5 30937
11.0868 44900.4 31544.7
11.1977 45667.9 32164.3
11.3096 46449.4 32796.2
11.4227 47245.1 33440.5
11.537 48055.2 34097.6
11.6523 48880 34767.6
11.7689 49719.9 35450.8
11.8865 50575.1 36147.6
12.0054 51445.8 36858
12.1255 52332.5 37582.5
12.2467 53235.3 38321.3
12.3692 54154.6 39074.7
12.4929 55090.7 39843
12.6178 56044 40626.5
12.744 57014.7 41425.4
12.8714 58003.1 42240.1
13.0001 59009.7 43070.9
13.1301 60034.7 43918.1
13.2614 61078.5 44782
13.3941 62141.5 45663
13.528 63224 46561.4
13.6633 64326.4 47477.6
13.7999 65449.1 48411.9
13.9379 66592.5 49364.6
14.0773 67756.9 50336.2
14.2181 68942.8 51326.9
14.3602 70150.5 52337.3
14.5038 71380.5 53367.6
14.6489 72633.2 54418.3
14.7954 73909 55489.7
14.9433 75208.5 56582.4
15.0928 76531.9 57696.7
15.2437 77879.8 58833
15.3961 79252.7 59991.7
15.5501 80651.1 61173.4
15.7056 82075.3 62378.5
15.8626 83526 63607.4
16.0213 85003.5 64860.6
16.1815 86508.5 66138.6
16.3433 88041.5 67441.9
16.5067 89602.9 68770.9
16.6718 91193.4 70126.3
16.8385 92813.5 71508.5
17.0069 94463.7 72918.1
17.177 96144.7 74355.5
17.3487 97857 75821.4
17.5222 99601.2 77316.4
17.6974 101378 78840.9
17.8744 103188 80395.6
18.0532 105032 81981.1
18.2337 106910 83598
18.416 108823 85246.9
18.6002 110772 86928.4
18.7862 112758 88643.3
18.9741 114780 90392.1
19.1638 116841 92175.6
19.3554 118940 93994.4
19.549 121079 95849.2
19.7445 123257 97740.8
19.9419 125477 99669.8
20.1413 127738 101637
20.3427 130042 103643
20.5462 132389 105689
20.7516 134780 107776
20.9592 137216 109904
21.1687 139698 112074
21.3804 142227 114287
21.5942 144803 116544
21.8102 147428 118846
22.0283 150103 121193
22.2486 152828 123587
22.4711 155604 126029
22.6958 158433 128518
22.9227 161315 131058
23.1519 164251 133647
23.3835 167244 136288
23.6173 170292 138981
23.8535 173399 141728
24.092 176564 144529
24.3329 179789 147386
24.5763 183075 150300
24.822 186424 153271
25.0702 189836 156301
25.3209 193313 159392
25.5742 196855 162543
25.8299 200465 165758
26.0882 204144 169036
26.3491 207892 172379
26.6126 211712 175788
26.8787 215604 179265
27.1475 219571 182812
27.419 223612 186428
27.6931 227731 190117
27.9701 231928 193878
28.2498 236206 197715
28.5323 240564 201627
28.8176 245006 205618
29.1058 249532 209687
29.3968 254145 213838
29.6908 258846 218070
29.9877 263637 222387
30.2876 268519 226790
30.5905 273494 231280
30.8964 278565 235860
31.2053 283732 240530
31.5174 288999 245293
31.8326 294366 250151
32.1509 299836 255105
32.4724 305410 260158
32.7971 311092 265311
33.1251 316882 270567
33.4563 322783 275927
33.7909 328797 281394
34.1288 334927 286969
34.4701 341174 292656
34.8148 347541 298455
35.1629 354031 304369
35.5146 360645 310402
35.8697 367386 316554
36.2284 374256 322828
36.5907 381259 329228
36.9566 388396 335754
37.3262 395671 342411
37.6994 403086 349200
38.0764 410643 356124
38.4572 418346 363185
38.8418 426197 370387
39.2302 434199 377733
39.6225 442356 385224
40.0187 450670 392865
40.4189 459144 400658
40.8231 467781 408605
41.2313 476585 416711
41.6436 485560 424979
42.0601 494707 433410
42.4807 504031 442010
42.9055 513535 450781
43.3345 523223 459726
43.7679 533097 468850
44.2056 543163 478155
44.6476 553424 487645
45.0941 563882 497325
45.545 574544 507197
46.0005 585411 517265
46.4605 596489 527534
46.9251 607781 538008
47.3943 619292 548690
47.8683 631026 559585
48.347 642988 570697
48.8304 655181 582031
49.3187 667611 593590
49.8119 680281 605379
50.31 693198 617403
50.8131 706365 629667
51.3213 719787 642175
51.8345 733470 654933
52.3528 747419 667944
52.8764 761639 681215
53.4051 776135 694750
53.9392 790912 708555
54.4786 805977 722635
55.0234 821335 736996
55.5736 836991 751643
56.1293 852951 766582
56.6906 869223 781818
57.2575 885810 797359
57.8301 902721 813209
58.4084 919961 829375
58.9925 937536 845864
59.5824 955454 862681
60.1782 973720 879833
60.78 992343 897328
61.3878 1.01133e+06 915171
62.0017 1.03068e+06 933370
62.6217 1.05042e+06 951932
63.2479 1.07053e+06 970865
63.8804 1.09104e+06 990174
64.5192 1.11195e+06 1.00987e+06
65.1644 1.13327e+06 1.02996e+06
65.816 1.15501e+06 1.05045e+06
66.4742 1.17717e+06 1.07134e+06
67.1389 1.19976e+06 1.09266e+06
67.8103 1.22279e+06 1.1144e+06
68.4884 1.24627e+06 1.13657e+06
69.1733 1.27021e+06 1.15918e+06
69.8651 1.29462e+06 1.18225e+06
70.5637 1.31951e+06 1.20578e+06
71.2693 1.34488e+06 1.22977e+06
71.982 1.37075e+06 1.25425e+06
72.7019 1.39712e+06 1.27921e+06
73.4289 1.42401e+06 1.30467e+06
74.1632 1.45143e+06 1.33064e+06
74.9048 1.47938e+06 1.35713e+06
75.6538 1.50788e+06 1.38415e+06
76.4104 1.53694e+06 1.4117e+06
77.1745 1.56656e+06 1.43981e+06
77.9462 1.59677e+06 1.46847e+06
78.7257 1.62757e+06 1.49771e+06
79.513 1.65897e+06 1.52753e+06
80.3081 1.69098e+06 1.55795e+06
81.1112 1.72363e+06 1.58898e+06
81.9223 1.75691e+06 1.62062e+06
82.7415 1.79085e+06 1.6529e+06
83.5689 1.82545e+06 1.68582e+06
84.4046 1.86073e+06 1.7194e+06
85.2486 1.8967e+06 1.75365e+06
86.1011 1.93338e+06 1.78858e+06
86.9621 1.97077e+06 1.82421e+06
87.8318 2.0089e+06 1.86055e+06
88.7101 2.04778e+06 1.89762e+06
89.5972 2.08743e+06 1.93542e+06
90.4932 2.12785e+06 1.97399e+06
91.3981 2.16906e+06 2.01332e+06
92.3121 2.21108e+06 2.05344e+06
93.2352 2.25393e+06 2.09436e+06
94.1675 2.29762e+06 2.13609e+06
95.1092 2.34217e+06 2.17866e+06
96.0603 2.3876e+06 2.22208e+06
97.0209 2.43391e+06 2.26637e+06
97.9911 2.48114e+06 2.31154e+06
98.971 2.5293e+06 2.35762e+06
99.9607 2.5784e+06 2.40462e+06
