0.281949 0 0
0.281949 272.634 272.635
0.282231 272.916 272.917
0.282513 273.199 273.2
0.282796 273.482 273.483
0.283078 273.766 273.767
0.283361 274.049 274.051
0.283645 274.333 274.335
0.283928 274.618 274.619
0.284212 274.902 274.903
0.284497 275.187 275.188
0.284781 275.472 275.473
0.285066 275.758 275.759
0.285351 276.044 276.045
0.285636 276.33 276.331
0.285922 276.616 276.617
0.286208 276.902 276.903
0.286494 277.189 277.19
0.28678 277.476 277.477
0.287067 277.764 277.765
0.287354 278.052 278.053
0.287642 278.34 278.341
0.287929 278.628 278.629
0.288217 278.916 278.918
0.288505 279.205 279.206
0.288794 279.495 279.496
0.289083 279.784 279.785
0.289372 280.074 280.075
0.289661 280.364 280.365
0.289951 280.654 280.655
0.290241 280.945 280.946
0.290531 281.236 281.237
0.290822 281.527 281.528
0.291112 281.818 281.819
0.291404 282.11 282.111
0.291695 282.402 282.403
0.291987 282.695 282.696
0.292279 282.987 282.988
0.292571 283.28 283.281
0.292863 283.573 283.574
0.293156 283.867 283.868
0.29345 284.161 284.162
0.293743 284.455 284.456
0.294037 284.749 284.75
0.294331 285.044 285.045
0.294625 285.339 285.34
0.29492 285.634 285.635
0.295215 285.93 285.931
0.29551 286.226 286.227
0.295805 286.522 286.523
0.296101 286.818 286.82
0.296397 287.115 287.116
0.296694 287.412 287.413
0.29699 287.71 287.711
0.297287 288.007 288.008
0.297585 288.306 288.307
0.297882 288.608 288.609
0.29818 288.91 288.911
0.298478 289.212 289.213
0.298777 289.515 289.516
0.299076 289.818 289.819
0.299375 290.121 290.122
0.299674 290.424 290.425
0.299974 290.728 290.729
0.300274 291.032 291.033
0.300574 291.336 291.338
0.300874 291.641 291.642
0.301175 291.946 291.947
0.301477 292.251 292.253
0.301778 292.557 292.558
0.30208 292.863 292.864
0.302382 293.169 293.17
0.302684 293.476 293.477
0.302987 293.783 293.784
0.30329 294.09 294.091
0.303593 294.397 294.398
0.303897 294.705 294.706
0.304201 295.013 295.014
0.304505 295.321 295.322
0.304809 295.63 295.631
0.305114 295.939 295.94
0.305419 296.248 296.249
0.305725 296.558 296.559
0.30603 296.868 296.869
0.306336 297.178 297.179
0.306643 297.489 297.49
0.306949 297.799 297.801
0.307256 298.111 298.112
0.307564 298.422 298.423
0.307871 298.734 298.735
0.308179 299.046 299.047
0.308487 299.358 299.359
0.308796 299.671 299.672
0.309105 299.984 299.985
0.309414 300.297 300.298
0.309723 300.611 300.612
0.310033 300.925 300.926
0.310343 301.239 301.24
0.310653 301.554 301.555
0.310964 301.869 301.87
0.311275 302.184 302.185
0.311586 302.5 302.501
0.311898 302.815 302.817
0.31221 303.132 303.133
0.312522 303.448 303.449
0.312834 303.765 303.766
0.313147 304.082 304.083
0.31346 304.399 304.401
0.313774 304.717 304.718
0.314087 305.035 305.036
0.314402 305.354 305.355
0.314716 305.672 305.673
0.315031 305.991 305.992
0.315346 306.311 306.312
0.315661 306.63 306.632
0.315977 306.95 306.951
0.316293 307.271 307.272
0.316609 307.591 307.592
0.316926 307.912 307.913
0.317243 308.234 308.235
0.31756 308.555 308.556
0.317877 308.877 308.878
0.318195 309.199 309.2
0.318513 309.522 309.523
0.318832 309.845 309.846
0.319151 310.168 310.169
0.31947 310.491 310.493
0.319789 310.815 310.816
0.320109 311.139 311.141
0.320429 311.464 311.465
0.32075 311.789 311.79
0.32107 312.114 312.115
0.321392 312.439 312.44
0.321713 312.765 312.766
0.322035 313.091 313.092
0.322357 313.418 313.419
0.322679 313.745 313.746
0.323002 314.072 314.073
0.323325 314.399 314.4
0.323648 314.727 314.728
0.323972 315.055 315.056
0.324296 315.383 315.384
0.32462 315.712 315.713
0.324945 316.041 316.042
0.32527 316.371 316.372
0.325595 316.7 316.701
0.32592 317.03 317.031
0.326246 317.363 317.364
0.326573 317.699 317.7
0.326899 318.034 318.035
0.327226 318.37 318.371
0.327553 318.707 318.708
0.327881 319.043 319.044
0.328209 319.38 319.381
0.328537 319.718 319.719
0.328865 320.055 320.056
0.329194 320.393 320.394
0.329523 320.732 320.733
0.329853 321.07 321.072
0.330183 321.41 321.411
0.330513 321.749 321.75
0.330844 322.089 322.09
0.331174 322.429 322.43
0.331506 322.769 322.77
0.331837 323.11 323.111
0.332169 323.451 323.452
0.332501 323.792 323.793
0.332834 324.134 324.135
0.333166 324.476 324.477
0.3335 324.819 324.82
0.333833 325.161 325.163
0.334167 325.505 325.506
0.334501 325.848 325.849
0.334836 326.192 326.193
0.33517 326.536 326.537
0.335506 326.881 326.882
0.335841 327.225 327.227
0.336177 327.571 327.572
0.336513 327.916 327.917
0.33685 328.262 328.263
0.337186 328.608 328.609
0.337524 328.955 328.956
0.337861 329.302 329.303
0.338199 329.649 329.65
0.338537 329.997 329.998
0.338876 330.345 330.346
0.339215 330.693 330.694
0.339554 331.042 331.043
0.339893 331.391 331.392
0.340233 331.74 331.741
0.340574 332.09 332.091
0.340914 332.44 332.441
0.341255 332.79 332.791
0.341596 333.141 333.142
0.341938 333.492 333.493
0.34228 333.844 333.845
0.342622 334.196 334.197
0.342965 334.548 334.549
0.343308 334.9 334.901
0.343651 335.253 335.254
0.343995 335.606 335.607
0.344339 335.96 335.961
0.344683 336.314 336.315
0.345028 336.668 336.669
0.345373 337.023 337.024
0.345718 337.378 337.379
0.346064 337.733 337.734
0.34641 338.089 338.09
0.346756 338.445 338.446
0.347103 338.801 338.802
0.34745 339.158 339.159
0.347798 339.515 339.516
0.348145 339.873 339.874
0.348494 340.231 340.232
0.348842 340.589 340.59
0.349191 340.947 340.948
0.34954 341.306 341.307
0.34989 341.666 341.667
0.350239 342.025 342.026
0.35059 342.385 342.386
0.35094 342.746 342.747
0.351291 343.106 343.107
0.351643 343.467 343.468
0.351994 343.829 343.83
0.352346 344.191 344.192
0.352699 344.553 344.554
0.353051 344.915 344.916
0.353404 345.278 345.279
0.353758 345.641 345.643
0.354111 346.005 346.006
0.354466 346.369 346.37
0.35482 346.733 346.735
0.355175 347.098 347.099
0.35553 347.463 347.464
0.355886 347.829 347.83
0.356241 348.194 348.196
0.356598 348.561 348.562
0.356954 348.927 348.928
0.357311 349.294 349.295
0.357669 349.667 349.668
0.358026 350.041 350.042
0.358384 350.415 350.416
0.358743 350.79 350.791
0.359101 351.165 351.166
0.35946 351.541 351.542
0.35982 351.916 351.918
0.36018 352.293 352.294
0.36054 352.669 352.671
0.3609 353.047 353.048
0.361261 353.424 353.425
0.361623 353.802 353.803
0.361984 354.18 354.181
0.362346 354.559 354.56
0.362709 354.937 354.939
0.363071 355.317 355.318
0.363434 355.696 355.698
0.363798 356.077 356.078
0.364162 356.457 356.458
0.364526 356.838 356.839
0.36489 357.219 357.22
0.365255 357.601 357.602
0.36562 357.983 357.984
0.365986 358.365 358.366
0.366352 358.748 358.749
0.366718 359.131 359.132
0.367085 359.514 359.516
0.367452 359.898 359.899
0.36782 360.283 360.284
0.368187 360.667 360.668
0.368556 361.052 361.053
0.368924 361.438 361.439
0.369293 361.824 361.825
0.369662 362.21 362.211
0.370032 362.596 362.598
0.370402 362.983 362.984
0.370772 363.371 363.372
0.371143 363.759 363.76
0.371514 364.147 364.148
0.371886 364.535 364.536
0.372258 364.924 364.925
0.37263 365.313 365.315
0.373003 365.703 365.704
0.373376 366.093 366.094
0.373749 366.484 366.485
0.374123 366.875 366.876
0.374497 367.266 367.267
0.374871 367.658 367.659
0.375246 368.05 368.051
0.375622 368.442 368.443
0.375997 368.835 368.836
0.376373 369.228 369.229
0.37675 369.622 369.623
0.377126 370.016 370.017
0.377503 370.41 370.411
0.377881 370.805 370.806
0.378259 371.2 371.201
0.378637 371.596 371.597
0.379016 371.992 371.993
0.379395 372.388 372.389
0.379774 372.785 372.786
0.380154 373.182 373.183
0.380534 373.58 373.581
0.380915 373.978 373.979
0.381296 374.376 374.377
0.381677 374.775 374.776
0.382058 375.174 375.175
0.382441 375.573 375.574
0.382823 375.973 375.974
0.383206 376.374 376.375
0.383589 376.774 376.776
0.383973 377.176 377.177
0.384357 377.577 377.578
0.384741 377.979 377.98
0.385126 378.382 378.383
0.385511 378.784 378.785
0.385896 379.187 379.189
0.386282 379.591 379.592
0.386668 379.995 379.996
0.387055 380.399 380.4
0.387442 380.804 380.805
0.38783 381.209 381.21
0.388217 381.615 381.616
0.388606 382.021 382.022
0.388994 382.427 382.428
0.389383 382.834 382.835
0.389773 383.241 383.242
0.390162 383.649 383.65
0.390553 384.057 384.058
0.390943 384.466 384.467
0.391334 384.874 384.875
0.391725 385.284 385.285
0.392117 385.703 385.704
0.392509 386.121 386.122
0.392902 386.541 386.542
0.393295 386.96 386.961
0.393688 387.38 387.381
0.394082 387.801 387.802
0.394476 388.222 388.223
0.39487 388.643 388.644
0.395265 389.065 389.066
0.39566 389.487 389.488
0.396056 389.909 389.91
0.396452 390.332 390.333
0.396849 390.756 390.757
0.397245 391.18 391.181
0.397643 391.604 391.605
0.39804 392.029 392.03
0.398438 392.454 392.455
0.398837 392.879 392.88
0.399236 393.305 393.306
0.399635 393.732 393.733
0.400034 394.158 394.159
0.400434 394.586 394.587
0.400835 395.013 395.014
0.401236 395.441 395.442
0.401637 395.87 395.871
0.402039 396.299 396.3
0.402441 396.728 396.729
0.402843 397.158 397.159
0.403246 397.588 397.589
0.403649 398.019 398.02
0.404053 398.45 398.451
0.404457 398.882 398.883
0.404861 399.314 399.315
0.405266 399.746 399.747
0.405671 400.179 400.18
0.406077 400.612 400.613
0.406483 401.046 401.047
0.40689 401.48 401.481
0.407297 401.914 401.916
0.407704 402.349 402.351
0.408112 402.785 402.786
0.40852 403.221 403.222
0.408928 403.657 403.658
0.409337 404.094 404.095
0.409747 404.531 404.532
0.410156 404.969 404.97
0.410566 405.407 405.408
0.410977 405.845 405.846
0.411388 406.284 406.285
0.411799 406.723 406.725
0.412211 407.163 407.164
0.412623 407.604 407.605
0.413036 408.044 408.045
0.413449 408.485 408.486
0.413862 408.927 408.928
0.414276 409.369 409.37
0.414691 409.811 409.812
0.415105 410.254 410.255
0.41552 410.698 410.699
0.415936 411.141 411.142
0.416352 411.586 411.587
0.416768 412.03 412.031
0.417185 412.475 412.476
0.417602 412.921 412.922
0.41802 413.367 413.368
0.418438 413.813 413.814
0.418856 414.26 414.261
0.419275 414.708 414.709
0.419694 415.155 415.156
0.420114 415.604 415.605
0.420534 416.052 416.053
0.420955 416.501 416.503
0.421376 416.951 416.952
0.421797 417.401 417.402
0.422219 417.852 417.853
0.422641 418.303 418.304
0.423064 418.754 418.755
0.423487 419.206 419.207
0.42391 419.658 419.659
0.424334 420.111 420.112
0.424758 420.564 420.565
0.425183 421.018 421.019
0.425608 421.472 421.473
0.426034 421.926 421.927
0.42646 422.381 422.382
0.426887 422.837 422.838
0.427313 423.293 423.294
0.427741 423.749 423.75
0.428168 424.213 424.214
0.428597 424.682 424.683
0.429025 425.152 425.153
0.429454 425.621 425.623
0.429884 426.092 426.093
0.430314 426.563 426.564
0.430744 427.034 427.035
0.431175 427.506 427.507
0.431606 427.978 427.979
0.432037 428.451 428.452
0.432469 428.924 428.925
0.432902 429.398 429.399
0.433335 429.872 429.873
0.433768 430.347 430.348
0.434202 430.822 430.823
0.434636 431.298 431.299
0.435071 431.774 431.775
0.435506 432.25 432.251
0.435941 432.727 432.728
0.436377 433.205 433.206
0.436814 433.683 433.684
0.43725 434.161 434.162
0.437688 434.64 434.641
0.438125 435.12 435.121
0.438564 435.6 435.601
0.439002 436.08 436.081
0.439441 436.561 436.562
0.439881 437.042 437.043
0.44032 437.524 437.525
0.440761 438.006 438.007
0.441202 438.489 438.49
0.441643 438.972 438.973
0.442084 439.456 439.457
0.442526 439.94 439.941
0.442969 440.425 440.426
0.443412 440.91 440.911
0.443855 441.396 441.397
0.444299 441.882 441.883
0.444744 442.369 442.37
0.445188 442.856 442.857
0.445633 443.344 443.345
0.446079 443.832 443.833
0.446525 444.32 444.321
0.446972 444.81 444.811
0.447419 445.299 445.3
0.447866 445.789 445.79
0.448314 446.28 446.281
0.448762 446.771 446.772
0.449211 447.262 447.263
0.44966 447.754 447.756
0.45011 448.247 448.248
0.45056 448.74 448.741
0.451011 449.234 449.235
0.451462 449.728 449.729
0.451913 450.222 450.223
0.452365 450.717 450.718
0.452817 451.213 451.214
0.45327 451.709 451.71
0.453723 452.205 452.206
0.454177 452.702 452.703
0.454631 453.2 453.201
0.455086 453.698 453.699
0.455541 454.196 454.197
0.455997 454.695 454.696
0.456453 455.195 455.196
0.456909 455.695 455.696
0.457366 456.195 456.196
0.457823 456.696 456.697
0.458281 457.198 457.199
0.458739 457.7 457.701
0.459198 458.202 458.203
0.459657 458.705 458.706
0.460117 459.208 459.21
0.460577 459.712 459.714
0.461038 460.217 460.218
0.461499 460.722 460.723
0.46196 461.228 461.229
0.462422 461.734 461.735
0.462885 462.24 462.241
0.463347 462.747 462.748
0.463811 463.255 463.256
0.464275 463.763 463.764
0.464739 464.271 464.272
0.465204 464.78 464.781
0.465669 465.29 465.291
0.466135 465.8 465.801
0.466601 466.311 466.312
0.467067 466.822 466.823
0.467534 467.336 467.337
0.468002 467.863 467.864
0.46847 468.392 468.393
0.468938 468.92 468.921
0.469407 469.45 469.451
0.469877 469.979 469.981
0.470347 470.51 470.511
0.470817 471.041 471.042
0.471288 471.572 471.573
0.471759 472.104 472.105
0.472231 472.637 472.638
0.472703 473.17 473.171
0.473176 473.703 473.704
0.473649 474.237 474.238
0.474123 474.772 474.773
0.474597 475.307 475.308
0.475071 475.843 475.844
0.475546 476.379 476.38
0.476022 476.916 476.917
0.476498 477.453 477.454
0.476974 477.991 477.992
0.477451 478.529 478.53
0.477929 479.068 479.069
0.478407 479.608 479.609
0.478885 480.148 480.149
0.479364 480.688 480.689
0.479843 481.229 481.23
0.480323 481.771 481.772
0.480804 482.313 482.314
0.481284 482.856 482.857
0.481766 483.399 483.4
0.482247 483.943 483.944
0.48273 484.487 484.488
0.483212 485.032 485.033
0.483696 485.578 485.579
0.484179 486.124 486.125
0.484663 486.67 486.671
0.485148 487.217 487.218
0.485633 487.765 487.766
0.486119 488.313 488.314
0.486605 488.862 488.863
0.487092 489.411 489.412
0.487579 489.961 489.962
0.488066 490.511 490.512
0.488554 491.062 491.063
0.489043 491.613 491.614
0.489532 492.165 492.166
0.490021 492.718 492.719
0.490512 493.271 493.272
0.491002 493.825 493.826
0.491493 494.379 494.38
0.491985 494.934 494.935
0.492477 495.489 495.49
0.492969 496.045 496.046
0.493462 496.601 496.602
0.493955 497.158 497.159
0.494449 497.716 497.717
0.494944 498.274 498.275
0.495439 498.833 498.834
0.495934 499.392 499.393
0.49643 499.952 499.953
0.496927 500.512 500.513
0.497423 501.073 501.074
0.497921 501.634 501.635
0.498419 502.196 502.197
0.498917 502.759 502.76
0.499416 503.322 503.323
0.499916 503.886 503.887
0.500416 504.45 504.451
0.500916 505.015 505.016
0.501417 505.58 505.581
0.501918 506.146 506.147
0.50242 506.713 506.714
0.502923 507.28 507.281
0.503426 507.848 507.849
0.503929 508.416 508.417
0.504433 508.985 508.986
0.504937 509.554 509.555
0.505442 510.124 510.125
0.505948 510.695 510.696
0.506454 511.266 511.267
0.50696 511.837 511.838
0.507467 512.41 512.411
0.507975 512.982 512.983
0.508482 513.556 513.557
0.508991 514.13 514.131
0.5095 514.724 514.725
0.510009 515.32 515.321
0.510519 515.916 515.917
0.51103 516.513 516.514
0.511541 517.111 517.112
0.512053 517.709 517.71
0.512565 518.307 518.308
0.513077 518.907 518.908
0.51359 519.507 519.508
0.514104 520.107 520.108
0.514618 520.708 520.709
0.515133 521.31 521.311
0.515648 521.912 521.913
0.516163 522.515 522.516
0.51668 523.119 523.12
0.517196 523.723 523.724
0.517713 524.328 524.329
0.518231 524.933 524.934
0.518749 525.539 525.54
0.519268 526.145 526.146
0.519787 526.753 526.754
0.520307 527.36 527.361
0.520827 527.969 527.97
0.521348 528.578 528.579
0.52187 529.187 529.188
0.522391 529.797 529.798
0.522914 530.408 530.409
0.523437 531.02 531.021
0.52396 531.632 531.633
0.524484 532.244 532.245
0.525009 532.858 532.859
0.525534 533.471 533.472
0.526059 534.086 534.087
0.526585 534.701 534.702
0.527112 535.317 535.318
0.527639 535.933 535.934
0.528167 536.55 536.551
0.528695 537.167 537.169
0.529223 537.786 537.787
0.529753 538.404 538.405
0.530282 539.024 539.025
0.530813 539.644 539.645
0.531344 540.264 540.266
0.531875 540.886 540.887
0.532407 541.508 541.509
0.532939 542.13 542.131
0.533472 542.753 542.754
0.534006 543.377 543.378
0.53454 544.001 544.002
0.535074 544.626 544.627
0.535609 545.252 545.253
0.536145 545.878 545.879
0.536681 546.505 546.506
0.537218 547.133 547.134
0.537755 547.761 547.762
0.538293 548.39 548.391
0.538831 549.019 549.02
0.53937 549.649 549.65
0.539909 550.28 550.281
0.540449 550.911 550.912
0.540989 551.543 551.544
0.54153 552.175 552.176
0.542072 552.809 552.81
0.542614 553.442 553.443
0.543157 554.077 554.078
0.5437 554.712 554.713
0.544244 555.348 555.349
0.544788 555.984 555.985
0.545333 556.621 556.622
0.545878 557.259 557.26
0.546424 557.897 557.898
0.54697 558.536 558.537
0.