ROWS NUC: 10001
ROWS DM: 340
0.1 0.091235 50.0678 0.175494
0.112 0.0969983 41.6269 0.116822
0.124 0.104928 34.3336 0.07479
0.136 0.114947 28.4366 0.0478824
0.148 0.127032 23.9689 0.0319751
0.16 0.141164 20.715 0.0228296
0.172 0.157323 18.374 0.0174842
0.184 0.175494 16.6769 0.0142468
0.196 0.19564 15.4305 0.0122199
0.208 0.217714 14.5013 0.0109335
0.22 0.241656 13.7988 0.0100977
0.232 0.267398 13.2613 0.00956898
0.244 0.294859 12.8455 0.00924569
0.256 0.323804 12.5224 0.00907321
0.268 0.354198 12.269 0.00900799
0.28 0.386431 12.0662 0.0090173
0.292 0.420434 11.9042 0.00908131
0.304 0.456388 11.7742 0.00919494
0.316 0.494153 11.6706 0.00933622
0.328 0.533649 11.5888 0.00951788
0.34 0.574599 11.5249 0.00971788
0.352 0.617305 11.4752 0.00993245
0.364 0.661277 11.4373 0.0101698
0.376 0.706676 11.4089 0.0104089
0.388 0.753066 11.3881 0.0106551
0.4 0.800278 11.3734 0.0109112
0.412 0.848288 11.3632 0.0111601
0.424 0.896884 11.3566 0.0114028
0.436 0.945604 11.3524 0.0116521
0.448 0.994555 11.3499 0.0118871
0.46 1.04344 11.3483 0.0121066
0.472 1.09218 11.3471 0.0123215
0.484 1.14048 11.3458 0.0125256
0.496 1.18824 11.3441 0.0127099
0.508 1.23533 11.3416 0.0128737
0.52 1.28168 11.3381 0.0130313
0.532 1.32705 11.3334 0.0131722
0.544 1.37147 11.3273 0.0132907
0.556 1.41479 11.3199 0.0133873
0.568 1.45691 11.311 0.0134721
0.58 1.49782 11.3005 0.0135445
0.592 1.53758 11.2885 0.0135944
0.604 1.57601 11.2749 0.0136235
0.616 1.61303 11.2599 0.0136332
0.628 1.64873 11.2434 0.013638
0.64 1.68313 11.2255 0.0136262
0.652 1.71617 11.2062 0.013596
0.664 1.74772 11.1856 0.0135499
0.676 1.77786 11.1639 0.0134884
0.688 1.80677 11.141 0.0134209
0.7 1.83443 11.1168 0.0133432
0.712 1.86069 11.0918 0.0132529
0.724 1.88565 11.0658 0.0131499
0.736 1.9094 11.0388 0.0130345
0.748 1.93191 11.0111 0.0129087
0.76 1.95319 10.9827 0.0127881
0.772 1.97335 10.9536 0.0126575
0.784 1.99243 10.9238 0.0125171
0.796 2.01046 10.8934 0.012368
0.808 2.02741 10.8625 0.0122127
0.82 2.04333 10.8312 0.0120516
0.832 2.05828 10.7996 0.0118948
0.844 2.07229 10.7676 0.0117359
0.856 2.08539 10.7354 0.0115727
0.868 2.09762 10.7029 0.0114054
0.88 2.10904 10.6702 0.0112341
0.892 2.11968 10.6373 0.0110592
0.904 2.12956 10.6043 0.0108821
0.916 2.1387 10.5712 0.0107137
0.928 2.14714 10.5381 0.0105446
0.94 2.15493 10.505 0.0103736
0.952 2.16208 10.4719 0.0102012
0.964 2.16864 10.4387 0.0100278
0.976 2.17463 10.4056 0.00985389
0.988 2.18007 10.3726 0.00968005
1 2.18498 10.3397 0.00951043
1.012 2.18938 10.3071 0.00934773
1.024 2.19331 10.2745 0.00918459
1.036 2.19681 10.2421 0.00902103
1.048 2.19988 10.2098 0.00885852
1.06 2.20254 10.1777 0.00869751
1.072 2.20483 10.1458 0.00853725
1.084 2.20674 10.1142 0.00837919
1.096 2.20831 10.0829 0.00822299
1.108 2.20956 10.0514 0.00807196
1.12 2.21049 10.0203 0.00792364
1.132 2.21112 9.99016 0.00778321
1.144 2.21148 9.95997 0.00764112
1.156 2.21158 9.92935 0.00749466
1.168 2.21142 9.89944 0.00735394
1.18 2.21104 9.87014 0.00721775
1.192 2.21043 9.84072 0.00708005
1.204 2.2096 9.81161 0.00694444
1.216 2.20859 9.78298 0.00681787
1.228 2.20738 9.75437 0.00669101
1.24 2.20599 9.72607 0.00656617
1.252 2.20446 9.69863 0.00644743
1.264 2.20277 9.67129 0.00632892
1.276 2.2009 9.64373 0.00620827
1.288 2.1989 9.6166 0.00609052
