ROWS NUC: 10001
ROWS DM: 1159
0.1 0.175428 19.8632 0.120695
0.112 0.179818 18.0833 0.11957
0.124 0.182296 16.7204 0.115346
0.136 0.184786 15.6278 0.109865
0.148 0.188219 14.7295 0.103969
0.16 0.19319 13.9816 0.0981973
0.172 0.200049 13.3583 0.0928549
0.184 0.208958 12.8382 0.088063
0.196 0.219974 12.408 0.0838572
0.208 0.233068 12.0543 0.080194
0.22 0.248166 11.7654 0.0770027
0.232 0.265169 11.5315 0.0741879
0.244 0.283997 11.3438 0.0716896
0.256 0.304703 11.1946 0.0697208
0.268 0.327281 11.0764 0.0682426
0.28 0.351958 10.9844 0.0670667
0.292 0.378684 10.9139 0.066161
0.304 0.407596 10.8614 0.0654311
0.316 0.438591 10.8239 0.0648534
0.328 0.471619 10.7992 0.0643879
0.34 0.506447 10.785 0.0640153
0.352 0.543353 10.7798 0.0636517
0.364 0.581924 10.7815 0.0633244
0.376 0.622312 10.7894 0.0629833
0.388 0.664129 10.8017 0.0626475
0.4 0.707225 10.8174 0.0623057
0.412 0.751573 10.8356 0.0619379
0.424 0.79697 10.8556 0.0615455
0.436 0.842964 10.8762 0.0611456
0.448 0.889648 10.8971 0.0607095
0.46 0.936705 10.9177 0.0602505
0.472 0.984067 10.9377 0.0597579
0.484 1.03139 10.9564 0.0592419
0.496 1.07857 10.9737 0.0587032
0.508 1.12544 10.9893 0.0581372
0.52 1.17192 11.0031 0.0575439
0.532 1.21773 11.0148 0.0569337
0.544 1.26288 11.0245 0.0562987
0.556 1.30718 11.032 0.0556461
0.568 1.3505 11.0372 0.0549796
0.58 1.39283 11.0403 0.0542961
0.592 1.43419 11.0412 0.0535916
0.604 1.47437 11.0399 0.0528783
0.616 1.51326 11.0365 0.0521607
0.628 1.55096 11.0312 0.0514307
0.64 1.58745 11.0238 0.0506899
0.652 1.62264 11.0146 0.0499444
0.664 1.65638 11.0035 0.0492056
0.676 1.68873 10.9908 0.0484686
0.688 1.71991 10.9764 0.0477187
0.7 1.74987 10.9605 0.0469633
0.712 1.77841 10.9431 0.046219
0.724 1.80564 10.9244 0.0454786
0.736 1.83164 10.9045 0.0447376
0.748 1.85637 10.8834 0.0440047
0.76 1.87986 10.8612 0.0432782
0.772 1.90219 10.838 0.0425551
0.784 1.92341 10.8138 0.0418353
0.796 1.94354 10.7888 0.0411186
0.808 1.96253 10.763 0.0404155
0.82 1.98045 10.7366 0.0397211
0.832 1.99735 10.7095 0.0390366
0.844 2.01326 10.6819 0.0383602
0.856 2.0282 10.6538 0.0376964
0.868 2.04222 10.6252 0.0370424
0.88 2.05538 10.5963 0.0363947
0.892 2.06772 10.5669 0.0357556
0.904 2.07925 10.5373 0.0351267
0.916 2.08997 10.5074 0.0345108
0.928 2.09995 10.4774 0.0339065
0.94 2.10923 10.4471 0.0333111
0.952 2.11783 10.4167 0.0327245
0.964 2.12579 10.3862 0.0321485
0.976 2.13313 10.3557 0.0315822
0.988 2.13987 10.325 0.0310264
1 2.14604 10.2945 0.0304836
1.012 2.15165 10.264 0.0299542
1.024 2.15677 10.2335 0.0294328
1.036 2.16141 10.203 0.0289177
1.048 2.16558 10.1726 0.0284138
1.06 2.1693 10.1423 0.0279216
1.072 2.17261 10.1122 0.0274374
1.084 2.17551 10.0822 0.0269661
1.096 2.17803 10.0524 0.0265044
1.108 2.18022 10.0225 0.0260402
1.12 2.18205 9.99283 0.0255909
1.132 2.18351 9.96405 0.0251742
1.144 2.18469 9.93516 0.0247536
1.156 2.18562 9.90585 0.0243201
1.168 2.18624 9.87714 0.0239103
1.18 2.18659 9.84899 0.0235186
1.192 2.18671 9.8207 0.0231226
1.204 2.1866 9.79265 0.0227354
1.216 2.18625 9.76504 0.0223624
1.228 2.1857 9.73742 0.0219886
1.24 2.18495 9.71008 0.0216238
1.252 2.18403 9.68351 0.0212819
1.264 2.18292 9.65703 0.0209413
1.276 2.18163 9.63033 0.0205934
1.288 2.18019 9.60401 0.0202567
