0.1 0.286781 24.2268
0.112 0.266418 22.0319
0.124 0.251065 20.1405
0.136 0.240768 18.5076
0.148 0.235625 17.1105
0.16 0.23552 15.931
0.172 0.240149 14.9491
0.184 0.249093 14.1425
0.196 0.261887 13.4862
0.208 0.27809 12.9559
0.22 0.297301 12.5293
0.232 0.319179 12.1866
0.244 0.34344 11.9121
0.256 0.369704 11.693
0.268 0.397798 11.5176
0.28 0.427961 11.376
0.292 0.46007 11.2625
0.304 0.494232 11.1716
0.316 0.530288 11.1001
0.328 0.568135 11.0447
0.34 0.607477 11.0025
0.352 0.648573 10.9712
0.364 0.690951 10.9489
0.376 0.734735 10.9339
0.388 0.779499 10.9246
0.4 0.825077 10.9198
0.412 0.871422 10.9184
0.424 0.918327 10.9195
0.436 0.965353 10.9221
0.448 1.01258 10.9257
0.46 1.05972 10.9296
0.472 1.10671 10.9335
0.484 1.15325 10.9369
0.496 1.19924 10.9395
0.508 1.24456 10.941
0.52 1.28914 10.9412
0.532 1.33275 10.9401
0.544 1.37541 10.9375
0.556 1.41699 10.9333
0.568 1.45739 10.9274
0.58 1.4966 10.92
0.592 1.53468 10.9109
0.604 1.57145 10.9002
0.616 1.60685 10.888
0.628 1.64097 10.8742
0.64 1.67381 10.8589
0.652 1.70532 10.8422
0.664 1.73539 10.8242
0.676 1.76408 10.805
0.688 1.79159 10.7844
0.7 1.81788 10.7627
0.712 1.84281 10.74
0.724 1.86649 10.7164
0.736 1.88899 10.6917
0.748 1.91029 10.6663
0.76 1.93042 10.6401
0.772 1.94945 10.6131
0.784 1.96745 10.5855
0.796 1.98443 10.5572
0.808 2.00037 10.5284
0.82 2.01532 10.4993
0.832 2.02935 10.4696
0.844 2.04247 10.4397
0.856 2.0547 10.4094
0.868 2.06611 10.3789
0.88 2.07674 10.3481
0.892 2.08663 10.3171
0.904 2.09579 10.2859
0.916 2.10423 10.2547
0.928 2.11201 10.2234
0.94 2.11916 10.1921
0.952 2.12571 10.1607
0.964 2.1317 10.1293
0.976 2.13713 10.0979
0.988 2.14204 10.0666
1 2.14645 10.0354
1.012 2.15037 10.0044
1.024 2.15385 9.97345
1.036 2.15691 9.94257
1.048 2.15957 9.91188
1.06 2.16184 9.88138
1.072 2.16375 9.85103
1.084 2.1653 9.82097
1.096 2.16653 9.79109
1.108 2.16747 9.76114
1.12 2.1681 9.73153
1.132 2.16843 9.70277
1.144 2.16852 9.67398
1.156 2.16836 9.64485
1.168 2.16797 9.61635
1.18 2.16735 9.58839
1.192 2.16652 9.56036
1.204 2.16549 9.53261
1.216 2.16428 9.5053
1.228 2.16289 9.47804
1.24 2.16133 9.45108
1.252 2.15964 9.42487
1.264 2.1578 9.39878
1.276 2.15579 9.37254
1.288 2.15366 9.3467
