0.1 0.266265 50.758 0.174949
0.112 0.212846 42.1274 0.115788
0.124 0.17841 34.6475 0.0734298
0.136 0.161533 28.6085 0.0465352
0.148 0.157905 24.0557 0.0308209
0.16 0.163093 20.7605 0.0218736
0.172 0.174055 18.3955 0.0166719
0.184 0.1891 16.6874 0.0135423
0.196 0.207295 15.4352 0.0115908
0.208 0.228122 14.5024 0.0103418
0.22 0.251256 13.798 0.00953473
0.232 0.276476 13.2589 0.00901683
0.244 0.30361 12.8422 0.00869736
0.256 0.332365 12.5185 0.00852092
0.268 0.362668 12.2646 0.00844706
0.28 0.394873 12.0614 0.00844259
0.292 0.428893 11.8987 0.00849285
0.304 0.4649 11.7682 0.00858522
0.316 0.502738 11.6641 0.00871234
0.328 0.542331 11.5818 0.00886827
0.34 0.583386 11.5175 0.00904826
0.352 0.626199 11.4672 0.00924529
0.364 0.670284 11.4288 0.00945747
0.376 0.715785 11.3999 0.00968027
0.388 0.76227 11.3786 0.00991137
0.4 0.80957 11.3633 0.010148
0.412 0.857649 11.3526 0.0103872
0.424 0.906294 11.3453 0.0106268
0.436 0.955054 11.3405 0.0108656
0.448 1.00402 11.3374 0.0111009
0.46 1.05289 11.3352 0.0113313
0.472 1.10161 11.3333 0.0115553
0.484 1.14985 11.3314 0.0117722
0.496 1.19754 11.329 0.0119809
0.508 1.24453 11.3259 0.0121804
0.52 1.29076 11.3218 0.0123702
0.532 1.33599 11.3164 0.0125498
0.544 1.38024 11.3098 0.0127189
0.556 1.42338 11.3017 0.0128773
0.568 1.4653 11.2922 0.0130252
0.58 1.50599 11.2811 0.0131619
0.592 1.54552 11.2686 0.0132874
0.604 1.5837 11.2544 0.0134023
0.616 1.62046 11.2389 0.0135074
0.628 1.6559 11.2219 0.0136019
0.64 1.69003 11.2035 0.0136862
0.652 1.72278 11.1837 0.0137609
0.664 1.75405 11.1627 0.0138274
0.676 1.78388 11.1405 0.0138857
0.688 1.8125 11.1172 0.0139344
0.7 1.83986 11.0926 0.0139743
0.712 1.86582 11.0672 0.0140076
0.724 1.89049 11.0408 0.014034
0.736 1.91394 11.0135 0.0140531
0.748 1.93614 10.9855 0.0140661
0.76 1.95714 10.9568 0.0140733
0.772 1.977 10.9274 0.0140744
0.784 1.9958 10.8973 0.0140697
0.796 2.01354 10.8666 0.0140594
0.808 2.03021 10.8355 0.014045
0.82 2.04586 10.8041 0.0140266
0.832 2.06055 10.7722 0.014004
0.844 2.0743 10.74 0.0139777
0.856 2.08714 10.7076 0.0139483
0.868 2.09913 10.675 0.0139155
0.88 2.11031 10.6422 0.0138794
0.892 2.12072 10.6092 0.0138399
0.904 2.13037 10.576 0.0137978
0.916 2.13929 10.5428 0.0137539
0.928 2.14752 10.5097 0.0137079
0.94 2.1551 10.4765 0.0136596
0.952 2.16206 10.4432 0.0136092
0.964 2.16842 10.41 0.0135568
0.976 2.17422 10.3769 0.0135028
0.988 2.17948 10.3438 0.0134472
1 2.18422 10.3109 0.0133909
1.012 2.18845 10.2783 0.0133341
1.024 2.19223 10.2457 0.0132756
1.036 2.19557 10.2132 0.0132153
1.048 2.1985 10.1809 0.0131543
1.06 2.20102 10.1488 0.0130929
1.072 2.20316 10.117 0.0130305
1.084 2.20494 10.0854 0.0129681
1.096 2.20638 10.054 0.012905
1.108 2.20751 10.0226 0.0128387
1.12 2.20833 9.99152 0.0127732
1.132 2.20884 9.96144 0.0127129
1.144 2.2091 9.93128 0.0126494
1.156 2.20909 9.90071 0.0125802
1.168 2.20884 9.87085 0.0125145
1.18 2.20836 9.8416 0.012451
1.192 2.20766 9.81224 0.0123841
1.204 2.20675 9.78319 0.0123174
1.216 2.20565 9.75462 0.0122521
1.228 2.20436 9.72607 0.0121846
1.24 2.2029 9.69785 0.0121173
1.252 2.2013 9.67046 0.0120543
1.264 2.19954 9.64319 0.0119898
1.276 2.1976 9.61571 0.0119213
1.288 2.19553 9.58867 0.0118539
