0.0122947 21.2481 0.0738906
0.0703133 36.152 0.0739645
0.109149 40.3671 0.0740384
0.137924 42.6027 0.0741125
0.154178 43.1644 0.0741866
0.166472 43.447 0.0742608
0.179076 44.0223 0.074335
0.185078 43.8434 0.0744094
0.191371 43.8695 0.0744838
0.195679 43.7395 0.0745583
0.197455 43.3455 0.0746328
0.201577 43.3841 0.0747074
0.203241 43.1332 0.0747822
0.204055 42.8152 0.0748569
0.206416 42.7827 0.0749318
0.206591 42.463 0.0750067
0.208299 42.4163 0.0750817
0.207824 42.0652 0.0751568
0.208348 41.8974 0.075232
0.209967 41.9292 0.0753072
0.210788 41.8593 0.0753825
0.210503 41.632 0.0754579
0.211877 41.6918 0.0755333
0.21023 41.274 0.0756089
0.209554 41.0271 0.0756845
0.20893 40.8001 0.0757602
0.209613 40.8026 0.0758359
0.208253 40.472 0.0759118
0.209052 40.5153 0.0759877
0.207373 40.145 0.0760637
0.208261 40.2215 0.0761397
0.207456 40.0138 0.0762159
0.207265 39.9187 0.0762921
0.205869 39.618 0.0763684
0.206214 39.6277 0.0764448
0.205763 39.5025 0.0765212
0.20681 39.6499 0.0765977
0.20429 39.162 0.0766743
0.204398 39.1491 0.076751
0.205387 39.3012 0.0768277
0.204497 39.1152 0.0769046
0.204066 39.0159 0.0769815
0.203889 38.9662 0.0770585
0.201854 38.5742 0.0771355
0.203038 38.7826 0.0772126
0.200765 38.3476 0.0772899
0.202186 38.6075 0.0773672
0.202 38.5683 0.0774445
0.200522 38.285 0.077522
0.200338 38.2491 0.0775995
0.19886 37.9666 0.0776771
0.199459 38.0843 0.0777548
0.199182 38.0353 0.0778325
0.198623 37.9327 0.0779103
0.198349 37.8869 0.0779883
0.197635 37.7561 0.0780662
0.197504 37.7405 0.0781443
0.19677 37.6068 0.0782225
0.196218 37.5097 0.0783007
0.194953 37.2714 0.078379
0.194361 37.1669 0.0784574
0.19517 37.3438 0.0785358
0.194985 37.3231 0.0786144
0.194195 37.1808 0.078693
0.193229 37.0029 0.0787717
0.193068 36.9885 0.0788504
0.191876 36.7645 0.0789293
0.191676 36.7429 0.0790082
0.192543 36.9416 0.0790872
0.190998 36.6444 0.0791663
0.191099 36.6868 0.0792455
0.190011 36.4834 0.0793247
0.189502 36.4 0.079404
0.190594 36.6511 0.0794834
0.189173 36.3776 0.0795629
0.19004 36.5843 0.0796425
0.188871 36.3627 0.0797221
0.188359 36.2798 0.0798019
0.1876 36.1444 0.0798817
0.188039 36.2635 0.0799615
0.187181 36.1069 0.0800415
0.18728 36.1547 0.0801215
0.187211 36.167 0.0802017
0.186483 36.038 0.0802819
0.185411 35.8342 0.0803621
0.185678 35.9196 0.0804425
0.184409 35.6725 0.080523
0.184157 35.6456 0.0806035
0.184719 35.796 0.0806841
0.184992 35.8849 0.0807648
0.183175 35.5158 0.0808455
0.183592 35.636 0.0809264
0.182783 35.4873 0.0810073
0.1821 35.3659 0.0810883
0.182741 35.5369 0.0811694
0.181539 35.3001 0.0812506
0.181489 35.3184 0.0813318
0.180772 35.1885 0.0814131
0.18041 35.1374 0.0814946
0.180632 35.2168 0.0815761
0.181172 35.3685 0.0816576
0.181092 35.3814 0.0817393
0.180201 35.2112 0.081821
0.178878 34.9432 0.0819029
0.17893 34.9854 0.0819848
0.178822 34.9915 0.0820667
0.178608 34.9736 0.0821488
0.178568 34.9954 0.082231
0.178496 35.0101 0.0823132
0.178608 35.0672 0.0823955
0.177579 34.8625 0.0824779
0.177791 34.9425 0.0825604
0.177212 34.8407 0.0826429
0.177176 34.8638 0.0827256
0.176649 34.7735 0.0828083
0.175386 34.5126 0.0828911
0.175779 34.6348 0.082974
0.174791 34.4364 0.083057
0.174543 34.4098 0.08314
0.175501 34.6645 0.0832232
0.174578 34.4803 0.0833064
0.174898 34.5867 0.0833897
0.173603 34.3144 0.0834731
0.174447 34.5444 0.0835566
0.173731 34.4072 0.0836401
0.17264 34.1815 0.0837238
0.173686 34.4601 0.0838075
0.172658 34.2483 0.0838913
0.171834 34.0844 0.0839752
0.171958 34.1448 0.0840592
0.171439 34.0528 0.0841432
0.171119 34.0078 0.0842274
0.171455 34.1191 0.0843116
0.171099 34.0655 0.0843959
0.17078 34.0202 0.0844803
0.171477 34.2192 0.0845648
0.169968 33.888 0.0846493
0.170596 34.0705 0.084734
0.169472 33.8307 0.0848187
0.170434 34.0945 0.0849035
0.169875 33.9908 0.0849884
0.169156 33.8479 0.0850734
0.168979 33.8362 0.0851585
0.168717 33.8036 0.0852437
0.169138 33.9378 0.0853289
0.16896 33.9257 0.0854142
0.168182 33.767 0.0854997
0.167424 33.6127 0.0855852
0.16754 33.6721 0.0856707
0.167092 33.5933 0.0857564
0.167553 33.7376 0.0858422
0.166536 33.5185 0.085928
0.166613 33.5683 0.0860139
0.166738 33.6301 0.0860999
0.166118 33.508 0.086186
0.166696 33.6822 0.0862722
0.166401 33.6401 0.0863585
0.16559 33.4698 0.0864449
0.165499 33.478 0.0865313
0.165259 33.4489 0.0866178
0.165047 33.4268 0.0867045
0.165369 33.5383 0.0867912
0.164803 33.4276 0.086878
0.163723 33.1878 0.0869648
0.164284 33.3591 0.0870518
0.163826 33.2748 0.0871388
0.163182 33.1434 0.087226
0.163416 33.2326 0.0873132
0.163576 33.3035 0.0874005
0.163629 33.3477 0.0874879
0.163048 33.2311 0.0875754
0.162165 33.0382 0.087663
0.161856 32.9902 0.0877507
0.161962 33.0471 0.0878384
0.162261 33.1534 0.0879262
0.161208 32.9158 0.0880142
0.161297 32.9683 0.0881022
0.161683 33.097 0.0881903
0.160741 32.8864 0.0882785
0.160928 32.9642 0.0883668
0.160973 33.0058 0.0884551
0.161277 33.1141 0.0885436
0.15993 32.7984 0.0886321
0.160073 32.8649 0.0887208
0.160647 33.0426 0.0888095
0.159832 32.8625 0.0888983
0.160201 32.9877 0.0889872
0.159423 32.8165 0.0890762
0.158906 32.7126 0.0891652
0.159573 32.915 0.0892544
0.15929 32.8716 0.0893437
0.15873 32.7559 0.089433
0.15846 32.7154 0.0895224
0.157924 32.6055 0.089612
0.157738 32.5867 0.0897016
0.15813 32.7182 0.0897913
0.157758 32.6508 0.0898811
0.158289 32.819 0.0899709
0.157243 32.575 0.0900609
0.157196 32.592 0.090151
0.156735 32.5004 0.0902411
0.156422 32.4474 0.0903314
0.156507 32.4988 0.0904217
0.156118 32.4259 0.0905121
0.156104 32.4512 0.0906026
0.156404 32.5594 0.0906932
0.155742 32.4139 0.0907839
0.155903 32.4857 0.0908747
0.155795 32.4863 0.0909656
0.155759 32.5058 0.0910566
0.155157 32.3753 0.0911476
0.155075 32.3825 0.0912388
0.154383 32.2275 0.09133
0.154981 32.4154 0.0914213
0.155251 32.5167 0.0915128
0.154475 32.3386 0.0916043
0.154523 32.3805 0.0916959
0.15437 32.3684 0.0917876
0.154213 32.3553 0.0918794
0.1534 32.1665 0.0919712
0.153211 32.1446 0.0920632
0.152974 32.1097 0.0921553
0.153205 32.2002 0.0922474
0.152745 32.1052 0.0923397
0.152907 32.1773 0.092432
0.153156 32.2733 0.0925244
0.152753 32.1932 0.092617
0.152684 32.2034 0.0927096
0.152035 32.0564 0.0928023
0.152293 32.155 0.0928951
0.152414 32.2163 0.092988
0.151727 32.0586 0.093081
0.151714 32.0837 0.0931741
0.151212 31.9759 0.0932672
0.151164 31.991 0.0933605
0.150577 31.8597 0.0934539
0.150798 31.9482 0.0935473
0.150344 31.8527 0.0936409
0.150891 32.0305 0.0937345
0.150536 31.962 0.0938282
0.150693 32.0334 0.0939221
0.14975 31.8033 0.094016
0.150149 31.9412 0.09411
0.149225 31.7158 0.0942041
0.148992 31.6801 0.0942983
0.149797 31.9297 0.0943926
0.149106 31.7677 0.094487
0.149737 31.9701 0.0945815
0.149243 31.8619 0.0946761
0.149374 31.9267 0.0947708
0.148646 31.7536 0.0948655
0.149077 31.9012 0.0949604
0.148104 31.6601 0.0950553
0.148546 31.8107 0.0951504
0.14744 31.5321 0.0952456
0.148255 31.7866 0.0953408
0.14768 31.655 0.0954361
0.147918 31.7495 0.0955316
0.147996 31.7996 0.0956271
0.147463 31.6792 0.0957227
0.146721 31.5003 0.0958185
0.147184 31.658 0.0959143
0.146834 31.5882 0.0960102
0.146591 31.5483 0.0961062
0.1468 31.6353 0.0962023
0.146034 31.4486 0.0962985
0.145544 31.3391 0.0963948
0.146147 31.5365 0.0964912
0.1458 31.4672 0.0965877
0.145644 31.4516 0.0966843
0.145053 31.313 0.096781
0.145782 31.547 0.0968777
0.144705 31.2711 0.0969746
0.144999 31.3821 0.0970716
0.14509 31.4362 0.0971687
0.145265 31.5143 0.0972658
0.144654 31.3692 0.0973631
0.143818 31.1601 0.0974605
0.144647 31.424 0.0975579
0.143994 31.2665 0.0976555
0.144572 31.4596 0.0977531
0.143822 31.2741 0.0978509
0.144111 31.3852 0.0979487
0.143214 31.1572 0.0980467
0.142996 31.1234 0.0981447
0.143191 31.2075 0.0982429
0.142506 31.0395 0.0983411
0.14341 31.3273 0.0984395
0.142507 31.0964 0.0985379
0.142008 30.9816 0.0986364
0.142725 31.2162 0.0987351
0.141672 30.9417 0.0988338
0.14263 31.2463 0.0989327
0.141752 31.0215 0.0990316
0.142108 31.153 0.0991306
0.141771 31.0843 0.0992297
0.141314 30.9808 0.099329
0.141312 31.0088 0.0994283
0.140893 30.916 0.0995277
0.141491 31.1186 0.0996273
0.141117 31.0388 0.0997269
0.141023 31.0403 0.0998266
0.140281 30.853 0.0999264
0.140277 30.8807 0.100026
0.139895 30.7983 0.100126
0.14032 30.9514 0.100227
0.140251 30.9604 0.100327
0.139653 30.8143 0.100427
0.140076 30.9677 0.100528
0.139172 30.7314 0.100628
0.138743 30.6347 0.100729
0.139558 30.9038 0.100829
0.13875 30.6952 0.10093
0.13883 30.748 0.101031
0.138446 30.664 0.101132
0.138337 30.6613 0.101233
0.137892 30.5591 0.101335
0.138245 30.6933 0.101436
0.137861 30.6089 0.101537
0.137469 30.5224 0.101639
0.137989 30.7068 0.10174
0.137141 30.4843 0.101842
0.136901 30.4426 0.101944
0.136598 30.3821 0.102046
0.13691 30.5051 0.102148
0.13701 30.5651 0.10225
0.136637 30.4836 0.102352
0.136504 30.4741 0.102455
0.136583 30.528 0.102557
0.136293 30.4715 0.10266
0.136232 30.4837 0.102762
0.135394 30.2618 0.102865
0.135336 30.2746 0.102968
0.135854 30.4618 0.103071
0.135145 30.2782 0.103174
0.135617 30.4522 0.103277
0.134709 30.2079 0.103381
0.135286 30.4142 0.103484
0.134936 30.3391 0.103587
0.134918 30.365 0.103691
0.134513 30.2731 0.103795
0.133998 30.1473 0.103899
0.134104 30.2111 0.104002
0.133539 30.0698 0.104106
0.133894 30.2105 0.104211
0.132982 29.9626 0.104315
0.133537 30.1648 0.104419
0.132692 29.9369 0.104523
0.132736 29.9825 0.104628
0.132463 29.9302 0.104733
0.132388 29.9394 0.104837
0.132014 29.856 0.104942
0.131848 29.8369 0.105047
0.131718 29.8292 0.105152
0.131862 29.9066 0.105257
0.131297 29.7636 0.105363
0.131766 29.943 0.105468
0.130865 29.6947 0.105573
0.131397 29.8944 0.105679
0.130874 29.7639 0.105785
0.131224 29.9074 0.10589
0.13071 29.7797 0.105996
0.130859 29.8608 0.106102
0.130716 29.85 0.106208
0.129933 29.6367 0.106315
0.130135 29.735 0.106421
0.129693 29.6295 0.106527
0.130004 29.7632 0.106634
0.129076 29.5026 0.106741
0.128891 29.4785 0.106847
0.129278 29.6373 0.106954
0.128788 29.5158 0.107061
0.128654 29.5085 0.107168
0.128169 29.3883 0.107275
0.128153 29.4186 0.107383
0.127536 29.2558 0.10749
0.127481 29.2736 0.107597
0.127702 29.3815 0.107705
0.12717 29.2454 0.107813
0.127083 29.2534 0.107921
0.126502 29.1009 0.108029
0.126987 29.2958 0.108137
0.126652 29.2234 0.108245
0.126594 29.2417 0.108353
0.125701 28.9855 0.108461
0.125617 28.9949 0.10857
0.125129 28.871 0.108678
0.125394 28.996 0.108787
0.125459 29.0552 0.108896
0.124746 28.8558 0.109005
0.125206 29.0469 0.109114
0.12479 28.9463 0.109223
0.124645 28.9358 0.109332
0.124446 28.9072 0.109441
0.12395 28.7786 0.109551
0.123638 28.7117 0.10966
0.123635 28.7487 0.10977
0.123211 28.643 0.10988
0.123264 28.6996 0.10999
0.122621 28.5187 0.1101
0.122375 28.4725 0.11021
0.122532 28.5647 0.11032
0.122052 28.438 0.11043
0.121902 28.4245 0.110541
0.121647 28.3748 0.110651
0.121522 28.3697 0.110762
0.12108 28.2545 0.110873
0.120757 28.1797 0.110984
0.120577 28.1547 0.111095
0.120266 28.0835 0.111206
0.120644 28.2548 0.111317
0.119992 28.063 0.111428
0.120174 28.1655 0.11154
0.119425 27.9378 0.111651
0.119377 27.9584 0.111763
0.118738 27.7677 0.111875
0.119225 27.98 0.111986
0.118835 27.8773 0.112098
0.118831 27.9139 0.11221
0.117744 27.5578 0.112323
0.117748 27.5959 0.112435
0.117697 27.6141 0.112547
0.117611 27.6199 0.11266
0.117206 27.5078 0.112773
0.117337 27.5932 0.112885
0.117024 27.5143 0.112998
0.116601 27.3939 0.113111
0.116743 27.4832 0.113224
0.116259 27.3386 0.113338
0.115544 27.1061 0.113451
0.115247 27.0292 0.113564
0.115469 27.1482 0.113678
0.115091 27.0398 0.113792
0.114622 26.8957 0.113905
0.11515 27.132 0.114019
0.114738 27.0089 0.114133
0.114521 26.9593 0.114248
0.113858 26.7365 0.114362
0.114035 26.839 0.114476
0.113227 26.5567 0.114591
0.112995 26.4982 0.114705
0.113226 26.6211 0.11482
0.11256 26.3899 0.114935
0.113045 26.6141 0.11505
0.112656 26.491 0.115165
0.112275 26.3697 0.11528
0.112196 26.3687 0.115395
0.111995 26.3182 0.115511
0.11189 26.3055 0.115626
0.111507 26.1794 0.115742
0.110799 25.9187 0.115857
0.110777 25.9375 0.115973
0.110595 25.8904 0.116089
0.110244 25.7718 0.116205
0.110579 25.9381 0.116322
0.110308 25.8517 0.116438
0.109612 25.585 0.116554
0.10949 25.5586 0.116671
0.109851 25.7366 0.116788
0.109156 25.4649 0.116904
0.109095 25.4622 0.117021
0.109038 25.4612 0.117138
0.1086 25.294 0.117255
0.10869 25.355 0.117373
0.108481 25.2854 0.11749
0.108341 25.2452 0.117608
0.108221 25.2127 0.117725
0.107696 24.9989 0.117843
0.107588 24.9692 0.117961
0.107512 24.9533 0.118079
0.106914 24.7008 0.118197
0.107008 24.7591 0.118315
0.106759 24.6615 0.118433
0.106848 24.7172 0.118552
0.106727 24.6761 0.11867
0.106029 24.3659 0.118789
0.105886 24.3113 0.118908
0.106111 24.4277 0.119027
0.105689 24.2397 0.119146
0.105841 24.3218 0.119265
0.105407 24.1239 0.119384
0.105478 24.1658 0.119503
0.10525 24.0637 0.119623
0.104872 23.8866 0.119743
0.105009 23.9582 0.119862
0.104533 23.7293 0.119982
0.104797 23.8625 0.120102
0.104713 23.8233 0.120222
0.104117 23.5279 0.120342
0.104288 23.613 0.120463
0.103876 23.4046 0.120583
0.103671 23.2976 0.120704
0.103545 23.2295 0.120825
0.103568 23.2361 0.120945
0.103332 23.1085 0.121066
0.103641 23.2614 0.121187
0.103125 22.9845 0.121309
0.103337 23.0861 0.12143
0.102916 22.8531 0.121551
0.103229 23.0077 0.121673
0.102731 22.7288 0.121795
0.102566 22.6247 0.121916
0.102651 22.6547 0.122038
0.102671 22.6484 0.12216
0.102565 22.5722 0.122282
0.102434 22.4801 0.122405
0.102286 22.3767 0.122527
0.102065 22.2307 0.12265
0.102283 22.3288 0.122772
0.102249 22.2843 0.122895
0.102051 22.1448 0.123018
0.10212 22.156 0.123141
0.101818 21.9517 0.123264
0.101693 21.8474 0.123387
0.101646 21.7864 0.123511
0.101567 21.7042 0.123634
0.101691 21.7406 0.123758
0.10178 21.7561 0.123882
0.101506 21.5521 0.124006
0.101318 21.3968 0.12413
0.101303 21.3437 0.124254
0.101316 21.306 0.124378
0.101247 21.2165 0.124502
0.101458 21.2975 0.124627
0.101322 21.1626 0.124751
0.101345 21.1249 0.124876
0.101413 21.1134 0.125001
0.101167 20.9013 0.125126
0.101159 20.8379 0.125251
0.101227 20.8214 0.125376
0.101217 20.7528 0.125502
0.101161 20.6523 0.125627
0.101355 20.7134 0.125753
0.101227 20.5609 0.125879
0.101253 20.5083 0.126005
0.101319 20.4804 0.126131
0.101254 20.3626 0.126257
0.101167 20.2268 0.126383
0.101185 20.1598 0.126509
0.101439 20.2532 0.126636
0.101453 20.1803 0.126763
0.101286 19.9794 0.126889
0.101253 19.8681 0.127016
0.101483 19.9398 0.127143
0.101437 19.8151 0.12727
0.101423 19.7103 0.127398
0.101689 19.8045 0.127525
0.101646 19.6739 0.127653
0.101548 19.501 0.12778
0.101623 19.4514 0.127908
0.10172 19.4157 0.128036
0.10193 19.4622 0.128164
0.102029 19.4253 0.128292
0.101953 19.2541 0.12842
0.102143 19.2813 0.128549
0.102079 19.1134 0.128677
0.102223 19.1021 0.128806
0.102277 19.019 0.128935
0.102359 18.9554 0.129064
0.102368 18.8324 0.129193
0.10253 18.8271 0.129322
0.102692 18.8192 0.129451
0.10268 18.6724 0.129581
0.102728 18.5694 0.12971
0.103073 18.7036 0.12984
0.103111 18.5884 0.12997
0.10325 18.5526 0.1301
0.103285 18.429 0.13023
0.103337 18.3173 0.13036
0.103611 18.3867 0.130491
0.103646 18.255 0.130621
0.103876 18.2851 0.130752
0.103844 18.0909 0.130882
0.104012 18.0642 0.131013
0.104254 18.0985 0.131144
0.104299 17.9613 0.131275
0.104359 17.8343 0.131407
0.104628 17.8861 0.131538
0.104676 17.7432 0.13167
0.104815 17.6769 0.131801
0.104972 17.6237 0.131933
0.105272 17.6967 0.132065
0.105311 17.5339 0.132197
0.105499 17.5017 0.132329
0.105655 17.4389 0.132462
0.105962 17.512 0.132594
0.106098 17.4268 0.132727
0.10615 17.2599 0.132859
0.106439 17.3108 0.132992
0.106667 17.3033 0.133125
0.106699 17.1091 0.133258
0.106996 17.1615 0.133392
0.10722 17.1441 0.133525
0.107423 17.1037 0.133659
0.107644 17.0785 0.133792
0.107728 16.9182 0.133926
0.107957 16.8949 0.13406
0.108134 16.8195 0.134194
0.108313 16.743 0.134328
0.108649 16.8201 0.134463
0.108841 16.7513 0.134597
0.109094 16.7416 0.134732
0.109278 16.6597 0.134866
0.109384 16.4968 0.135001
0.10975 16.5949 0.135136
0.109936 16.5067 0.135271
0.110217 16.515 0.135407
0.110343 16.3593 0.135542
0.110666 16.4058 0.135678
0.110785 16.2366 0.135813
0.111056 16.2241 0.135949
0.111274 16.1526 0.136085
0.111529 16.1186 0.136221
0.111856 16.1587 0.136357
0.112128 16.1389 0.136494
0.112335 16.0456 0.13663
0.11254 15.9464 0.136767
0.112843 15.9519 0.136904
0.113058 15.8598 0.13704
0.113411 15.9154 0.137178
0.113683 15.8804 0.137315
0.113929 15.813 0.137452
0.11416 15.7266 0.137589
0.114467 15.7229 0.137727
0.114753 15.6925 0.137865
0.115019 15.6374 0.138003
0.115335 15.6363 0.138141
0.11562 15.5982 0.138279
0.115857 15.5016 0.138417
0.116148 15.4643 0.138556
0.116518 15.517 0.138694
0.116825 15.4941 0.138833
0.117108 15.4397 0.138972
0.117358 15.3431 0.139111
0.117677 15.3257 0.13925
0.117987 15.2957 0.139389
0.118291 15.2559 0.139528
0.118549 15.1583 0.139668
0.118879 15.1439 0.139807
0.119227 15.1481 0.139947
0.119486 15.0427 0.140087
0.119916 15.1438 0.140227
0.120151 15.0023 0.140368
0.120511 15.0126 0.140508
0.120878 15.0289 0.140648
0.121206 14.9937 0.140789
0.121531 14.9527 0.14093
0.121866 14.9223 0.141071
0.122149 14.8211 0.141212
0.122471 14.7677 0.141353
0.122803 14.7238 0.141494
0.123185 14.7421 0.141636
0.123519 14.6952 0.141778
0.123915 14.7259 0.141919
0.124197 14.6058 0.142061
0.124623 14.6713 0.142203
0.124939 14.59 0.142346
0.125264 14.517 0.142488
0.12566 14.5349 0.14263
0.126062 14.5594 0.142773
0.126345 14.4218 0.142916
0.12681 14.5239 0.143059
0.127152 14.459 0.143202
0.127491 14.3871 0.143345
0.12788 14.38 0.143488
0.128225 14.3109 0.143632
0.128634 14.3248 0.143775
0.129036 14.3285 0.143919
0.129384 14.2535 0.144063
0.129758 14.2109 0.144207
0.130145 14.1853 0.144351
0.130546 14.175 0.144496
0.130916 14.1177 0.14464
0.131297 14.0747 0.144785
0.131773 14.162 0.14493
0.132132 14.0807 0.145075
0.132562 14.098 0.14522
0.132913 13.9993 0.145365
0.133378 14.0605 0.14551
0.133759 13.9989 0.145656
0.134173 13.9813 0.145801
0.13453 13.8789 0.145947
0.134991 13.9233 0.146093
0.135429 13.9323 0.146239
0.135791 13.8273 0.146385
0.136241 13.8477 0.146532
0.136665 13.8269 0.146678
0.137098 13.8177 0.146825
0.137547 13.8274 0.146972
0.137952 13.7697 0.147119
0.138377 13.7389 0.147266
0.138788 13.6849 0.147413
0.139238 13.685 0.147561
0.139667 13.6495 0.147708
0.140103 13.6237 0.147856
0.140544 13.6005 0.148004
0.141021 13.631 0.148152
0.14141 13.5227 0.1483
0.141866 13.5133 0.148448
0.142341 13.5314 0.148597
0.14277 13.4752 0.148745
0.143263 13.5137 0.148894
0.143701 13.4655 0.149043
0.144145 13.4235 0.149192
0.144622 13.4278 0.149341
0.145081 13.403 0.149491
0.145532 13.3614 0.14964
0.146053 13.4277 0.14979
0.14647 13.3252 0.149939
0.146958 13.333 0.150089
0.147462 13.3636 0.150239
0.147907 13.2947 0.15039
0.148413 13.3228 0.15054
0.148881 13.285 0.150691
0.149372 13.2827 0.150841
0.149823 13.2115 0.150992
0.150303 13.1831 0.151143
0.15081 13.1961 0.151294
0.151313 13.2001 0.151446
0.15177 13.1249 0.151597
0.152291 13.1504 0.151749
0.1528 13.1551 0.1519
0.153299 13.1394 0.152052
0.153788 13.103 0.152204
0.154277 13.0627 0.152357
0.154778 13.0414 0.152509
0.155265 12.9918 0.152661
0.155813 13.0396 0.152814
0.156305 12.9919 0.152967
0.156851 13.0311 0.15312
0.157313 12.927 0.153273
0.157835 12.9183 0.153426
0.158354 12.9024 0.15358
0.158904 12.9343 0.153733
0.159424 12.9139 0.153887
0.159932 12.8689 0.154041
0.160489 12.9042 0.154195
0.160984 12.8294 0.154349
0.161536 12.8497 0.154503
0.162057 12.8121 0.154658
0.162614 12.8352 0.154813
0.163161 12.8349 0.154967
0.163693 12.8078 0.155122
0.164227 12.7799 0.155278
0.164775 12.7715 0.155433
0.165346 12.8004 0.155588
0.165891 12.7821 0.155744
0.166408 12.71 0.1559
0.166948 12.6751 0.156055
0.167542 12.7305 0.156212
0.168086 12.6943 0.156368
0.168663 12.7138 0.156524
0.169217 12.6884 0.156681
0.169741 12.6085 0.156837
0.170304 12.5913 0.156994
0.170921 12.6677 0.157151
0.17146 12.601 0.157308
0.172034 12.5949 0.157466
0.172636 12.6343 0.157623
0.173177 12.5601 0.157781
0.17377 12.5761 0.157938
0.17432 12.5123 0.158096
0.174903 12.502 0.158255
0.175515 12.5413 0.158413
0.176112 12.5511 0.158571
0.176657 12.4628 0.15873
0.177261 12.476 0.158888
0.177869 12.4942 0.159047
0.178476 12.5079 0.159206
0.17907 12.4929 0.159366
0.179667 12.4799 0.159525
0.180236 12.4133 0.159685
0.180876 12.4719 0.159844
0.181464 12.4309 0.160004
0.182085 12.448 0.160164
0.182685 12.4211 0.160324
0.183276 12.3751 0.160485
0.183907 12.4001 0.160645
0.18453 12.4056 0.160806
0.18513 12.3642 0.160966
0.18577 12.3941 0.161127
0.186352 12.3118 0.161289
0.186999 12.3465 0.16145
0.187633 12.3544 0.161611
0.188264 12.3527 0.161773
0.188868 12.2951 0.161935
0.189513 12.3127 0.162097
0.190115 12.2461 0.162259
0.190789 12.3096 0.162421
0.191421 12.2903 0.162583
0.192055 12.2698 0.162746
0.19271 12.287 0.162909
0.193314 12.2035 0.163072
0.193957 12.1906 0.163235
0.194629 12.2277 0.163398
0.195299 12.2561 0.163561
0.195932 12.2127 0.163725
0.196584 12.1991 0.163889
0.197225 12.162 0.164053
0.197901 12.1874 0.164217
0.198536 12.1316 0.164381
0.19921 12.1451 0.164545
0.199895 12.1765 0.16471
0.200546 12.1387 0.164874
0.201205 12.1122 0.165039
0.201891 12.135 0.165204
0.202573 12.1444 0.16537
0.203229 12.1017 0.165535
0.203932 12.1451 0.1657
0.204576 12.0699 0.165866
0.205279 12.106 0.166032
0.205973 12.1208 0.166198
0.206635 12.0714 0.166364
0.207315 12.0518 0.166531
0.208003 12.0427 0.166697
0.208691 12.0321 0.166864
0.209381 12.0217 0.167031
0.210089 12.0412 0.167198
0.210782 12.028 0.167365
0.211489 12.039 0.167532
0.212176 12.0079 0.1677
0.212903 12.0519 0.167868
0.213586 12.0031 0.168035
0.214313 12.0392 0.168203
0.215005 12.0029 0.168372
0.215712 11.9924 0.16854
0.216434 12.007 0.168709
0.217141 11.9886 0.168877
0.217869 12.0083 0.169046
0.218578 11.9855 0.169215
0.219307 12.0012 0.169384
0.219993 11.926 0.169554
0.220728 11.9425 0.169723
0.22145 11.9312 0.169893
0.222186 11.9436 0.170063
0.222923 11.9541 0.170233
0.223641 11.9214 0.170403
0.224375 11.9193 0.170574
0.225111 11.9142 0.170744
0.225835 11.8849 0.170915
0.226588 11.9056 0.171086
0.227335 11.913 0.171257
0.22808 11.9125 0.171428
0.228823 11.9029 0.1716
0.229554 11.8652 0.171771
0.230306 11.8659 0.171943
0.231063 11.8737 0.172115
0.231818 11.8719 0.172287
0.232578 11.8767 0.172459
0.233339 11.8808 0.172632
0.234102 11.884 0.172804
0.234845 11.8421 0.172977
0.235612 11.8451 0.17315
0.236394 11.874 0.173323
0.237145 11.8369 0.173497
0.237925 11.8548 0.17367
0.238694 11.8453 0.173844
0.239475 11.8561 0.174018
0.240249 11.8498 0.174192
0.241024 11.8405 0.174366
0.241788 11.8061 0.17454
0.242563 11.7886 0.174715
0.243351 11.7938 0.17489
0.244155 11.827 0.175064
0.244935 11.8079 0.175239
0.245717 11.7895 0.175415
0.246499 11.7663 0.17559
0.247297 11.7724 0.175766
0.2481 11.7833 0.175941
0.2489 11.7833 0.176117
0.2497 11.7815 0.176294
0.250491 11.7559 0.17647
0.251316 11.7947 0.176646
0.2521 11.7478 0.176823
0.252927 11.7823 0.177
0.253723 11.7522 0.177177
0.254547 11.772 0.177354
0.255365 11.778 0.177531
0.256177 11.7667 0.177709
0.256986 11.7443 0.177887
0.257793 11.7147 0.178064
0.258632 11.7468 0.178243
0.259467 11.7663 0.178421
0.260283 11.7413 0.178599
0.261113 11.7414 0.178778
0.261945 11.7435 0.178957
0.262785 11.7566 0.179136
0.263606 11.7255 0.179315
0.264446 11.7289 0.179494
0.265267 11.6915 0.179673
0.266112 11.6969 0.179853
0.266974 11.7352 0.180033
0.26781 11.714 0.180213
0.268663 11.7252 0.180393
0.269504 11.7053 0.180574
0.270354 11.7022 0.180754
0.271197 11.6792 0.180935
0.27205 11.6729 0.181116
0.272926 11.7105 0.181297
0.273792 11.722 0.181478
0.274627 11.666 0.18166
0.275496 11.6747 0.181841
0.276364 11.68 0.182023
0.277232 11.6776 0.182205
0.278105 11.6842 0.182388
0.27898 11.6897 0.18257
0.279844 11.6687 0.182752
0.280718 11.6634 0.182935
0.281591 11.6519 0.183118
0.282493 11.6971 0.183301
0.283376 11.6971 0.183485
0.284242 11.6583 0.183668
0.285145 11.6938 0.183852
0.286016 11.6553 0.184036
0.2869 11.6424 0.18422
0.287803 11.6634 0.184404
0.288684 11.6339 0.184588
0.289602 11.679 0.184773
0.290501 11.6783 0.184958
0.291401 11.6772 0.185143
0.292293 11.6528 0.185328
0.293194 11.646 0.185513
0.2941 11.6429 0.185699
0.295013 11.6503 0.185884
0.295917 11.6361 0.18607
0.296834 11.6443 0.186256
0.29774 11.6249 0.186442
0.298668 11.6479 0.186629
0.299573 11.6174 0.186816
0.300517 11.6653 0.187002
0.301431 11.6439 0.187189
0.302344 11.6184 0.187377
0.303289 11.6559 0.187564
0.304206 11.6284 0.187751
0.305131 11.6139 0.187939
0.306065 11.6151 0.188127
0.307002 11.6187 0.188315
0.307932 11.6027 0.188504
0.308873 11.605 0.188692
0.30982 11.6146 0.188881
0.310772 11.6323 0.18907
0.311705 11.6049 0.189259
0.312654 11.6067 0.189448
0.31362 11.6415 0.189637
0.314561 11.6159 0.189827
0.315513 11.6123 0.190017
0.316466 11.6063 0.190207
0.317425 11.6066 0.190397
0.318395 11.6286 0.190588
0.319352 11.6172 0.190778
0.320325 11.6356 0.190969
0.321289 11.6287 0.19116
0.322262 11.6393 0.191351
0.323223 11.6188 0.191542
0.32418 11.5853 0.191734
0.325164 11.6045 0.191926
0.326151 11.6281 0.192118
0.327114 11.5945 0.19231
0.328109 11.6242 0.192502
0.329086 11.6106 0.192695
0.330066 11.6011 0.192887
0.331051 11.597 0.19308
0.332035 11.5863 0.193273
0.333033 11.6017 0.193466
0.334035 11.6207 0.19366
0.335029 11.6184 0.193854
0.336026 11.6164 0.194047
0.337011 11.5869 0.194241
0.338018 11.5986 0.194436
0.339034 11.6263 0.19463
0.340033 11.6119 0.194825
0.34104 11.6113 0.19502
0.342034 11.5784 0.195215
0.343052 11.5921 0.19541
0.344063 11.5876 0.195605
0.345088 11.6068 0.195801
0.346095 11.584 0.195997
0.34713 11.6176 0.196193
0.34815 11.6133 0.196389
0.349156 11.5769 0.196585
0.350189 11.5911 0.196782
0.351232 11.6246 0.196979
0.352254 11.6068 0.197176
0.353291 11.6184 0.197373
0.354312 11.5895 0.19757
0.35536 11.6159 0.197768
0.3564 11.6189 0.197965
0.357441 11.6216 0.198163
0.358473 11.5997 0.198362
0.359524 11.6152 0.19856
0.360568 11.6107 0.198759
0.361621 11.6196 0.198957
0.362666 11.6087 0.199156
0.36372 11.6127 0.199355
0.364776 11.6168 0.199555
0.365825 11.6013 0.199754
0.366887 11.6078 0.199954
0.367943 11.599 0.200154
0.368998 11.5824 0.200354
0.370081 11.6229 0.200555
0.37113 11.5842 0.200755
0.372216 11.623 0.200956
0.373286 11.6198 0.201157
0.374343 11.5887 0.201358
0.375419 11.5903 0.201559
0.376508 11.6163 0.201761
0.377591 11.6256 0.201963
0.378659 11.5997 0.202165
0.379736 11.5879 0.202367
0.380824 11.5927 0.202569
0.381911 11.5938 0.202772
0.383003 11.6019 0.202974
0.384097 11.6076 0.203177
0.38518 11.5875 0.203381
0.38629 11.6196 0.203584
0.38739 11.6263 0.203788
0.388483 11.6127 0.203991
0.389582 11.6097 0.204195
0.390691 11.6218 0.2044
0.391791 11.6115 0.204604
0.392899 11.6144 0.204809
0.394005 11.6071 0.205013
0.395115 11.6061 0.205218
0.396241 11.634 0.205424
0.397349 11.6175 0.205629
0.398462 11.6103 0.205835
0.399584 11.6165 0.20604
0.400701 11.6088 0.206247
0.401823 11.607 0.206453
0.402962 11.6365 0.206659
0.404079 11.6142 0.206866
0.405205 11.6085 0.207073
0.406334 11.6044 0.20728
0.407475 11.6219 0.207487
0.408615 11.632 0.207695
0.409753 11.6341 0.207902
0.410897 11.6442 0.20811
0.412036 11.6407 0.208318
0.413168 11.6162 0.208527
0.414309 11.609 0.208735
0.415475 11.6495 0.208944
0.416624 11.6504 0.209153
0.417759 11.615 0.209362
0.418925 11.6431 0.209571
0.42008 11.6446 0.209781
0.421241 11.653 0.209991
0.422391 11.6338 0.210201
0.42356 11.6522 0.210411
0.424706 11.6164 0.210621
0.425887 11.6497 0.210832
0.427042 11.6249 0.211043
0.428221 11.6477 0.211254
0.429392 11.6468 0.211465
0.430553 11.6236 0.211676
0.431746 11.6615 0.211888
0.432905 11.6246 0.2121
0.434086 11.6302 0.212312
0.435273 11.6446 0.212524
0.436448 11.6281 0.212737
0.43764 11.6442 0.21295
0.438819 11.6298 0.213163
0.440022 11.6594 0.213376
0.441211 11.6561 0.213589
0.442402 11.655 0.213803
0.443604 11.6709 0.214017
0.444801 11.6732 0.214231
0.446001 11.677 0.214445
0.447191 11.6548 0.214659
0.448403 11.6771 0.214874
0.449605 11.6739 0.215089
0.450801 11.6525 0.215304
0.452013 11.6604 0.215519
0.453227 11.6692 0.215735
0.454438 11.669 0.21595
0.455654 11.6736 0.216166
0.456862 11.6583 0.216383
0.458085 11.6695 0.216599
0.459305 11.6709 0.216816
0.460519 11.6572 0.217032
0.461757 11.6862 0.217249
0.462982 11.6858 0.217467
0.464202 11.6714 0.217684
0.465432 11.6743 0.217902
0.466662 11.6716 0.21812
0.467908 11.7004 0.218338
0.469129 11.6722 0.218556
0.470367 11.6735 0.218775
0.471612 11.6877 0.218994
0.472849 11.6807 0.219213
0.474098 11.6942 0.219432
0.475343 11.6956 0.219651
0.476582 11.681 0.219871
0.477826 11.6739 0.220091
0.479081 11.6839 0.220311
0.480331 11.6805 0.220531
0.481589 11.6882 0.220752
0.482855 11.7103 0.220972
0.484104 11.6936 0.221193
0.485367 11.7003 0.221415
0.486625 11.6936 0.221636
0.487898 11.7153 0.221858
0.489163 11.7141 0.222079
0.490418 11.6905 0.222302
0.491694 11.7052 0.222524
0.492973 11.723 0.222746
0.494247 11.7251 0.222969
0.495517 11.7169 0.223192
0.496798 11.7267 0.223415
0.49808 11.735 0.223639
0.499359 11.7324 0.223862
0.500637 11.7247 0.224086
0.501925 11.7342 0.22431
0.503199 11.7103 0.224535
0.5045 11.7402 0.224759
0.505791 11.7427 0.224984
0.507082 11.7431 0.225209
0.508371 11.7342 0.225434
0.509659 11.7213 0.225659
0.51097 11.7524 0.225885
0.51226 11.7348 0.226111
0.513562 11.7375 0.226337
0.514858 11.7264 0.226563
0.51617 11.7419 0.22679
0.517476 11.7428 0.227017
0.518786 11.7491 0.227244
0.520088 11.733 0.227471
0.521399 11.7342 0.227699
0.522717 11.7433 0.227926
0.524035 11.7506 0.228154
0.52535 11.7489 0.228382
0.526663 11.7382 0.228611
0.52799 11.7519 0.228839
0.529308 11.7434 0.229068
0.530639 11.759 0.229297
0.531974 11.7776 0.229527
0.533299 11.7743 0.229756
0.534617 11.751 0.229986
0.535957 11.7698 0.230216
0.537285 11.7603 0.230446
0.538632 11.7874 0.230676
0.539958 11.7645 0.230907
0.541294 11.7614 0.231138
0.542633 11.7606 0.231369
0.543984 11.7793 0.231601
0.545335 11.7966 0.231832
0.546667 11.7691 0.232064
0.548016 11.774 0.232296
0.549372 11.7896 0.232528
0.550717 11.7788 0.232761
0.552079 11.7977 0.232994
0.553435 11.803 0.233227
0.554781 11.7843 0.23346
0.556137 11.7819 0.233693
0.557499 11.7882 0.233927
0.558862 11.7925 0.234161
0.560221 11.7862 0.234395
0.561588 11.7912 0.234629
0.562953 11.7899 0.234864
0.56433 11.8083 0.235099
0.565692 11.7951 0.235334
0.567063 11.7948 0.235569
0.568437 11.7974 0.235805
0.569823 11.8217 0.236041
0.571196 11.814 0.236277
0.572581 11.8288 0.236513
0.573948 11.8043 0.23675
0.575341 11.8268 0.236986
0.576714 11.8066 0.237223
0.578109 11.8285 0.237461
0.579489 11.8154 0.237698
0.58088 11.8227 0.237936
0.582281 11.8445 0.238174
0.583664 11.829 0.238412
0.585059 11.8326 0.23865
0.586463 11.8524 0.238889
0.587856 11.844 0.239128
0.58925 11.8365 0.239367
0.590656 11.8501 0.239606
0.592061 11.8575 0.239846
0.593454 11.8376 0.240086
0.594872 11.8648 0.240326
0.596263 11.8337 0.240566
0.597683 11.8574 0.240807
0.59909 11.8532 0.241048
0.600505 11.8608 0.241289
0.60191 11.8454 0.24153
0.603335 11.868 0.241771
0.604741 11.8471 0.242013
0.606162 11.8531 0.242255
0.607595 11.8821 0.242497
0.609017 11.8843 0.24274
0.610428 11.8613 0.242983
0.611851 11.8589 0.243226
0.613291 11.8882 0.243469
0.614718 11.8866 0.243712
0.616135 11.8633 0.243956
0.617575 11.8834 0.2442
0.619006 11.8802 0.244444
0.620436 11.8741 0.244689
0.621874 11.8793 0.244933
0.623316 11.8904 0.245178
0.624746 11.874 0.245423
0.626203 11.9076 0.245669
0.627638 11.8942 0.245915
0.629088 11.9093 0.24616
0.630527 11.897 0.246407
0.631969 11.8905 0.246653
0.633425 11.9072 0.2469
0.634868 11.8932 0.247147
0.636321 11.8995 0.247394
0.637775 11.9025 0.247641
0.639225 11.8941 0.247889
0.640683 11.9007 0.248137
0.64214 11.9011 0.248385
0.643614 11.9319 0.248633
0.645067 11.9184 0.248882
0.646526 11.9136 0.249131
0.647994 11.9236 0.24938
0.649457 11.9197 0.249629
0.650923 11.9199 0.249879
0.652401 11.9417 0.250129
0.653859 11.9204 0.250379
0.655337 11.9357 0.250629
0.656816 11.9507 0.25088
0.658283 11.9372 0.251131
0.659754 11.9287 0.251382
0.661229 11.9266 0.251633
0.662707 11.9273 0.251885
0.6642 11.9552 0.252137
0.665676 11.946 0.252389
0.667155 11.9399 0.252641
0.668649 11.9604 0.252894
0.670128 11.9469 0.253147
0.671625 11.9695 0.2534
0.673106 11.9539 0.253653
0.674591 11.9471 0.253907
0.676093 11.9694 0.254161
0.677587 11.9728 0.254415
0.679076 11.9632 0.25467
0.680579 11.9783 0.254924
0.682067 11.9625 0.255179
0.68357 11.9728 0.255434
0.685063 11.9591 0.25569
0.686577 11.9856 0.255945
0.688081 11.9909 0.256201
0.68958 11.9817 0.256458
0.691086 11.9832 0.256714
0.692594 11.9879 0.256971
0.694095 11.9741 0.257228
0.695612 11.9897 0.257485
0.697115 11.9754 0.257742
0.698636 11.9945 0.258
0.700143 11.982 0.258258
0.701668 12.0027 0.258516
0.703188 12.0108 0.258775
0.7047 12.0007 0.259034
0.706225 12.0131 0.259293
0.707737 11.9985 0.259552
0.709263 12.0074 0.259812
0.710793 12.0219 0.260071
0.712304 11.9971 0.260331
0.71384 12.0173 0.260592
0.715371 12.0266 0.260852
0.716894 12.0173 0.261113
0.718424 12.0199 0.261374
0.719956 12.023 0.261636
0.721495 12.037 0.261897
0.723018 12.0169 0.262159
0.724552 12.0167 0.262421
0.726094 12.0295 0.262684
0.727625 12.0185 0.262947
0.729171 12.032 0.263209
0.730704 12.0203 0.263473
0.732249 12.0288 0.263736
0.733795 12.036 0.264
0.735347 12.054 0.264264
0.73689 12.0521 0.264528
0.738436 12.0514 0.264793
0.73998 12.0462 0.265057
0.741522 12.0348 0.265323
0.743084 12.0593 0.265588
0.744632 12.0544 0.265853
0.746182 12.05 0.266119
0.74774 12.0598 0.266385
0.749291 12.0537 0.266652
0.750858 12.0762 0.266918
0.752408 12.063 0.267185
0.753969 12.0677 0.267453
0.75553 12.0714 0.26772
0.757095 12.0814 0.267988
0.75866 12.0874 0.268256
0.760218 12.0781 0.268524
0.761784 12.0831 0.268792
0.763346 12.076 0.269061
0.764908 12.0689 0.26933
0.766477 12.0723 0.2696
0.76805 12.0802 0.269869
0.769626 12.0935 0.270139
0.771191 12.0809 0.270409
0.772775 12.1055 0.27068
0.774349 12.1074 0.27095
0.775912 12.0846 0.271221
0.777494 12.0971 0.271493
0.779068 12.0915 0.271764
0.780653 12.1065 0.272036
0.782235 12.1124 0.272308
0.783811 12.1061 0.27258
0.785396 12.113 0.272853
0.78697 12.098 0.273126
0.788563 12.1174 0.273399
0.790141 12.1049 0.273672
0.791726 12.105 0.273946
0.793314 12.1078 0.27422
0.794905 12.1138 0.274494
0.796504 12.1341 0.274768
0.798088 12.123 0.275043
0.799682 12.1304 0.275318
0.801272 12.1255 0.275594
0.802873 12.1425 0.275869
0.804463 12.1342 0.276145
0.806054 12.1275 0.276421
0.807664 12.1545 0.276698
0.809253 12.1388 0.276974
0.810856 12.1493 0.277251
0.812452 12.1425 0.277529
0.814048 12.1356 0.277806
0.815663 12.1619 0.278084
0.817256 12.1454 0.278362
0.81886 12.1455 0.27864
0.820471 12.1593 0.278919
0.822073 12.1533 0.279198
0.823676 12.149 0.279477
0.825287 12.1549 0.279757
0.826892 12.1508 0.280036
0.828515 12.1769 0.280316
0.830127 12.1814 0.280597
0.831738 12.1814 0.280877
0.833344 12.171 0.281158
0.834962 12.18 0.281439
0.836567 12.1634 0.281721
0.838193 12.1862 0.282002
0.839803 12.1754 0.282284
0.841419 12.1744 0.282567
0.843048 12.1967 0.282849
0.844656 12.1753 0.283132
0.846281 12.1874 0.283415
0.8479 12.1848 0.283699
0.849533 12.2079 0.283982
0.851142 12.1818 0.284266
0.852772 12.1961 0.284551
0.854401 12.2079 0.284835
0.856022 12.2005 0.28512
0.85765 12.2047 0.285405
0.859275 12.2019 0.285691
0.860911 12.2195 0.285976
0.862533 12.2067 0.286262
0.864164 12.2097 0.286548
0.865799 12.2198 0.286835
0.867421 12.2035 0.287122
0.869059 12.2159 0.287409
0.870696 12.2248 0.287696
0.872331 12.2299 0.287984
0.87396 12.2183 0.288272
0.875596 12.2214 0.28856
0.877232 12.2224 0.288849
0.878866 12.2178 0.289138
0.88051 12.2301 0.289427
0.882145 12.2256 0.289716
0.883786 12.2289 0.290006
0.885431 12.2396 0.290296
0.887061 12.2196 0.290586
0.888716 12.2472 0.290877
0.890359 12.2495 0.291168
0.891994 12.2327 0.291459
0.893646 12.2509 0.29175
0.895293 12.2548 0.292042
0.896924 12.229 0.292334
0.898581 12.2494 0.292627
0.900228 12.2512 0.292919
0.901868 12.2376 0.293212
0.903523 12.2516 0.293505
0.905176 12.2589 0.293799
0.906823 12.2558 0.294093
0.908472 12.2529 0.294387
0.910128 12.2637 0.294681
0.911772 12.2495 0.294976
0.913427 12.2542 0.295271
0.915079 12.2526 0.295566
0.916737 12.2605 0.295862
0.918388 12.2543 0.296157
0.920054 12.2759 0.296454
0.921711 12.2803 0.29675
0.923358 12.261 0.297047
0.925016 12.2641 0.297344
0.926674 12.2649 0.297641
0.928334 12.269 0.297939
0.929996 12.2754 0.298237
0.931662 12.2876 0.298535
0.933324 12.2906 0.298834
0.934978 12.2788 0.299132
0.93664 12.2804 0.299432
0.938311 12.2968 0.299731
0.939969 12.2887 0.300031
0.94163 12.2846 0.300331
0.943301 12.2988 0.300631
0.944964 12.2957 0.300932
0.946624 12.2869 0.301233
0.948287 12.2833 0.301534
0.949954 12.2852 0.301835
0.951627 12.2966 0.302137
0.953293 12.2941 0.302439
0.954968 12.3079 0.302742
0.956631 12.2975 0.303045
0.958297 12.2935 0.303348
0.959977 12.3143 0.303651
0.96165 12.3195 0.303955
0.963321 12.3216 0.304259
0.964983 12.3038 0.304563
0.966665 12.323 0.304867
0.968339 12.3279 0.305172
0.970001 12.3082 0.305477
0.971686 12.3312 0.305783
0.973348 12.3092 0.306089
0.97503 12.3237 0.306395
0.976704 12.324 0.306701
0.978377 12.3203 0.307008
0.980058 12.3301 0.307315
0.981736 12.3355 0.307622
0.983417 12.3433 0.30793
0.985089 12.335 0.308238
0.986772 12.3463 0.308546
0.988438 12.3241 0.308854
0.990126 12.3425 0.309163
0.991806 12.3458 0.309473
0.993484 12.3431 0.309782
0.995164 12.3443 0.310092
0.996842 12.3416 0.310402
0.99852 12.338 0.310712
1.0002 12.3448 0.311023
1.00189 12.3515 0.311334
1.00357 12.3597 0.311645
1.00525 12.3513 0.311957
1.00693 12.3513 0.312269
1.00862 12.3624 0.312581
1.0103 12.3507 0.312894
1.01198 12.3506 0.313207
1.01367 12.3517 0.31352
1.01535 12.3595 0.313833
1.01704 12.3573 0.314147
1.01873 12.3687 0.314461
1.02041 12.3568 0.314776
1.0221 12.3642 0.315091
1.02378 12.3581 0.315406
1.02547 12.3695 0.315721
1.02716 12.3671 0.316037
1.02885 12.3849 0.316353
1.03053 12.3756 0.316669
1.03222 12.3801 0.316986
1.03391 12.3863 0.317303
1.0356 12.3874 0.31762
1.03729 12.3776 0.317938
1.03897 12.3771 0.318256
1.04066 12.3823 0.318574
1.04235 12.3846 0.318893
1.04405 12.3915 0.319211
1.04573 12.3831 0.319531
1.04743 12.399 0.31985
1.04911 12.3833 0.32017
1.05081 12.3966 0.32049
1.0525 12.3989 0.320811
1.05418 12.3879 0.321132
1.05588 12.3886 0.321453
1.05757 12.3996 0.321774
1.05927 12.404 0.322096
1.06096 12.3994 0.322418
1.06265 12.4021 0.32274
1.06434 12.4017 0.323063
1.06603 12.3977 0.323386
1.06773 12.4059 0.32371
1.06942 12.4044 0.324033
1.07111 12.4118 0.324357
1.07281 12.4131 0.324682
1.0745 12.4139 0.325006
1.0762 12.4214 0.325331
1.07789 12.4183 0.325657
1.07958 12.4102 0.325982
1.08127 12.4112 0.326308
1.08297 12.4286 0.326635
1.08467 12.4286 0.326961
1.08636 12.4318 0.327288
1.08805 12.4153 0.327616
1.08975 12.4293 0.327943
1.09144 12.4234 0.328271
1.09313 12.4226 0.328599
1.09483 12.4298 0.328928
1.09652 12.4222 0.329257
1.09822 12.426 0.329586
1.09991 12.4243 0.329916
1.10161 12.4259 0.330246
1.10331 12.4447 0.330576
1.105 12.4317 0.330906
1.10669 12.4312 0.331237
1.1084 12.4494 0.331569
1.11009 12.4443 0.3319
1.11178 12.4365 0.332232
1.11348 12.4547 0.332564
1.11517 12.4401 0.332897
1.11686 12.438 0.33323
1.11857 12.4548 0.333563
1.12026 12.4454 0.333897
1.12196 12.4615 0.33423
1.12365 12.4429 0.334565
1.12534 12.4515 0.334899
1.12705 12.4642 0.335234
1.12874 12.461 0.335569
1.13043 12.4511 0.335905
1.13213 12.4604 0.336241
1.13382 12.4522 0.336577
1.13552 12.4588 0.336914
1.13721 12.4543 0.337251
1.13891 12.4645 0.337588
1.1406 12.4579 0.337925
1.1423 12.4739 0.338263
1.14399 12.471 0.338602
1.14569 12.4747 0.33894
1.14738 12.4634 0.339279
1.14908 12.4711 0.339618
1.15077 12.4716 0.339958
1.15247 12.4775 0.340298
1.15415 12.4665 0.340638
1.15585 12.4706 0.340979
1.15755 12.476 0.34132
1.15924 12.4746 0.341661
1.16093 12.4814 0.342003
1.16263 12.4776 0.342345
1.16432 12.4763 0.342687
1.16601 12.4841 0.34303
1.16771 12.4896 0.343373
1.1694 12.488 0.343716
1.17109 12.492 0.34406
1.17278 12.4851 0.344404
1.17448 12.4886 0.344749
1.17617 12.4888 0.345093
1.17786 12.4928 0.345438
1.17955 12.4869 0.345784
1.18124 12.4849 0.34613
1.18294 12.4979 0.346476
1.18463 12.4949 0.346822
1.18632 12.5051 0.347169
1.18801 12.4999 0.347516
1.1897 12.4996 0.347864
1.19139 12.5021 0.348212
1.19308 12.5044 0.34856
1.19477 12.5016 0.348908
1.19646 12.508 0.349257
1.19815 12.5061 0.349607
1.19984 12.512 0.349956
1.20152 12.4988 0.350306
1.20322 12.5147 0.350656
1.2049 12.5102 0.351007
1.20659 12.5078 0.351358
1.20828 12.5139 0.351709
1.20996 12.5048 0.352061
1.21165 12.511 0.352413
1.21334 12.5209 0.352766
1.21502 12.5114 0.353118
1.21671 12.524 0.353471
1.21839 12.5132 0.353825
1.22007 12.5114 0.354179
1.22176 12.5175 0.354533
1.22344 12.5153 0.354887
1.22513 12.5185 0.355242
1.22681 12.5135 0.355598
1.22849 12.515 0.355953
1.23018 12.5244 0.356309
1.23186 12.5218 0.356665
1.23354 12.5206 0.357022
1.23523 12.5238 0.357379
1.23691 12.5257 0.357737
1.23859 12.5256 0.358094
1.24027 12.5355 0.358452
1.24195 12.5299 0.358811
1.24363 12.5379 0.35917
1.24531 12.5253 0.359529
1.24699 12.5378 0.359888
1.24867 12.5349 0.360248
1.25035 12.5402 0.360608
1.25202 12.5332 0.360969
1.2537 12.5304 0.36133
1.25538 12.5364 0.361691
1.25706 12.544 0.362053
1.25872 12.5318 0.362415
1.2604 12.5353 0.362778
1.26208 12.5374 0.36314
1.26375 12.5397 0.363503
1.26542 12.5403 0.363867
1.2671 12.5426 0.364231
1.26878 12.5471 0.364595
1.27045 12.5453 0.36496
1.27212 12.5484 0.365325
1.27379 12.546 0.36569
1.27546 12.5436 0.366056
1.27713 12.551 0.366422
1.27879 12.5548 0.366788
1.28046 12.5528 0.367155
1.28212 12.5436 0.367522
1.28381 12.5589 0.36789
1.28548 12.5529 0.368257
1.28716 12.5475 0.368626
1.28885 12.5551 0.368994
1.29051 12.5466 0.369363
1.29216 12.5477 0.369733
1.29379 12.5593 0.370102
1.29538 12.5565 0.370473
1.29694 12.5496 0.370843
1.29848 12.556 0.371214
1.29998 12.5527 0.371585
1.30145 12.5524 0.371957
1.30289 12.5638 0.372329
1.30429 12.5607 0.372701
1.30567 12.5554 0.373074
1.30704 12.5651 0.373447
1.30839 12.5645 0.37382
1.30972 12.5574 0.374194
1.31106 12.5701 0.374568
1.31239 12.5682 0.374943
1.3137 12.5646 0.375318
1.31501 12.5606 0.375693
1.31631 12.561 0.376069
1.31761 12.5726 0.376445
1.3189 12.5713 0.376821
1.32017 12.5599 0.377198
1.32144 12.5608 0.377575
1.32271 12.5651 0.377953
1.32397 12.5633 0.378331
1.32522 12.565 0.378709
1.32647 12.5706 0.379088
1.32772 12.5728 0.379467
1.32895 12.5676 0.379846
1.33018 12.5687 0.380226
1.33142 12.5728 0.380606
1.33264 12.5709 0.380987
1.33386 12.5787 0.381368
1.33507 12.5658 0.381749
1.33628 12.5666 0.382131
1.33749 12.5744 0.382513
1.33869 12.5674 0.382896
1.33989 12.5729 0.383279
1.34108 12.5702 0.383662
1.34228 12.5783 0.384046
1.34346 12.5768 0.38443
1.34464 12.5718 0.384814
1.34583 12.5818 0.385199
1.347 12.5729 0.385584
1.34818 12.5834 0.38597
1.34934 12.5795 0.386356
1.35051 12.5763 0.386742
1.35167 12.5836 0.387129
1.35283 12.584 0.387516
1.35399 12.5769 0.387903
1.35514 12.5737 0.388291
1.35629 12.5854 0.38868
1.35744 12.5801 0.389068
1.35858 12.5752 0.389457
1.35973 12.5846 0.389847
1.36086 12.5807 0.390237
1.362 12.5792 0.390627
1.36313 12.5799 0.391017
1.36427 12.5859 0.391409
1.36539 12.5801 0.3918
1.36651 12.5773 0.392192
1.36764 12.5834 0.392584
1.36876 12.5846 0.392977
1.36988 12.589 0.393369
1.371 12.5913 0.393763
1.3721 12.5832 0.394157
1.37322 12.5893 0.394551
1.37432 12.5807 0.394945
1.37542 12.5783 0.39534
1.37653 12.583 0.395736
1.37763 12.5915 0.396131
1.37873 12.5791 0.396527
1.37982 12.5793 0.396924
1.38092 12.5899 0.397321
1.38201 12.5871 0.397718
1.38309 12.58 0.398116
1.38418 12.5842 0.398514
1.38527 12.5875 0.398913
1.38635 12.5898 0.399312
1.38743 12.5837 0.399711
1.38851 12.5919 0.400111
1.38959 12.5868 0.400511
1.39066 12.5835 0.400911
1.39173 12.588 0.401312
1.39281 12.5935 0.401713
1.39387 12.5921 0.402115
1.39494 12.5932 0.402517
1.396 12.5923 0.40292
1.39706 12.596 0.403323
1.39812 12.5939 0.403726
1.39918 12.5941 0.40413
1.40024 12.5969 0.404534
1.40129 12.5886 0.404938
1.40234 12.5969 0.405343
1.40339 12.5952 0.405749
1.40444 12.5873 0.406154
1.40548 12.5919 0.406561
1.40653 12.5854 0.406967
1.40757 12.5865 0.407374
1.40861 12.5949 0.407781
1.40965 12.5967 0.408189
1.41068 12.5868 0.408597
1.41172 12.5881 0.409006
1.41275 12.5869 0.409415
1.41379 12.5901 0.409824
1.41481 12.5882 0.410234
1.41584 12.5919 0.410644
1.41687 12.5853 0.411055
1.41789 12.5918 0.411466
1.41892 12.5954 0.411878
1.41994 12.5965 0.41229
1.42096 12.5949 0.412702
1.42198 12.5969 0.413115
1.42299 12.5901 0.413528
1.42401 12.5979 0.413941
1.42501 12.5876 0.414355
1.42603 12.5928 0.414769
1.42703 12.5909 0.415184
1.42805 12.5992 0.415599
1.42905 12.5967 0.416015
1.43005 12.5886 0.416431
1.43105 12.5872 0.416847
1.43205 12.5869 0.417264
1.43306 12.5981 0.417682
1.43405 12.5942 0.418099
1.43504 12.5899 0.418517
1.43604 12.5875 0.418936
1.43704 12.5988 0.419355
1.43802 12.5928 0.419774
1.43901 12.5913 0.420194
1.44 12.5907 0.420614
1.44099 12.5959 0.421035
1.44197 12.5899 0.421456
1.44295 12.5882 0.421877
1.44394 12.5971 0.422299
1.44491 12.5899 0.422721
1.44589 12.589 0.423144
1.44687 12.5926 0.423567
1.44785 12.5943 0.423991
1.44882 12.5918 0.424415
1.44979 12.5945 0.424839
1.45076 12.5898 0.425264
1.45173 12.595 0.425689
1.4527 12.5967 0.426115
1.45366 12.5893 0.426541
1.45463 12.5898 0.426968
1.4556 12.5957 0.427395
1.45655 12.5856 0.427822
1.45751 12.5885 0.42825
1.45847 12.5864 0.428678
1.45943 12.589 0.429107
1.46039 12.5894 0.429536
1.46134 12.5848 0.429965
1.46229 12.5884 0.430395
1.46325 12.5955 0.430826
1.4642 12.5907 0.431257
1.46515 12.5899 0.431688
1.46609 12.5915 0.43212
1.46704 12.5873 0.432552
1.46798 12.5857 0.432984
1.46893 12.5959 0.433417
1.46987 12.5863 0.433851
1.47081 12.5916 0.434285
1.47174 12.586 0.434719
1.47269 12.5918 0.435154
1.47362 12.5828 0.435589
1.47455 12.5838 0.436024
1.47549 12.5866 0.43646
1.47642 12.5943 0.436897
1.47735 12.5868 0.437334
1.47828 12.5884 0.437771
1.4792 12.5843 0.438209
1.48013 12.5875 0.438647
1.48105 12.584 0.439086
1.48198 12.5834 0.439525
1.4829 12.5893 0.439964
1.48382 12.5862 0.440404
1.48474 12.5887 0.440845
1.48566 12.5838 0.441285
1.48658 12.5846 0.441727
1.48749 12.5834 0.442168
1.48841 12.5866 0.442611
1.48932 12.5863 0.443053
1.49023 12.585 0.443496
1.49114 12.586 0.44394
1.49205 12.5832 0.444384
1.49295 12.5797 0.444828
1.49386 12.5802 0.445273
1.49477 12.5875 0.445718
1.49567 12.5821 0.446164
1.49657 12.5813 0.44661
1.49747 12.5817 0.447057
1.49837 12.587 0.447504
1.49927 12.5839 0.447951
1.50017 12.5833 0.448399
1.50107 12.5866 0.448848
1.50195 12.5769 0.449296
1.50285 12.587 0.449746
1.50374 12.5767 0.450195
1.50463 12.5763 0.450646
1.50552 12.582 0.451096
1.50641 12.5779 0.451547
1.50729 12.5737 0.451999
1.50818 12.5759 0.452451
1.50906 12.5736 0.452903
1.50995 12.5794 0.453356
1.51083 12.5824 0.45381
1.51171 12.5835 0.454263
1.51258 12.574 0.454718
1.51346 12.5758 0.455172
1.51434 12.5744 0.455628
1.51522 12.5814 0.456083
1.51609 12.5729 0.456539
1.51696 12.5712 0.456996
1.51783 12.5743 0.457453
1.51871 12.5804 0.45791
1.51957 12.5739 0.458368
1.52044 12.5794 0.458827
1.5213 12.5691 0.459285
1.52217 12.5753 0.459745
1.52303 12.5715 0.460204
1.5239 12.5747 0.460665
1.52475 12.5676 0.461125
1.52561 12.5671 0.461586
1.52647 12.5678 0.462048
1.52733 12.5661 0.46251
1.52819 12.5691 0.462973
1.52905 12.5751 0.463436
1.5299 12.5733 0.463899
1.53075 12.5702 0.464363
1.5316 12.5707 0.464827
1.53245 12.5683 0.465292
1.5333 12.5687 0.465757
1.53415 12.5681 0.466223
1.53499 12.5638 0.466689
1.53584 12.5683 0.467156
1.53668 12.5663 0.467623
1.53752 12.5602 0.468091
1.53837 12.5632 0.468559
1.53921 12.5675 0.469027
1.54005 12.5653 0.469497
1.54089 12.5618 0.469966
1.54172 12.5599 0.470436
1.54256 12.565 0.470906
1.5434 12.5666 0.471377
1.54422 12.5573 0.471849
1.54506 12.5583 0.472321
1.54589 12.5571 0.472793
1.54672 12.556 0.473266
1.54754 12.5558 0.473739
1.54838 12.5619 0.474213
1.5492 12.5613 0.474687
1.55003 12.5612 0.475162
1.55085 12.5578 0.475637
1.55167 12.5592 0.476112
1.55249 12.5564 0.476588
1.55331 12.552 0.477065
1.55413 12.5588 0.477542
1.55495 12.5562 0.47802
1.55576 12.5495 0.478498
1.55658 12.5552 0.478976
1.55739 12.5459 0.479455
1.55821 12.5559 0.479935
1.55902 12.5486 0.480415
1.55983 12.5455 0.480895
1.56064 12.5457 0.481376
1.56145 12.5481 0.481857
1.56225 12.5451 0.482339
1.56306 12.5467 0.482821
1.56386 12.5448 0.483304
1.56467 12.5451 0.483788
1.56547 12.5448 0.484271
1.56627 12.5444 0.484756
1.56707 12.5386 0.48524
1.56787 12.5468 0.485726
1.56867 12.5387 0.486211
1.56946 12.5411 0.486698
1.57026 12.5459 0.487184
1.57105 12.5376 0.487671
1.57185 12.5407 0.488159
1.57264 12.5366 0.488647
1.57343 12.5388 0.489136
1.57422 12.5396 0.489625
1.57501 12.5355 0.490115
1.5758 12.5389 0.490605
1.57658 12.5383 0.491095
1.57736 12.5315 0.491586
1.57815 12.5378 0.492078
1.57893 12.5336 0.49257
1.57971 12.5323 0.493063
1.5805 12.5359 0.493556
1.58128 12.5336 0.494049
1.58205 12.5325 0.494543
1.58283 12.526 0.495038
1.58361 12.5303 0.495533
1.58438 12.5292 0.496029
1.58515 12.5295 0.496525
1.58593 12.5309 0.497021
1.5867 12.5251 0.497518
1.58747 12.5269 0.498016
1.58824 12.5246 0.498514
1.58901 12.5267 0.499012
1.58977 12.5282 0.499511
1.59054 12.5234 0.500011
1.5913 12.5227 0.500511
1.59207 12.5239 0.501011
1.59283 12.5204 0.501512
1.59359 12.523 0.502014
1.59434 12.5137 0.502516
1.5951 12.5144 0.503018
1.59586 12.5128 0.503521
1.59662 12.5191 0.504025
1.59738 12.5192 0.504529
1.59813 12.5144 0.505033
1.59888 12.5148 0.505538
1.59963 12.5081 0.506044
1.60039 12.5145 0.50655
1.60113 12.5066 0.507056
1.60189 12.5111 0.507564
1.60264 12.5146 0.508071
1.60338 12.5134 0.508579
1.60412 12.5031 0.509088
1.60487 12.5038 0.509597
1.60561 12.5022 0.510106
1.60636 12.5075 0.510617
1.6071 12.508 0.511127
1.60783 12.5023 0.511638
1.60857 12.5076 0.51215
1.60931 12.5045 0.512662
1.61004 12.5011 0.513175
1.61078 12.4967 0.513688
1.61152 12.4941 0.514202
1.61225 12.4936 0.514716
1.61299 12.4931 0.515231
1.61371 12.4995 0.515746
1.6144 12.4979 0.516261
1.61508 12.5002 0.516778
1.61574 12.4959 0.517295
1.61639 12.49 0.517812
1.61704 12.493 0.51833
1.61768 12.488 0.518848
1.61832 12.4904 0.519367
1.61896 12.4925 0.519886
1.6196 12.4902 0.520406
1.62023 12.4887 0.520926
1.62085 12.4893 0.521447
1.62148 12.4901 0.521969
1.6221 12.4843 0.522491
1.62272 12.4888 0.523013
1.62333 12.4812 0.523536
1.62395 12.4782 0.52406
1.62456 12.4854 0.524584
1.62517 12.4843 0.525109
1.62578 12.4822 0.525634
1.62638 12.477 0.526159
1.62699 12.4769 0.526685
1.62759 12.4738 0.527212
1.62819 12.4795 0.527739
1.62879 12.4772 0.528267
1.62938 12.4724 0.528795
1.62998 12.4795 0.529324
1.63057 12.4736 0.529853
1.63116 12.4721 0.530383
1.63175 12.4677 0.530914
1.63234 12.4757 0.531445
1.63292 12.469 0.531976
1.63351 12.4734 0.532508
1.63409 12.465 0.533041
1.63467 12.4661 0.533574
1.63525 12.4639 0.534107
1.63583 12.4654 0.534641
1.63641 12.4691 0.535176
1.63698 12.4677 0.535711
1.63755 12.4649 0.536247
1.63812 12.4582 0.536783
1.63869 12.4576 0.53732
1.63926 12.4569 0.537857
1.63983 12.4621 0.538395
1.6404 12.4561 0.538933
1.64096 12.4634 0.539472
1.64152 12.4556 0.540012
1.64209 12.46 0.540552
1.64265 12.4602 0.541092
1.64321 12.4548 0.541633
1.64376 12.4553 0.542175
1.64432 12.4544 0.542717
1.64487 12.4525 0.54326
1.64543 12.4542 0.543803
1.64598 12.4493 0.544347
1.64653 12.4457 0.544891
1.64708 12.452 0.545436
1.64763 12.4514 0.545982
1.64817 12.443 0.546528
1.64872 12.4497 0.547074
1.64927 12.4478 0.547621
1.64981 12.4441 0.548169
1.65035 12.443 0.548717
1.65089 12.446 0.549266
1.65143 12.4401 0.549815
1.65196 12.4374 0.550365
1.6525 12.4385 0.550915
1.65304 12.4409 0.551466
1.65357 12.4412 0.552018
1.65411 12.4397 0.55257
1.65464 12.4391 0.553122
1.65517 12.4377 0.553675
1.65569 12.4294 0.554229
1.65622 12.4305 0.554783
1.65675 12.4293 0.555338
1.65727 12.4311 0.555893
1.6578 12.4297 0.556449
1.65832 12.4258 0.557006
1.65884 12.4231 0.557563
1.65936 12.4308 0.55812
1.65988 12.4256 0.558678
1.6604 12.427 0.559237
1.66091 12.4204 0.559796
1.66143 12.4267 0.560356
1.66194 12.4177 0.560916
1.66246 12.4206 0.561477
1.66297 12.4206 0.562039
1.66348 12.4225 0.562601
1.66399 12.4137 0.563163
1.6645 12.4201 0.563727
1.66501 12.4201 0.56429
1.66551 12.4125 0.564855
1.66601 12.4099 0.56542
1.66652 12.4139 0.565985
1.66702 12.4091 0.566551
1.66752 12.4102 0.567117
1.66803 12.4135 0.567685
1.66852 12.4039 0.568252
1.66902 12.4069 0.568821
1.66952 12.4028 0.569389
1.67001 12.4038 0.569959
1.67051 12.4011 0.570529
1.671 12.4076 0.571099
1.67149 12.4041 0.57167
1.67198 12.4001 0.572242
1.67247 12.3951 0.572814
1.67296 12.4033 0.573387
1.67345 12.4 0.57396
1.67393 12.3926 0.574534
1.67442 12.3962 0.575109
1.6749 12.393 0.575684
1.67538 12.3886 0.57626
1.67587 12.3886 0.576836
1.67635 12.394 0.577413
1.67683 12.3879 0.57799
1.67731 12.3878 0.578568
1.67778 12.3839 0.579147
1.67826 12.3846 0.579726
1.67874 12.3899 0.580306
1.67921 12.3797 0.580886
1.67968 12.3847 0.581467
1.68016 12.3836 0.582048
1.68063 12.3833 0.58263
1.6811 12.3798 0.583213
1.68157 12.3799 0.583796
1.68203 12.3791 0.58438
1.6825 12.3724 0.584964
1.68296 12.3725 0.585549
1.68343 12.3756 0.586135
1.68389 12.3745 0.586721
1.68436 12.3751 0.587308
1.68482 12.3718 0.587895
1.68527 12.3671 0.588483
1.68574 12.3731 0.589071
1.68619 12.3665 0.589661
1.68665 12.3709 0.59025
1.6871 12.3609 0.59084
1.68756 12.366 0.591431
1.68801 12.3637 0.592023
1.68847 12.3656 0.592615
1.68892 12.3609 0.593207
1.68936 12.3553 0.593801
1.68982 12.3613 0.594394
1.69026 12.3562 0.594989
1.69071 12.3545 0.595584
1.69116 12.3524 0.596179
1.69161 12.358 0.596775
1.69205 12.3552 0.597372
1.69249 12.3466 0.59797
1.69293 12.353 0.598568
1.69337 12.347 0.599166
1.69381 12.3432 0.599765
1.69425 12.3504 0.600365
1.69469 12.3494 0.600965
1.69513 12.3474 0.601566
1.69556 12.3394 0.602168
1.696 12.3396 0.60277
1.69643 12.3373 0.603373
1.69686 12.3366 0.603976
1.6973 12.3379 0.60458
1.69773 12.3411 0.605185
1.69815 12.3315 0.60579
1.69859 12.3368 0.606396
1.69901 12.3309 0.607002
1.69944 12.3349 0.607609
1.69987 12.3343 0.608217
1.70029 12.325 0.608825
1.70071 12.3249 0.609434
1.70114 12.329 0.610043
1.70156 12.3251 0.610653
1.70198 12.3284 0.611264
1.7024 12.3273 0.611875
1.70282 12.3246 0.612487
1.70323 12.3181 0.6131
1.70365 12.3183 0.613713
1.70407 12.3174 0.614326
1.70448 12.3199 0.614941
1.7049 12.3184 0.615556
1.70531 12.3124 0.616171
1.70572 12.3111 0.616787
1.70613 12.3085 0.617404
1.70654 12.3093 0.618022
1.70695 12.3098 0.61864
1.70736 12.31 0.619258
1.70776 12.3089 0.619878
1.70817 12.3042 0.620497
1.70857 12.3013 0.621118
1.70898 12.3065 0.621739
1.70938 12.2994 0.622361
1.70978 12.3007 0.622983
1.71018 12.2979 0.623606
1.71058 12.2922 0.62423
1.71098 12.2911 0.624854
1.71138 12.2952 0.625479
1.71177 12.2882 0.626104
1.71217 12.2899 0.62673
1.71257 12.2942 0.627357
1.71296 12.2909 0.627984
1.71335 12.2834 0.628612
1.71375 12.2872 0.629241
1.71414 12.2837 0.62987
1.71453 12.2858 0.6305
1.71492 12.2807 0.631131
1.71531 12.2843 0.631762
1.7157 12.2834 0.632394
1.71608 12.2782 0.633026
1.71647 12.2778 0.633659
1.71685 12.2705 0.634293
1.71724 12.2779 0.634927
1.71762 12.2733 0.635562
1.718 12.2739 0.636197
1.71838 12.2686 0.636834
1.71876 12.2679 0.63747
1.71914 12.2683 0.638108
1.71952 12.2675 0.638746
1.71989 12.2626 0.639385
1.72027 12.2666 0.640024
1.72064 12.2587 0.640664
1.72102 12.2629 0.641305
1.72139 12.2536 0.641946
1.72176 12.2523 0.642588
1.72214 12.2543 0.643231
1.72251 12.2574 0.643874
1.72288 12.2534 0.644518
1.72325 12.2537 0.645162
1.72361 12.247 0.645808
1.72398 12.2475 0.646453
1.72434 12.2444 0.6471
1.72471 12.2423 0.647747
1.72508 12.2453 0.648395
1.72544 12.246 0.649043
1.7258 12.2389 0.649692
1.72616 12.2402 0.650342
1.72652 12.2417 0.650992
1.72688 12.2328 0.651643
1.72724 12.2392 0.652295
1.7276 12.2339 0.652947
1.72795 12.2316 0.6536
1.72831 12.2291 0.654254
1.72867 12.2331 0.654908
1.72902 12.2233 0.655563
1.72937 12.2236 0.656218
1.72973 12.228 0.656875
1.73008 12.2215 0.657531
1.73043 12.2257 0.658189
1.73078 12.216 0.658847
1.73113 12.2204 0.659506
1.73148 12.2201 0.660165
1.73182 12.2134 0.660826
1.73217 12.2125 0.661486
1.73251 12.2106 0.662148
1.73286 12.2146 0.66281
1.7332 12.2134 0.663473
1.73354 12.2064 0.664136
1.73388 12.2033 0.6648
1.73422 12.2008 0.665465
1.73456 12.2 0.666131
1.7349 12.2029 0.666797
1.73524 12.2008 0.667464
1.73558 12.1975 0.668131
1.73591 12.1931 0.668799
1.73625 12.1957 0.669468
1.73659 12.1956 0.670138
1.73692 12.1965 0.670808
1.73725 12.1926 0.671478
1.73758 12.1875 0.67215
1.73791 12.1879 0.672822
1.73824 12.1872 0.673495
1.73857 12.181 0.674168
1.7389 12.1786 0.674843
1.73923 12.1791 0.675517
1.73956 12.1787 0.676193
1.73988 12.1777 0.676869
1.74021 12.1783 0.677546
1.74053 12.1714 0.678224
1.74086 12.1773 0.678902
1.74118 12.1733 0.679581
1.7415 12.1714 0.68026
1.74182 12.1645 0.680941
1.74214 12.1702 0.681621
1.74246 12.168 0.682303
1.74277 12.1646 0.682985
1.74309 12.1657 0.683668
1.74341 12.157 0.684352
1.74372 12.1546 0.685036
1.74404 12.1587 0.685721
1.74435 12.1539 0.686407
1.74467 12.1563 0.687094
1.74497 12.1483 0.687781
1.74529 12.1513 0.688468
1.7456 12.1487 0.689157
1.74591 12.1438 0.689846
1.74621 12.1445 0.690536
1.74652 12.1456 0.691226
1.74683 12.1444 0.691918
1.74714 12.1441 0.69261
1.74744 12.1402 0.693302
1.74775 12.1371 0.693996
1.74805 12.1388 0.69469
1.74835 12.1312 0.695384
1.74865 12.1307 0.69608
1.74896 12.1334 0.696776
1.74926 12.1314 0.697472
1.74955 12.1263 0.69817
1.74985 12.1272 0.698868
1.75015 12.1213 0.699567
1.75044 12.1206 0.700267
1.75074 12.1232 0.700967
1.75103 12.1165 0.701668
1.75133 12.1153 0.702369
1.75162 12.1122 0.703072
1.75191 12.1141 0.703775
1.7522 12.112 0.704479
1.75249 12.1103 0.705183
1.75278 12.1083 0.705888
1.75307 12.106 0.706594
1.75336 12.1071 0.707301
1.75364 12.1011 0.708008
1.75392 12.0969 0.708716
1.75421 12.1027 0.709425
1.75449 12.0945 0.710134
1.75478 12.0956 0.710844
1.75506 12.0953 0.711555
1.75534 12.0924 0.712267
1.75562 12.0896 0.712979
1.7559 12.0913 0.713692
1.75618 12.0865 0.714406
1.75645 12.0836 0.71512
1.75673 12.0826 0.715835
1.75701 12.078 0.716551
1.75728 12.0758 0.717268
1.75756 12.08 0.717985
1.75783 12.0776 0.718703
1.75811 12.0776 0.719422
1.75838 12.0718 0.720141
1.75864 12.0668 0.720861
1.75892 12.0661 0.721582
1.75919 12.0675 0.722304
1.75945 12.0634 0.723026
1.75972 12.0677 0.723749
1.75999 12.0596 0.724473
1.76026 12.0612 0.725197
1.76052 12.0614 0.725922
1.76079 12.0567 0.726648
1.76105 12.0545 0.727375
1.76131 12.0555 0.728102
1.76157 12.0481 0.72883
1.76184 12.0517 0.729559
1.76209 12.0453 0.730289
1.76236 12.0488 0.731019
1.76262 12.0468 0.73175
1.76287 12.0392 0.732482
1.76313 12.0425 0.733214
1.76339 12.0401 0.733948
1.76364 12.0378 0.734681
1.76389 12.0321 0.735416
1.76415 12.0321 0.736152
1.7644 12.0273 0.736888
1.76466 12.0305 0.737625
1.76491 12.0254 0.738362
1.76516 12.0242 0.739101
1.76541 12.0264 0.73984
1.76566 12.0228 0.74058
1.7659 12.0189 0.74132
1.76615 12.019 0.742061
1.7664 12.0149 0.742803
1.76665 12.0167 0.743546
1.76689 12.0091 0.74429
1.76713 12.0089 0.745034
1.76738 12.0043 0.745779
1.76762 12.0045 0.746525
1.76786 12.0053 0.747271
1.7681 12.0006 0.748019
1.76834 12.0014 0.748767
1.76858 12.0014 0.749516
1.76882 11.9932 0.750265
1.76906 11.9908 0.751015
1.7693 11.9909 0.751766
1.76954 11.9941 0.752518
1.76977 11.9867 0.753271
1.77 11.9851 0.754024
1.77024 11.986 0.754778
1.77047 11.9801 0.755533
1.7707 11.9796 0.756288
1.77094 11.9799 0.757044
1.77117 11.9762 0.757802
1.7714 11.9785 0.758559
1.77163 11.9765 0.759318
1.77185 11.9698 0.760077
1.77208 11.9674 0.760837
1.77231 11.966 0.761598
1.77253 11.963 0.76236
1.77276 11.962 0.763122
1.77299 11.9618 0.763885
1.77321 11.9596 0.764649
1.77343 11.9594 0.765414
1.77365 11.9521 0.766179
1.77387 11.951 0.766945
1.7741 11.9484 0.767712
1.77432 11.9468 0.76848
1.77453 11.9444 0.769248
1.77475 11.9456 0.770018
1.77497 11.9462 0.770788
1.77519 11.9376 0.771559
1.7754 11.9386 0.77233
1.77562 11.9366 0.773102
1.77583 11.9352 0.773876
1.77605 11.9296 0.774649
1.77626 11.9267 0.775424
1.77647 11.928 0.776199
1.77669 11.9266 0.776976
1.7769 11.926 0.777753
1.77711 11.9216 0.77853
1.77731 11.9181 0.779309
1.77752 11.9187 0.780088
1.77773 11.9132 0.780868
1.77794 11.9104 0.781649
1.77814 11.9146 0.782431
1.77835 11.9133 0.783213
1.77855 11.9047 0.783996
1.77876 11.9037 0.78478
1.77896 11.9026 0.785565
1.77916 11.9024 0.786351
1.77936 11.8989 0.787137
1.77957 11.9011 0.787924
1.77977 11.8987 0.788712
1.77996 11.8936 0.789501
1.78016 11.8878 0.79029
1.78036 11.892 0.791081
1.78056 11.8866 0.791872
1.78075 11.8836 0.792664
1.78095 11.883 0.793456
1.78114 11.8789 0.79425
1.78134 11.8818 0.795044
1.78153 11.8729 0.795839
1.78172 11.8772 0.796635
1.78191 11.8719 0.797432
1.78211 11.8733 0.798229
1.7823 11.8696 0.799027
1.78248 11.8685 0.799826
1.78267 11.8653 0.800626
1.78286 11.86 0.801427
1.78305 11.8564 0.802228
1.78323 11.8554 0.80303
1.78342 11.852 0.803833
1.7836 11.8524 0.804637
1.78379 11.8527 0.805442
1.78397 11.8462 0.806247
1.78415 11.8452 0.807054
1.78434 11.8461 0.807861
1.78452 11.8434 0.808668
1.7847 11.8383 0.809477
1.78488 11.8384 0.810287
1.78505 11.8333 0.811097
1.78523 11.8317 0.811908
1.78541 11.8327 0.81272
1.78559 11.8295 0.813533
1.78576 11.8227 0.814346
1.78594 11.8278 0.815161
1.78611 11.8247 0.815976
1.78629 11.821 0.816792
1.78646 11.8144 0.817608
1.78663 11.8167 0.818426
1.7868 11.8127 0.819244
1.78697 11.8122 0.820064
1.78714 11.8093 0.820884
1.78731 11.8031 0.821705
1.78748 11.8069 0.822526
1.78764 11.7996 0.823349
1.78781 11.7986 0.824172
1.78798 11.7999 0.824996
1.78814 11.7968 0.825821
1.78831 11.7946 0.826647
1.78847 11.7874 0.827474
1.78863 11.7859 0.828301
1.7888 11.7886 0.82913
1.78896 11.7823 0.829959
1.78912 11.7825 0.830789
1.78928 11.7785 0.83162
1.78944 11.7787 0.832451
1.7896 11.7761 0.833284
1.78976 11.772 0.834117
1.78991 11.7711 0.834951
1.79007 11.7663 0.835786
1.79023 11.7645 0.836622
1.79038 11.7606 0.837458
1.79054 11.7632 0.838296
1.79069 11.7569 0.839134
1.79084 11.7557 0.839973
1.79099 11.7576 0.840813
1.79114 11.7485 0.841654
1.7913 11.7496 0.842496
1.79145 11.7503 0.843338
1.79159 11.7459 0.844182
1.79174 11.7433 0.845026
1.79189 11.741 0.845871
1.79204 11.7375 0.846717
1.79218 11.734 0.847563
1.79233 11.7336 0.848411
1.79247 11.7286 0.849259
1.79262 11.7307 0.850109
1.79276 11.7251 0.850959
1.7929 11.7267 0.85181
1.79304 11.7209 0.852661
1.79319 11.7182 0.853514
1.79333 11.719 0.854368
1.79346 11.7118 0.855222
1.7936 11.7102 0.856077
1.79374 11.7063 0.856933
1.79388 11.7098 0.85779
1.79402 11.7077 0.858648
1.79415 11.7051 0.859507
1.79429 11.6979 0.860366
1.79442 11.6953 0.861227
1.79456 11.698 0.862088
1.79469 11.6901 0.86295
1.79482 11.6871 0.863813
1.79495 11.69 0.864677
1.79509 11.6868 0.865541
1.79522 11.6854 0.866407
1.79535 11.6836 0.867273
1.79547 11.6797 0.868141
1.7956 11.6749 0.869009
1.79573 11.6711 0.869878
1.79586 11.6726 0.870748
1.79598 11.6709 0.871618
1.79611 11.6671 0.87249
1.79623 11.6663 0.873362
1.79636 11.6641 0.874236
1.79648 11.6605 0.87511
1.7966 11.6582 0.875985
1.79672 11.6577 0.876861
1.79684 11.6528 0.877738
1.79696 11.6459 0.878616
1.79708 11.6455 0.879494
1.7972 11.6478 0.880374
1.79732 11.641 0.881254
1.79744 11.6408 0.882135
1.79755 11.638 0.883018
1.79767 11.6336 0.883901
1.79778 11.6341 0.884784
1.7979 11.6271 0.885669
1.79801 11.6277 0.886555
1.79813 11.6279 0.887441
1.79824 11.6197 0.888329
1.79835 11.6167 0.889217
1.79846 11.6163 0.890106
1.79857 11.6179 0.890997
1.79868 11.6095 0.891888
1.79879 11.6098 0.892779
1.7989 11.6076 0.893672
1.799 11.6049 0.894566
1.79911 11.6059 0.89546
1.79922 11.5982 0.896356
1.79932 11.5997 0.897252
1.79943 11.5938 0.89815
1.79953 11.5896 0.899048
1.79963 11.5894 0.899947
1.79974 11.5877 0.900847
1.79984 11.5851 0.901748
1.79994 11.5821 0.902649
1.80004 11.5796 0.903552
1.80014 11.5785 0.904455
1.80024 11.5751 0.90536
1.80034 11.5691 0.906265
1.80043 11.5676 0.907172
1.80053 11.569 0.908079
1.80063 11.5639 0.908987
1.80072 11.562 0.909896
1.80082 11.5566 0.910806
1.80091 11.5594 0.911717
1.80101 11.557 0.912628
1.8011 11.5489 0.913541
1.80119 11.5525 0.914454
1.80128 11.5485 0.915369
1.80137 11.544 0.916284
1.80146 11.5389 0.917201
1.80155 11.5422 0.918118
1.80164 11.538 0.919036
1.80173 11.5323 0.919955
1.80182 11.5339 0.920875
1.8019 11.5315 0.921796
1.80199 11.5268 0.922717
1.80207 11.5233 0.92364
1.80216 11.5199 0.924564
1.80224 11.5166 0.925488
1.80232 11.5152 0.926414
1.8024 11.5108 0.92734
1.80249 11.5105 0.928268
1.80257 11.5089 0.929196
1.80265 11.5063 0.930125
1.80273 11.5015 0.931055
1.80281 11.5027 0.931986
1.80288 11.4974 0.932918
1.80296 11.4951 0.933851
1.80304 11.4958 0.934785
1.80312 11.4916 0.93572
1.80319 11.4871 0.936656
1.80326 11.4818 0.937592
1.80334 11.4794 0.93853
1.80341 11.48 0.939468
1.80349 11.4777 0.940408
1.80356 11.4732 0.941348
1.80363 11.4718 0.94229
1.8037 11.4683 0.943232
1.80377 11.4676 0.944175
1.80384 11.4664 0.945119
1.80391 11.4618 0.946064
1.80398 11.4613 0.94701
1.80404 11.4581 0.947957
1.80411 11.4507 0.948905
1.80417 11.4509 0.949854
1.80424 11.4464 0.950804
1.80431 11.4483 0.951755
1.80437 11.4404 0.952707
1.80443 11.4393 0.953659
1.80449 11.4366 0.954613
1.80456 11.4336 0.955568
1.80462 11.4305 0.956523
1.80468 11.4331 0.95748
1.80474 11.4263 0.958437
1.8048 11.424 0.959396
1.80485 11.4202 0.960355
1.80491 11.4217 0.961315
1.80497 11.4145 0.962277
1.80503 11.4164 0.963239
1.80508 11.408 0.964202
1.80514 11.4088 0.965166
1.80519 11.4088 0.966132
1.80525 11.4063 0.967098
1.8053 11.4032 0.968065
1.80535 11.4004 0.969033
1.8054 11.3943 0.970002
1.80546 11.3952 0.970972
1.8055 11.3909 0.971943
1.80555 11.3836 0.972915
1.8056 11.3845 0.973888
1.80565 11.3787 0.974862
1.8057 11.3776 0.975837
1.80575 11.3789 0.976812
1.80579 11.373 0.977789
1.80584 11.3674 0.978767
1.80588 11.3651 0.979746
1.80593 11.3683 0.980726
1.80597 11.3612 0.981706
1.80602 11.362 0.982688
1.80606 11.3562 0.983671
1.8061 11.356 0.984654
1.80614 11.3546 0.985639
1.80618 11.3462 0.986625
1.80622 11.3437 0.987611
1.80626 11.3465 0.988599
1.8063 11.3414 0.989587
1.80634 11.3374 0.990577
1.80637 11.3364 0.991568
1.80641 11.3306 0.992559
1.80644 11.3286 0.993552
1.80648 11.3253 0.994545
1.80651 11.3222 0.99554
1.80655 11.3218 0.996535
1.80658 11.3169 0.997532
1.80661 11.317 0.998529
1.80665 11.314 0.999528
1.80668 11.3087 1.00053
1.80671 11.3097 1.00153
1.80674 11.3074 1.00253
1.80677 11.302 1.00353
1.8068 11.299 1.00454
1.80682 11.2986 1.00554
1.80685 11.296 1.00655
1.80688 11.2879 1.00755
1.8069 11.2874 1.00856
1.80693 11.2888 1.00957
1.80695 11.2823 1.01058
1.80698 11.2806 1.01159
1.807 11.2746 1.0126
1.80702 11.2735 1.01361
1.80705 11.2743 1.01463
1.80707 11.2681 1.01564
1.80709 11.267 1.01666
1.80711 11.2628 1.01767
1.80713 11.2575 1.01869
1.80715 11.2607 1.01971
1.80716 11.2574 1.02073
1.80718 11.2527 1.02175
1.8072 11.2462 1.02277
1.80721 11.2446 1.02379
1.80723 11.2409 1.02482
1.80725 11.2441 1.02584
1.80726 11.2379 1.02687
1.80727 11.2376 1.0279
1.80728 11.2304 1.02892
1.8073 11.2308 1.02995
1.80731 11.2289 1.03098
1.80732 11.2251 1.03201
1.80733 11.2224 1.03305
1.80734 11.2212 1.03408
1.80735 11.2131 1.03511
1.80736 11.2138 1.03615
1.80737 11.2072 1.03718
1.80737 11.2084 1.03822
1.80738 11.2026 1.03926
1.80739 11.2019 1.0403
1.80739 11.196 1.04134
1.8074 11.1964 1.04238
1.8074 11.194 1.04342
1.8074 11.1901 1.04447
1.80741 11.1904 1.04551
1.80741 11.1817 1.04656
1.80741 11.1836 1.0476
1.80741 11.1774 1.04865
1.80741 11.1733 1.0497
1.80741 11.1732 1.05075
1.80741 11.1721 1.0518
1.80741 11.1652 1.05285
1.80741 11.1672 1.0539
1.8074 11.1603 1.05496
1.8074 11.1588 1.05601
1.80739 11.1558 1.05707
1.80739 11.1521 1.05813
1.80738 11.1494 1.05918
1.80738 11.1464 1.06024
1.80737 11.1453 1.0613
1.80736 11.1404 1.06236
1.80736 11.14 1.06343
1.80735 11.1334 1.06449
1.80734 11.1358 1.06556
1.80733 11.1276 1.06662
1.80732 11.13 1.06769
1.80731 11.1266 1.06875
1.80729 11.119 1.06982
1.80728 11.1214 1.07089
1.80727 11.1163 1.07196
1.80725 11.1113 1.07304
1.80724 11.1109 1.07411
1.80723 11.1048 1.07518
1.80721 11.104 1.07626
1.80719 11.1016 1.07733
1.80718 11.0999 1.07841
1.80716 11.0945 1.07949
1.80714 11.0942 1.08057
1.80712 11.0915 1.08165
1.8071 11.0845 1.08273
1.80708 11.0811 1.08382
1.80706 11.0811 1.0849
1.80704 11.0768 1.08598
1.80702 11.0756 1.08707
1.807 11.073 1.08816
1.80697 11.0677 1.08925
1.80695 11.0689 1.09033
1.80693 11.0657 1.09142
1.8069 11.0618 1.09252
1.80688 11.0588 1.09361
1.80685 11.0531 1.0947
1.80682 11.0507 1.0958
1.8068 11.0519 1.09689
1.80677 11.0457 1.09799
1.80674 11.0403 1.09909
1.80671 11.0404 1.10019
1.80668 11.0361 1.10129
1.80665 11.0354 1.10239
1.80662 11.0306 1.10349
1.80659 11.0271 1.10459
1.80655 11.0233 1.1057
1.80652 11.0222 1.1068
1.80649 11.0227 1.10791
1.80645 11.016 1.10902
1.80642 11.0161 1.11013
1.80638 11.0082 1.11124
1.80635 11.0065 1.11235
1.80631 11.0054 1.11346
1.80627 11.0029 1.11458
1.80624 10.9993 1.11569
1.8062 10.9958 1.11681
1.80616 10.9925 1.11792
1.80612 10.988 1.11904
1.80608 10.9867 1.12016
1.80604 10.9831 1.12128
1.806 10.9843 1.1224
1.80595 10.9795 1.12352
1.80591 10.9765 1.12465
1.80587 10.9734 1.12577
1.80582 10.9675 1.1269
1.80578 10.9667 1.12802
1.80573 10.9642 1.12915
1.80569 10.9585 1.13028
1.80564 10.9577 1.13141
1.8056 10.9562 1.13254
1.80555 10.9543 1.13368
1.8055 10.9489 1.13481
1.80545 10.9479 1.13594
1.8054 10.9457 1.13708
1.80535 10.9417 1.13822
1.8053 10.938 1.13936
1.80525 10.934 1.14049
1.8052 10.9339 1.14163
1.80515 10.9308 1.14278
1.80509 10.9229 1.14392
1.80504 10.9207 1.14506
1.80498 10.9197 1.14621
1.80493 10.9176 1.14735
1.80488 10.9154 1.1485
1.80482 10.912 1.14965
1.80476 10.9092 1.1508
1.80471 10.9068 1.15195
1.80465 10.8993 1.1531
1.80459 10.8991 1.15426
1.80453 10.8958 1.15541
1.80447 10.8913 1.15657
1.80441 10.8898 1.15772
1.80435 10.8891 1.15888
1.80429 10.8862 1.16004
1.80423 10.8819 1.1612
1.80416 10.8752 1.16236
1.8041 10.877 1.16352
1.80404 10.8745 1.16469
1.80397 10.8661 1.16585
1.80391 10.8657 1.16702
1.80384 10.8617 1.16818
1.80378 10.8624 1.16935
1.80371 10.8546 1.17052
1.80364 10.8513 1.17169
1.80357 10.8512 1.17286
1.8035 10.8476 1.17404
1.80343 10.8456 1.17521
1.80337 10.8439 1.17639
1.80329 10.8387 1.17756
1.80322 10.8345 1.17874
1.80315 10.8353 1.17992
1.80308 10.8322 1.1811
1.80301 10.824 1.18228
1.80293 10.8209 1.18346
1.80286 10.8219 1.18464
1.80279 10.817 1.18583
1.80271 10.8122 1.18702
1.80263 10.8104 1.1882
1.80256 10.8111 1.18939
1.80248 10.8069 1.19058
1.8024 10.8003 1.19177
1.80233 10.8005 1.19296
1.80225 10.7972 1.19416
1.80217 10.7919 1.19535
1.80209 10.7894 1.19654
1.80201 10.7881 1.19774
1.80193 10.7859 1.19894
1.80185 10.7818 1.20014
1.80176 10.7811 1.20134
1.80168 10.7732 1.20254
1.8016 10.7733 1.20374
1.80151 10.7712 1.20495
1.80143 10.7661 1.20615
1.80134 10.7637 1.20736
