0.0696814 49.4812 0.0789293
0.0698765 49.3649 0.0790082
0.0700719 48.6127 0.0790872
0.0702678 47.3325 0.0791663
0.0704648 47.7168 0.0792455
0.0706618 46.1524 0.0793247
0.0708597 45.7021 0.079404
0.0710583 45.8824 0.0794834
0.0712573 45.243 0.0795629
0.0714568 44.4507 0.0796425
0.0716571 44.2905 0.0797221
0.071858 44.2536 0.0798019
0.0720592 43.3429 0.0798817
0.0722611 42.5119 0.0799615
0.0724637 42.5283 0.0800415
0.0726669 42.5147 0.0801215
0.0728705 41.5219 0.0802017
0.0730748 40.9644 0.0802819
0.0732797 40.6123 0.0803621
0.0734852 40.8154 0.0804425
0.0736912 39.7443 0.080523
0.0738979 39.7827 0.0806035
0.0741052 39.8731 0.0806841
0.074313 39.1455 0.0807648
0.0745214 38.9565 0.0808455
0.0747303 38.1333 0.0809264
0.07494 38.2162 0.0810073
0.0751502 37.6413 0.0810883
0.075361 37.8361 0.0811694
0.0755724 37.5114 0.0812506
0.0757843 36.5253 0.0813318
0.0759969 36.894 0.0814131
0.07621 35.8585 0.0814946
0.0764238 35.936 0.0815761
0.0766382 35.7403 0.0816576
0.0768531 35.0542 0.0817393
0.0770687 35.0543 0.081821
0.0772848 34.5938 0.0819029
0.0775016 34.3894 0.0819848
0.077719 34.3931 0.0820667
0.077937 34.504 0.0821488
0.0781555 33.6667 0.082231
0.0783748 34.0506 0.0823132
0.0785946 33.3668 0.0823955
0.0788149 32.9907 0.0824779
0.079036 33.0667 0.0825604
0.0792576 32.4245 0.0826429
0.0794798 32.3935 0.0827256
0.0797027 32.4417 0.0828083
0.0799262 32.4467 0.0828911
0.0801503 31.783 0.082974
0.080375 31.7238 0.083057
0.0806002 31.1757 0.08314
0.0808262 31.1209 0.0832232
0.0810528 31.0896 0.0833064
0.08128 31.1393 0.0833897
0.0815077 30.4932 0.0834731
0.0817362 30.5326 0.0835566
0.0819652 30.5388 0.0836401
0.0821949 30.0054 0.0837238
0.0824252 30.0151 0.0838075
0.0826561 30.0673 0.0838913
0.0828876 29.8671 0.0839752
0.0831198 29.3065 0.0840592
0.0833526 29.3529 0.0841432
0.083586 29.0345 0.0842274
0.0838201 28.9961 0.0843116
0.0840548 29.0686 0.0843959
0.0842901 28.8651 0.0844803
0.0845261 28.811 0.0845648
0.0847626 28.5377 0.0846493
0.0849999 28.2774 0.084734
0.0852378 28.3174 0.0848187
0.0854762 27.7175 0.0849035
0.0857154 27.6657 0.0849884
0.0859552 27.6766 0.0850734
0.0861957 27.8205 0.0851585
0.0864367 27.294 0.0852437
0.0866785 27.497 0.0853289
0.0869208 27.1715 0.0854142
0.0871639 27.271 0.0854997
0.0874075 27.0195 0.0855852
0.0876519 26.7188 0.0856707
0.0878968 26.4588 0.0857564
0.0881425 26.2998 0.0858422
0.0883887 26.1945 0.085928
0.0886357 26.5002 0.0860139
0.0888833 25.9084 0.0860999
0.0891315 26.2551 0.086186
0.0893804 26.0405 0.0862722
0.08963 26.0024 0.0863585
0.0898802 25.7876 0.0864449
0.0901311 25.7976 0.0865313
0.0903827 25.288 0.0866178
0.0906349 25.5787 0.0867045
0.0908877 24.9698 0.0867912
0.0911413 25.0497 0.086878
0.0913955 25.0444 0.0869648
0.0916504 24.8731 0.0870518
0.091906 24.8415 0.0871388
0.0921622 24.9128 0.087226
0.0924191 24.3797 0.0873132
0.0926766 24.4959 0.0874005
0.0929349 24.4481 0.0874879
0.0931938 24.0665 0.0875754
0.0934534 24.0064 0.087663
0.0937137 23.9864 0.0877507
0.0939747 24.0487 0.0878384
0.0942363 23.982 0.0879262
0.0944986 23.672 0.0880142
0.0947616 23.5794 0.0881022
0.0950253 23.8118 0.0881903
0.0952897 23.6078 0.0882785
0.0955548 23.3197 0.0883668
0.0958205 23.1848 0.0884551
0.096087 23.1832 0.0885436
0.0963541 23.0701 0.0886321
0.096622 23.2363 0.0887208
0.0968905 23.2288 0.0888095
0.0971597 22.8203 0.0888983
0.0974296 22.8349 0.0889872
0.0977002 22.8367 0.0890762
0.0979716 22.7578 0.0891652
0.0982435 22.4908 0.0892544
0.0985163 22.477 0.0893437
0.0987897 22.628 0.089433
0.0990638 22.2531 0.0895224
0.0993386 22.422 0.089612
0.0996141 22.0435 0.0897016
0.0998904 22.3863 0.0897913
0.100167 22.2437 0.0898811
0.100445 22.0795 0.0899709
0.100723 22.089 0.0900609
0.101002 21.6827 0.090151
0.101282 21.7482 0.0902411
0.101563 21.7252 0.0903314
0.101844 21.8877 0.0904217
0.102126 21.7457 0.0905121
0.102409 21.4601 0.0906026
0.102692 21.3163 0.0906932
0.102976 21.3621 0.0907839
0.103261 21.443 0.0908747
0.103546 21.2148 0.0909656
0.103833 21.42 0.0910566
0.10412 21.0722 0.0911476
0.104407 21.0205 0.0912388
0.104696 21.0411 0.09133
0.104985 21.0904 0.0914213
0.105275 21.067 0.0915128
0.105566 20.7001 0.0916043
0.105857 20.7193 0.0916959
0.106149 20.6702 0.0917876
0.106442 20.7314 0.0918794
0.106736 20.7634 0.0919712
0.10703 20.4058 0.0920632
0.107325 20.534 0.0921553
0.107621 20.4018 0.0922474
0.107918 20.4449 0.0923397
0.108215 20.4778 0.092432
0.108513 20.2052 0.0925244
0.108812 20.0522 0.092617
0.109111 20.1295 0.0927096
0.109412 20.0017 0.0928023
0.109713 20.0696 0.0928951
0.110015 20.1453 0.092988
0.110317 20.139 0.093081
0.110621 20.0672 0.0931741
0.110925 19.8118 0.0932672
0.11123 19.8246 0.0933605
0.111535 19.8213 0.0934539
0.111842 19.8513 0.0935473
0.112149 19.5537 0.0936409
0.112457 19.509 0.0937345
0.112765 19.6505 0.0938282
0.113075 19.5469 0.0939221
0.113385 19.3674 0.094016
0.113696 19.4021 0.09411
0.114008 19.3039 0.0942041
0.11432 19.2421 0.0942983
0.114634 19.3764 0.0943926
0.114948 19.2059 0.094487
0.115262 19.2991 0.0945815
0.115578 19.3038 0.0946761
0.115895 18.9893 0.0947708
0.116212 18.9733 0.0948655
0.11653 18.9363 0.0949604
0.116848 18.9291 0.0950553
0.117168 19.0208 0.0951504
0.117488 18.8262 0.0952456
0.117809 18.8585 0.0953408
0.118131 18.7329 0.0954361
0.118454 18.7493 0.0955316
0.118778 18.765 0.0956271
0.119102 18.822 0.0957227
0.119427 18.7821 0.0958185
0.119753 18.7773 0.0959143
0.120079 18.7438 0.0960102
0.120407 18.5865 0.0961062
0.120735 18.5468 0.0962023
0.121064 18.5098 0.0962985
0.121394 18.5269 0.0963948
0.121725 18.3445 0.0964912
0.122056 18.2336 0.0965877
0.122389 18.2422 0.0966843
0.122722 18.2727 0.096781
0.123056 18.2202 0.0968777
0.123391 18.2374 0.0969746
0.123726 18.2825 0.0970716
0.124062 18.2714 0.0971687
0.1244 18.1942 0.0972658
0.124738 18.0152 0.0973631
0.125076 18.0049 0.0974605
0.125416 18.0094 0.0975579
0.125757 18.0706 0.0976555
0.126098 18.058 0.0977531
0.12644 17.7694 0.0978509
0.126783 17.7609 0.0979487
0.127127 17.8187 0.0980467
0.127471 17.7674 0.0981447
0.127816 17.8456 0.0982429
0.128163 17.7977 0.0983411
0.12851 17.7623 0.0984395
0.128858 17.5746 0.0985379
0.129206 17.5134 0.0986364
0.129556 17.596 0.0987351
0.129906 17.6507 0.0988338
0.130258 17.4244 0.0989327
0.13061 17.6501 0.0990316
0.130963 17.4638 0.0991306
0.131317 17.3666 0.0992297
0.131671 17.4119 0.099329
0.132027 17.4574 0.0994283
0.132383 17.409 0.0995277
0.132741 17.2361 0.0996273
0.133099 17.2268 0.0997269
0.133458 17.1798 0.0998266
0.133818 17.1431 0.0999264
0.134178 17.1911 0.100026
0.13454 17.1681 0.100126
0.134902 17.2391 0.100227
0.135265 17.2073 0.100327
0.135629 16.9954 0.100427
0.135994 16.9818 0.100528
0.13636 17.1809 0.100628
0.136727 17.0033 0.100729
0.137094 17.1067 0.100829
0.137463 17.0364 0.10093
0.137832 17.0554 0.101031
0.138202 17.0487 0.101132
0.138573 16.8112 0.101233
0.138945 16.8257 0.101335
0.139318 16.9241 0.101436
0.139691 16.8194 0.101537
0.140066 16.8974 0.101639
0.140441 16.8929 0.10174
0.140817 16.8585 0.101842
0.141194 16.723 0.101944
0.141572 16.6498 0.102046
0.141951 16.6622 0.102148
0.142331 16.645 0.10225
0.142712 16.679 0.102352
0.143093 16.7084 0.102455
0.143476 16.6985 0.102557
0.143859 16.4775 0.10266
0.144244 16.4956 0.102762
0.144629 16.5535 0.102865
0.145015 16.4737 0.102968
0.145402 16.5321 0.103071
0.14579 16.503 0.103174
0.146179 16.3504 0.103277
0.146568 16.3193 0.103381
0.146959 16.353 0.103484
0.147351 16.327 0.103587
0.147743 16.341 0.103691
0.148136 16.4307 0.103795
0.148531 16.3533 0.103899
0.148926 16.3905 0.104002
0.149322 16.1937 0.104106
0.149719 16.1719 0.104211
0.150117 16.1797 0.104315
0.150516 16.2542 0.104419
0.150916 16.1724 0.104523
0.151316 16.2139 0.104628
0.151718 16.049 0.104733
0.15212 16.1899 0.104837
0.152524 16.0874 0.104942
0.152928 16.1015 0.105047
0.153334 16.0467 0.105152
0.15374 16.0391 0.105257
0.154147 16.1206 0.105363
0.154555 16.0608 0.105468
0.154964 16.0677 0.105573
0.155375 15.8883 0.105679
0.155786 15.9031 0.105785
0.156197 15.9544 0.10589
0.15661 15.9002 0.105996
0.157024 15.7863 0.106102
0.157439 15.9511 0.106208
0.157854 15.9665 0.106315
0.158271 15.7908 0.106421
0.158689 15.7708 0.106527
0.159107 15.7748 0.106634
0.159527 15.8076 0.106741
0.159947 15.8183 0.106847
0.160368 15.8514 0.106954
0.160791 15.6388 0.107061
0.161214 15.6774 0.107168
0.161638 15.69 0.107275
0.162063 15.6652 0.107383
0.16249 15.7672 0.10749
0.162917 15.684 0.107597
0.163345 15.7446 0.107705
0.163774 15.5665 0.107813
0.164204 15.7001 0.107921
0.164635 15.591 0.108029
0.165067 15.5876 0.108137
0.1655 15.59 0.108245
0.165934 15.5941 0.108353
0.166369 15.6223 0.108461
0.166805 15.4125 0.10857
0.167242 15.4491 0.108678
0.16768 15.4185 0.108787
0.168119 15.5226 0.108896
0.168559 15.4429 0.109005
0.168999 15.4867 0.109114
0.169441 15.3171 0.109223
0.169884 15.3355 0.109332
0.170328 15.3641 0.109441
0.170773 15.4141 0.109551
0.171219 15.3373 0.10966
0.171665 15.3246 0.10977
0.172113 15.3168 0.10988
0.172562 15.3491 0.10999
0.173012 15.2729 0.1101
0.173462 15.2205 0.11021
0.173914 15.2452 0.11032
0.174367 15.3419 0.11043
0.17482 15.1442 0.110541
0.175275 15.1594 0.110651
0.175731 15.3017 0.110762
0.176188 15.1813 0.110873
0.176645 15.2494 0.110984
0.177104 15.1855 0.111095
0.177564 15.2232 0.111206
0.178025 15.1891 0.111317
0.178487 15.2193 0.111428
0.17895 15.086 0.11154
0.179414 15.0849 0.111651
0.179879 15.0733 0.111763
0.180345 15.0927 0.111875
0.180813 15.1026 0.111986
0.181281 15.1294 0.112098
0.18175 15.1355 0.11221
0.18222 14.9927 0.112323
0.182691 15.0736 0.112435
0.183163 15.0805 0.112547
0.183636 14.9101 0.11266
0.184111 15.0135 0.112773
0.184586 15.008 0.112885
0.185062 15.0498 0.112998
0.18554 14.9251 0.113111
0.186018 14.9256 0.113224
0.186497 15.0194 0.113338
0.186978 14.9 0.113451
0.187459 14.8869 0.113564
0.187942 14.9674 0.113678
0.188426 14.8509 0.113792
0.188911 14.878 0.113905
0.189396 14.8103 0.114019
0.189883 14.8736 0.114133
0.190371 14.9081 0.114248
0.19086 14.7662 0.114362
0.191351 14.8025 0.114476
0.191842 14.8486 0.114591
0.192334 14.8777 0.114705
0.192827 14.7834 0.11482
0.193322 14.7267 0.114935
0.193817 14.7031 0.11505
0.194314 14.8468 0.115165
0.194811 14.6548 0.11528
0.19531 14.7236 0.115395
0.195809 14.7535 0.115511
0.19631 14.6368 0.115626
0.196812 14.6571 0.115742
0.197315 14.6806 0.115857
0.197819 14.7714 0.115973
0.198324 14.7259 0.116089
0.19883 14.6811 0.116205
0.199337 14.7138 0.116322
0.199845 14.6635 0.116438
0.200354 14.6476 0.116554
0.200865 14.6163 0.116671
0.201376 14.5537 0.116788
0.201889 14.5218 0.116904
0.202403 14.5385 0.117021
0.202918 14.5106 0.117138
0.203434 14.5371 0.117255
0.203951 14.5562 0.117373
0.204469 14.5259 0.11749
0.204988 14.4868 0.117608
0.205509 14.619 0.117725
0.20603 14.5743 0.117843
0.206553 14.4453 0.117961
0.207077 14.5316 0.118079
0.207602 14.4934 0.118197
0.208128 14.5417 0.118315
0.208655 14.5484 0.118433
0.209183 14.491 0.118552
0.209712 14.4255 0.11867
0.210242 14.4395 0.118789
0.210774 14.5095 0.118908
0.211306 14.3718 0.119027
0.21184 14.4489 0.119146
0.212375 14.3686 0.119265
0.212911 14.4576 0.119384
0.213448 14.4247 0.119503
0.213987 14.3396 0.119623
0.214526 14.4412 0.119743
0.215067 14.3674 0.119862
0.215609 14.3726 0.119982
0.216152 14.3715 0.120102
0.216696 14.3078 0.120222
0.217241 14.4202 0.120342
0.217787 14.3033 0.120463
0.218335 14.3895 0.120583
0.218883 14.2757 0.120704
0.219433 14.2659 0.120825
0.219984 14.3108 0.120945
0.220536 14.3797 0.121066
0.221089 14.3593 0.121187
0.221643 14.3802 0.121309
0.222198 14.2169 0.12143
0.222755 14.3482 0.121551
0.223312 14.2693 0.121673
0.223871 14.2635 0.121795
0.224431 14.1909 0.121916
0.224992 14.1916 0.122038
0.225555 14.3116 0.12216
0.226118 14.2019 0.122282
0.226683 14.2194 0.122405
0.227249 14.2712 0.122527
0.227816 14.1467 0.12265
0.228384 14.2152 0.122772
0.228954 14.1284 0.122895
0.229524 14.1877 0.123018
0.230096 14.1096 0.123141
0.230669 14.1222 0.123264
0.231243 14.2162 0.123387
0.231819 14.1435 0.123511
0.232395 14.1911 0.123634
0.232973 14.1158 0.123758
0.233552 14.1825 0.123882
0.234132 14.1395 0.124006
0.234713 14.1925 0.12413
0.235295 14.1681 0.124254
0.235879 14.2193 0.124378
0.236464 14.1339 0.124502
0.237049 14.1353 0.124627
0.237637 14.0341 0.124751
0.238225 14.0537 0.124876
0.238814 14.0188 0.125001
0.239405 14.013 0.125126
0.239997 14.1154 0.125251
0.24059 14.0645 0.125376
0.241184 14.0925 0.125502
0.24178 14.009 0.125627
0.242377 14.0269 0.125753
0.242975 14.1928 0.125879
0.243575 14.136 0.126005
0.244176 13.963 0.126131
0.244778 14.0096 0.126257
0.245381 13.996 0.126383
0.245986 14.053 0.126509
0.246591 14.0806 0.126636
0.247198 13.9423 0.126763
0.247805 13.9814 0.126889
0.248412 14.0707 0.127016
0.24902 14.0132 0.127143
0.249629 13.9424 0.12727
0.250238 14.0368 0.127398
0.250847 14.0294 0.127525
0.251457 13.9872 0.127653
0.252068 14.0233 0.12778
0.252678 13.9469 0.127908
0.253289 13.9793 0.128036
0.253901 14.0415 0.128164
0.254512 14.0523 0.128292
0.255125 13.9669 0.12842
0.255738 13.9244 0.128549
0.256351 13.9421 0.128677
0.256965 13.9895 0.128806
0.25758 13.9278 0.128935
0.258196 13.9367 0.129064
0.258812 13.9825 0.129193
0.25943 13.9023 0.129322
0.260048 13.9821 0.129451
0.260667 13.9194 0.129581
0.261287 13.8938 0.12971
0.261908 13.8167 0.12984
0.262529 13.973 0.12997
0.263152 13.829 0.1301
0.263775 13.8703 0.13023
0.2644 13.8001 0.13036
0.265025 13.8009 0.130491
0.265651 13.9546 0.130621
0.266278 13.8588 0.130752
0.266905 13.7927 0.130882
0.267534 13.8708 0.131013
0.268164 13.7787 0.131144
0.268794 13.9128 0.131275
0.269426 13.906 0.131407
0.270058 13.8461 0.131538
0.270691 13.8053 0.13167
0.271325 13.827 0.131801
0.271961 13.8661 0.131933
0.272597 13.8904 0.132065
0.273234 13.8708 0.132197
0.273872 13.8229 0.132329
0.274511 13.8168 0.132462
0.275151 13.8121 0.132594
0.275792 13.7499 0.132727
0.276434 13.7936 0.132859
0.277077 13.8536 0.132992
0.277721 13.776 0.133125
0.278366 13.771 0.133258
0.279012 13.8324 0.133392
0.279659 13.7526 0.133525
0.280307 13.8332 0.133659
0.280956 13.7382 0.133792
0.281606 13.8111 0.133926
0.282257 13.71 0.13406
0.282909 13.7752 0.134194
0.283561 13.7697 0.134328
0.284215 13.7788 0.134463
0.284871 13.7088 0.134597
0.285527 13.7556 0.134732
0.286184 13.776 0.134866
0.286842 13.786 0.135001
0.287501 13.7722 0.135136
0.288161 13.6863 0.135271
0.288822 13.6767 0.135407
0.289484 13.7276 0.135542
0.290147 13.6807 0.135678
0.290812 13.6571 0.135813
0.291477 13.7163 0.135949
0.292144 13.7582 0.136085
0.292811 13.7338 0.136221
0.29348 13.6864 0.136357
0.294149 13.6545 0.136494
0.29482 13.6767 0.13663
0.295491 13.6542 0.136767
0.296164 13.6884 0.136904
0.296838 13.7074 0.13704
0.297513 13.6587 0.137178
0.298188 13.7038 0.137315
0.298865 13.6728 0.137452
0.299543 13.6809 0.137589
0.300222 13.6651 0.137727
0.300903 13.652 0.137865
0.301584 13.6043 0.138003
0.302266 13.6237 0.138141
0.30295 13.6084 0.138279
0.303634 13.6071 0.138417
0.30432 13.5893 0.138556
0.305007 13.6413 0.138694
0.305695 13.6278 0.138833
0.306384 13.6988 0.138972
0.307074 13.6693 0.139111
0.307765 13.6126 0.13925
0.308457 13.6522 0.139389
0.30915 13.5701 0.139528
0.309844 13.6511 0.139668
0.31054 13.6552 0.139807
0.311236 13.5919 0.139947
0.311934 13.6416 0.140087
0.312633 13.6234 0.140227
0.313333 13.5895 0.140368
0.314034 13.6364 0.140508
0.314737 13.6588 0.140648
0.31544 13.5911 0.140789
0.316144 13.6399 0.14093
0.31685 13.5521 0.141071
0.317557 13.6353 0.141212
0.318264 13.5907 0.141353
0.318973 13.6217 0.141494
0.319683 13.6432 0.141636
0.320395 13.5952 0.141778
0.321107 13.6003 0.141919
0.32182 13.5825 0.142061
0.322535 13.5977 0.142203
0.323251 13.5629 0.142346
0.323968 13.518 0.142488
0.324686 13.6106 0.14263
0.325405 13.5695 0.142773
0.326126 13.6007 0.142916
0.326847 13.6026 0.143059
0.32757 13.5481 0.143202
0.328294 13.5176 0.143345
0.329019 13.5528 0.143488
0.329745 13.6077 0.143632
0.330472 13.5387 0.143775
0.331201 13.5201 0.143919
0.33193 13.5498 0.144063
0.332661 13.5539 0.144207
0.333393 13.5688 0.144351
0.334126 13.5591 0.144496
0.33486 13.5734 0.14464
0.335596 13.494 0.144785
0.336332 13.5325 0.14493
0.33707 13.4892 0.145075
0.337809 13.4831 0.14522
0.338549 13.5599 0.145365
0.339291 13.5224 0.14551
0.340033 13.544 0.145656
0.340777 13.5157 0.145801
0.341522 13.557 0.145947
0.342268 13.4833 0.146093
0.343015 13.4834 0.146239
0.343764 13.4714 0.146385
0.344513 13.5087 0.146532
0.345264 13.504 0.146678
0.346016 13.5355 0.146825
0.346769 13.5028 0.146972
0.347524 13.5484 0.147119
0.348279 13.4798 0.147266
0.349036 13.5213 0.147413
0.349794 13.5428 0.147561
0.350554 13.545 0.147708
0.351314 13.4964 0.147856
0.352076 13.4835 0.148004
0.352839 13.5442 0.148152
0.353603 13.4944 0.1483
0.354368 13.4453 0.148448
0.355135 13.5174 0.148597
0.355903 13.5112 0.148745
0.356672 13.4545 0.148894
0.357442 13.4762 0.149043
0.358213 13.4668 0.149192
0.358986 13.5218 0.149341
0.359759 13.4743 0.149491
0.360534 13.4443 0.14964
0.361311 13.5033 0.14979
0.362088 13.4947 0.149939
0.362867 13.5028 0.150089
0.363647 13.4979 0.150239
0.364429 13.4911 0.15039
0.365211 13.513 0.15054
0.365995 13.5017 0.150691
0.36678 13.4736 0.150841
0.367566 13.4401 0.150992
0.368354 13.4598 0.151143
0.369142 13.4628 0.151294
0.369932 13.4362 0.151446
0.370723 13.4912 0.151597
0.371515 13.4464 0.151749
0.372309 13.5042 0.1519
0.373104 13.4976 0.152052
0.3739 13.4631 0.152204
0.374698 13.4579 0.152357
0.375496 13.4835 0.152509
0.376296 13.4607 0.152661
0.377098 13.4553 0.152814
0.3779 13.4552 0.152967
0.378704 13.4559 0.15312
0.379509 13.453 0.153273
0.380315 13.4059 0.153426
0.381123 13.427 0.15358
0.381932 13.401 0.153733
0.382742 13.4748 0.153887
0.383553 13.4631 0.154041
0.384365 13.4031 0.154195
0.385179 13.4085 0.154349
0.385994 13.4577 0.154503
0.386811 13.4036 0.154658
0.387629 13.4478 0.154813
0.388448 13.4633 0.154967
0.389268 13.4038 0.155122
0.39009 13.3947 0.155278
0.390912 13.4014 0.155433
0.391737 13.4094 0.155588
0.392562 13.4326 0.155744
0.393389 13.412 0.1559
0.394217 13.4294 0.156055
0.395046 13.4688 0.156212
0.395877 13.4326 0.156368
0.396709 13.4576 0.156524
0.397542 13.4151 0.156681
0.398376 13.3859 0.156837
0.399212 13.4521 0.156994
0.400049 13.401 0.157151
0.400887 13.4373 0.157308
0.401727 13.4257 0.157466
0.402568 13.4236 0.157623
0.40341 13.4017 0.157781
0.404254 13.4016 0.157938
0.405099 13.3791 0.158096
0.405945 13.418 0.158255
0.406793 13.4102 0.158413
0.407642 13.3888 0.158571
0.408492 13.3774 0.15873
0.409343 13.376 0.158888
0.410196 13.4409 0.159047
0.41105 13.3768 0.159206
0.411906 13.3997 0.159366
0.412762 13.4338 0.159525
0.41362 13.4148 0.159685
0.41448 13.4377 0.159844
0.41534 13.4206 0.160004
0.416203 13.4348 0.160164
0.417066 13.388 0.160324
0.417931 13.4078 0.160485
0.418797 13.3743 0.160645
0.419665 13.4155 0.160806
0.420533 13.3937 0.160966
0.421403 13.3659 0.161127
0.422275 13.4034 0.161289
0.423148 13.4177 0.16145
0.424022 13.4372 0.161611
0.424897 13.3977 0.161773
0.425774 13.4149 0.161935
0.426652 13.4269 0.162097
0.427531 13.3752 0.162259
0.428412 13.3879 0.162421
0.429294 13.423 0.162583
0.430178 13.4227 0.162746
0.431063 13.3629 0.162909
0.431949 13.4154 0.163072
0.432837 13.4153 0.163235
0.433726 13.3986 0.163398
0.434616 13.4106 0.163561
0.435508 13.4101 0.163725
0.436401 13.4112 0.163889
0.437295 13.3671 0.164053
0.438191 13.3775 0.164217
0.439088 13.4029 0.164381
0.439986 13.3611 0.164545
0.440886 13.3746 0.16471
0.441787 13.41 0.164874
0.44269 13.3773 0.165039
0.443594 13.3842 0.165204
0.444499 13.3742 0.16537
0.445406 13.3757 0.165535
0.446314 13.3682 0.1657
0.447223 13.3865 0.165866
0.448134 13.3777 0.166032
0.449046 13.3575 0.166198
0.449959 13.3821 0.166364
0.450874 13.4019 0.166531
0.451791 13.3781 0.166697
0.452708 13.4049 0.166864
0.453627 13.3659 0.167031
0.454548 13.3741 0.167198
0.45547 13.3616 0.167365
0.456393 13.373 0.167532
0.457318 13.3946 0.1677
0.458244 13.3711 0.167868
0.459171 13.3971 0.168035
0.4601 13.379 0.168203
0.46103 13.4119 0.168372
0.461962 13.3649 0.16854
0.462895 13.3942 0.168709
0.463829 13.3551 0.168877
0.464765 13.3871 0.169046
0.465702 13.4094 0.169215
0.466641 13.3963 0.169384
0.467581 13.3862 0.169554
0.468522 13.4031 0.169723
0.469465 13.3996 0.169893
0.470409 13.3601 0.170063
0.471355 13.3962 0.170233
0.472302 13.4003 0.170403
0.473251 13.4112 0.170574
0.4742 13.4059 0.170744
0.475152 13.3644 0.170915
0.476104 13.3926 0.171086
0.477059 13.4062 0.171257
0.478014 13.356 0.171428
0.478971 13.3529 0.1716
0.479929 13.3952 0.171771
0.480889 13.4063 0.171943
0.48185 13.3842 0.172115
0.482813 13.4046 0.172287
0.483777 13.3639 0.172459
0.484742 13.3762 0.172632
0.485709 13.3914 0.172804
0.486677 13.3707 0.172977
0.487647 13.3864 0.17315
0.488618 13.406 0.173323
0.489591 13.3933 0.173497
0.490565 13.3523 0.17367
0.49154 13.4102 0.173844
0.492517 13.3964 0.174018
0.493495 13.4086 0.174192
0.494475 13.381 0.174366
0.495456 13.3684 0.17454
0.496439 13.4096 0.174715
0.497423 13.3551 0.17489
0.498409 13.3577 0.175064
0.499396 13.3967 0.175239
0.500384 13.3939 0.175415
0.501374 13.3838 0.17559
0.502365 13.3806 0.175766
0.503357 13.4074 0.175941
0.504352 13.3963 0.176117
0.505347 13.373 0.176294
0.506344 13.3586 0.17647
0.507343 13.3523 0.176646
0.508343 13.3986 0.176823
0.509344 13.3544 0.177
0.510347 13.3586 0.177177
0.511351 13.3546 0.177354
0.512357 13.3787 0.177531
0.513364 13.3528 0.177709
0.514373 13.3806 0.177887
0.515383 13.3583 0.178064
0.516394 13.3593 0.178243
0.517407 13.4082 0.178421
0.518422 13.3923 0.178599
0.519438 13.3818 0.178778
0.520456 13.3742 0.178957
0.521474 13.4114 0.179136
0.522495 13.3546 0.179315
0.523516 13.3955 0.179494
0.52454 13.4111 0.179673
0.525564 13.3615 0.179853
0.52659 13.3551 0.180033
0.527618 13.3715 0.180213
0.528647 13.3656 0.180393
0.529678 13.3723 0.180574
0.53071 13.3707 0.180754
0.531744 13.4018 0.180935
0.532779 13.3734 0.181116
0.533815 13.4019 0.181297
0.534853 13.3666 0.181478
0.535892 13.4004 0.18166
0.536933 13.3966 0.181841
0.537976 13.4005 0.182023
0.539019 13.3607 0.182205
0.540065 13.3827 0.182388
0.541112 13.4024 0.18257
0.54216 13.3971 0.182752
0.54321 13.3863 0.182935
0.544261 13.4074 0.183118
0.545314 13.3708 0.183301
0.546368 13.3713 0.183485
0.547424 13.388 0.183668
0.548481 13.398 0.183852
0.549539 13.405 0.184036
0.5506 13.3781 0.18422
0.551661 13.3946 0.184404
0.552725 13.3763 0.184588
0.553789 13.4152 0.184773
0.554855 13.416 0.184958
0.555923 13.3648 0.185143
0.556992 13.3714 0.185328
0.558063 13.3727 0.185513
0.559135 13.3819 0.185699
0.560208 13.3991 0.185884
0.561284 13.3733 0.18607
0.56236 13.4015 0.186256
0.563438 13.4139 0.186442
0.564518 13.4114 0.186629
0.565599 13.4128 0.186816
0.566682 13.4083 0.187002
0.567766 13.3874 0.187189
0.568851 13.4155 0.187377
0.569938 13.4052 0.187564
0.571027 13.3827 0.187751
0.572117 13.3748 0.187939
0.573209 13.3907 0.188127
0.574302 13.3935 0.188315
0.575396 13.4037 0.188504
0.576493 13.3783 0.188692
0.57759 13.4217 0.188881
0.578689 13.3944 0.18907
0.57979 13.4175 0.189259
0.580892 13.4043 0.189448
0.581996 13.3761 0.189637
0.583101 13.3912 0.189827
0.584207 13.4143 0.190017
0.585315 13.3967 0.190207
0.586425 13.3917 0.190397
0.587536 13.402 0.190588
0.588649 13.3994 0.190778
0.589764 13.4266 0.190969
0.590879 13.3926 0.19116
0.591997 13.4148 0.191351
0.593115 13.4116 0.191542
0.594236 13.3883 0.191734
0.595357 13.3818 0.191926
0.596481 13.4157 0.192118
0.597605 13.4309 0.19231
0.598732 13.4249 0.192502
0.599859 13.394 0.192695
0.600989 13.4321 0.192887
0.60212 13.3891 0.19308
0.603252 13.4258 0.193273
0.604386 13.4092 0.193466
0.605522 13.3924 0.19366
0.606659 13.4262 0.193854
0.607797 13.4095 0.194047
0.608938 13.4016 0.194241
0.610079 13.4173 0.194436
0.611222 13.4 0.19463
0.612367 13.4101 0.194825
0.613513 13.411 0.19502
0.614661 13.4121 0.195215
0.61581 13.4111 0.19541
0.61696 13.4283 0.195605
0.618112 13.4023 0.195801
0.619266 13.4377 0.195997
0.620421 13.4331 0.196193
0.621578 13.4028 0.196389
0.622737 13.434 0.196585
0.623897 13.412 0.196782
0.625058 13.4399 0.196979
0.626221 13.4244 0.197176
0.627386 13.4076 0.197373
0.628552 13.4037 0.19757
0.629719 13.4375 0.197768
0.630888 13.4239 0.197965
0.632059 13.4058 0.198163
0.633231 13.4036 0.198362
0.634404 13.4422 0.19856
0.635579 13.4308 0.198759
0.636756 13.4055 0.198957
0.637934 13.4311 0.199156
0.639114 13.4383 0.199355
0.640295 13.4057 0.199555
0.641478 13.4142 0.199754
0.642663 13.4327 0.199954
0.643849 13.4061 0.200154
0.645036 13.4463 0.200354
0.646225 13.4367 0.200555
0.647416 13.4531 0.200755
0.648608 13.4529 0.200956
0.649801 13.4093 0.201157
0.650996 13.4529 0.201358
0.652193 13.4296 0.201559
0.653391 13.4167 0.201761
0.654591 13.4487 0.201963
0.655792 13.4408 0.202165
0.656995 13.4303 0.202367
0.658199 13.4217 0.202569
0.659405 13.4348 0.202772
0.660613 13.4287 0.202974
0.661821 13.4338 0.203177
0.663032 13.4518 0.203381
0.664244 13.4475 0.203584
0.665458 13.4622 0.203788
0.666673 13.4516 0.203991
0.667889 13.4613 0.204195
0.669107 13.4513 0.2044
0.670327 13.4572 0.204604
0.671548 13.4231 0.204809
0.672771 13.4361 0.205013
0.673995 13.4287 0.205218
0.675221 13.4542 0.205424
0.676449 13.4276 0.205629
0.677678 13.4508 0.205835
0.678908 13.4689 0.20604
0.68014 13.447 0.206247
0.681374 13.4624 0.206453
0.682609 13.4697 0.206659
0.683846 13.4313 0.206866
0.685084 13.4434 0.207073
0.686323 13.4684 0.20728
0.687565 13.455 0.207487
0.688808 13.435 0.207695
0.690052 13.4623 0.207902
0.691297 13.4659 0.20811
0.692545 13.4742 0.208318
0.693793 13.4686 0.208527
0.695044 13.4553 0.208735
0.696296 13.446 0.208944
0.69755 13.4516 0.209153
0.698805 13.4536 0.209362
0.700063 13.4476 0.209571
0.701321 13.4697 0.209781
0.702581 13.449 0.209991
0.703843 13.4561 0.210201
0.705105 13.4567 0.210411
0.706369 13.4602 0.210621
0.707635 13.4768 0.210832
0.708902 13.4717 0.211043
0.71017 13.464 0.211254
0.71144 13.4653 0.211465
0.712712 13.4876 0.211676
0.713985 13.4836 0.211888
0.715261 13.4637 0.2121
0.716538 13.4799 0.212312
0.717817 13.4622 0.212524
0.719097 13.4822 0.212737
0.720379 13.4861 0.21295
0.721662 13.4743 0.213163
0.722946 13.4679 0.213376
0.724231 13.4808 0.213589
0.725518 13.4887 0.213803
0.726806 13.4887 0.214017
0.728097 13.4896 0.214231
0.72939 13.4763 0.214445
0.730684 13.4647 0.214659
0.731979 13.4836 0.214874
0.733276 13.4813 0.215089
0.734573 13.4637 0.215304
0.735872 13.4606 0.215519
0.737173 13.4879 0.215735
0.738475 13.471 0.21595
0.739778 13.4686 0.216166
0.741084 13.4727 0.216383
0.742391 13.4719 0.216599
0.7437 13.4808 0.216816
0.745011 13.5027 0.217032
0.746324 13.4781 0.217249
0.747638 13.4795 0.217467
0.748953 13.4764 0.217684
0.75027 13.5049 0.217902
0.751588 13.5057 0.21812
0.752907 13.4732 0.218338
0.754228 13.4792 0.218556
0.75555 13.4969 0.218775
0.756873 13.5115 0.218994
0.758198 13.5117 0.219213
0.759525 13.4819 0.219432
0.760854 13.4814 0.219651
0.762184 13.4776 0.219871
0.763516 13.4983 0.220091
0.76485 13.5127 0.220311
0.766185 13.5114 0.220531
0.767522 13.4803 0.220752
0.76886 13.487 0.220972
0.770199 13.5057 0.221193
0.771539 13.4851 0.221415
0.772882 13.5121 0.221636
0.774225 13.5055 0.221858
0.775571 13.5185 0.222079
0.776918 13.4923 0.222302
0.778267 13.5226 0.222524
0.779617 13.5206 0.222746
0.780968 13.4933 0.222969
0.782321 13.5178 0.223192
0.783675 13.5002 0.223415
0.78503 13.519 0.223639
0.786388 13.509 0.223862
0.787747 13.5065 0.224086
0.789108 13.5143 0.22431
0.790471 13.5053 0.224535
0.791835 13.5057 0.224759
0.793201 13.5211 0.224984
0.794567 13.5179 0.225209
0.795934 13.5166 0.225434
0.797303 13.5292 0.225659
0.798673 13.5306 0.225885
0.800045 13.5146 0.226111
0.801419 13.5318 0.226337
0.802795 13.5304 0.226563
0.804172 13.5052 0.22679
0.805551 13.518 0.227017
0.806932 13.5139 0.227244
0.808314 13.5342 0.227471
0.809697 13.5233 0.227699
0.811082 13.5091 0.227926
0.812468 13.5253 0.228154
0.813854 13.5198 0.228382
0.815243 13.5299 0.228611
0.816633 13.5242 0.228839
0.818025 13.5403 0.229068
0.819418 13.5456 0.229297
0.820813 13.5157 0.229527
0.82221 13.5245 0.229756
0.823609 13.5349 0.229986
0.825009 13.5257 0.230216
0.82641 13.5196 0.230446
0.827812 13.5388 0.230676
0.829216 13.5196 0.230907
0.830622 13.5302 0.231138
0.832029 13.5441 0.231369
0.833437 13.5237 0.231601
0.834847 13.5555 0.231832
0.836259 13.5476 0.232064
0.837671 13.5359 0.232296
0.839086 13.5318 0.232528
0.840501 13.5275 0.232761
0.841918 13.5441 0.232994
0.843337 13.5265 0.233227
0.844757 13.5303 0.23346
0.846178 13.5513 0.233693
0.847601 13.5548 0.233927
0.849025 13.5634 0.234161
0.85045 13.5532 0.234395
0.851877 13.5629 0.234629
0.853306 13.5653 0.234864
0.854736 13.5362 0.235099
0.856167 13.5601 0.235334
0.8576 13.5556 0.235569
0.859035 13.5392 0.235805
0.860472 13.548 0.236041
0.86191 13.5643 0.236277
0.86335 13.5427 0.236513
0.864791 13.5522 0.23675
0.866233 13.5698 0.236986
0.867676 13.5716 0.237223
0.86912 13.5486 0.237461
0.870566 13.5752 0.237698
0.872013 13.545 0.237936
0.873462 13.5685 0.238174
0.874913 13.5733 0.238412
0.876366 13.5568 0.23865
0.87782 13.5496 0.238889
0.879276 13.5647 0.239128
0.880732 13.5536 0.239367
0.88219 13.5662 0.239606
0.883649 13.577 0.239846
0.885109 13.5537 0.240086
0.886571 13.5542 0.240326
0.888034 13.5579 0.240566
0.889498 13.5815 0.240807
0.890964 13.5799 0.241048
0.892432 13.5817 0.241289
0.893902 13.5653 0.24153
0.895374 13.5751 0.241771
0.896846 13.5701 0.242013
0.89832 13.5858 0.242255
0.899795 13.5613 0.242497
0.901271 13.5743 0.24274
0.902748 13.5882 0.242983
0.904227 13.5776 0.243226
0.905706 13.5644 0.243469
0.907187 13.5769 0.243712
0.90867 13.5644 0.243956
0.910155 13.5707 0.2442
0.911641 13.5946 0.244444
0.913129 13.5785 0.244689
0.914618 13.591 0.244933
0.916109 13.5936 0.245178
0.917601 13.5721 0.245423
0.919094 13.5816 0.245669
0.920588 13.5719 0.245915
0.922084 13.5773 0.24616
0.923581 13.587 0.246407
0.925078 13.597 0.246653
0.926578 13.5877 0.2469
0.928079 13.5948 0.247147
0.929582 13.5877 0.247394
0.931086 13.5927 0.247641
0.932592 13.5851 0.247889
0.934099 13.5986 0.248137
0.935608 13.5895 0.248385
0.937117 13.5915 0.248633
0.938628 13.6088 0.248882
0.940141 13.6051 0.249131
0.941654 13.5911 0.24938
0.943169 13.6042 0.249629
0.944686 13.613 0.249879
0.946203 13.6119 0.250129
0.947722 13.6004 0.250379
0.949242 13.6056 0.250629
0.950764 13.5907 0.25088
0.952287 13.588 0.251131
0.953811 13.6124 0.251382
0.955336 13.5904 0.251633
0.956863 13.619 0.251885
0.958391 13.5971 0.252137
0.959921 13.6174 0.252389
0.961452 13.5959 0.252641
0.962985 13.6016 0.252894
0.964519 13.6114 0.253147
0.966054 13.6226 0.2534
0.96759 13.6083 0.253653
0.969128 13.5981 0.253907
0.970666 13.6154 0.254161
0.972206 13.6215 0.254415
0.973747 13.601 0.25467
0.97529 13.6214 0.254924
0.976834 13.6173 0.255179
0.978379 13.6285 0.255434
0.979926 13.6137 0.25569
0.981474 13.6181 0.255945
0.983024 13.6275 0.256201
0.984575 13.606 0.256458
0.986127 13.6163 0.256714
0.987681 13.632 0.256971
0.989235 13.6112 0.257228
0.990791 13.6087 0.257485
0.992348 13.6212 0.257742
0.993906 13.6331 0.258
0.995466 13.614 0.258258
0.997027 13.6374 0.258516
0.99859 13.621 0.258775
1.00015 13.6191 0.259034
1.00172 13.63 0.259293
1.00328 13.6393 0.259552
1.00485 13.6259 0.259812
1.00642 13.6268 0.260071
1.00799 13.6383 0.260331
1.00956 13.6367 0.260592
1.01113 13.6369 0.260852
1.0127 13.6258 0.261113
1.01428 13.6264 0.261374
1.01585 13.6282 0.261636
1.01743 13.6399 0.261897
1.01901 13.6408 0.262159
1.02059 13.6317 0.262421
1.02217 13.6442 0.262684
1.02375 13.6425 0.262947
1.02534 13.6377 0.263209
1.02692 13.6269 0.263473
1.02851 13.6425 0.263736
1.03009 13.6446 0.264
1.03168 13.6351 0.264264
1.03327 13.6526 0.264528
1.03486 13.6427 0.264793
1.03645 13.642 0.265057
1.03805 13.6513 0.265323
1.03964 13.6491 0.265588
1.04124 13.6542 0.265853
1.04283 13.6338 0.266119
1.04443 13.6407 0.266385
1.04603 13.6469 0.266652
1.04763 13.6485 0.266918
1.04923 13.6505 0.267185
1.05083 13.6533 0.267453
1.05244 13.6501 0.26772
1.05404 13.6569 0.267988
1.05565 13.6451 0.268256
1.05726 13.651 0.268524
1.05886 13.6444 0.268792
1.06047 13.6443 0.269061
1.06208 13.6566 0.26933
1.06369 13.6471 0.2696
1.06531 13.657 0.269869
1.06692 13.654 0.270139
1.06854 13.6548 0.270409
1.07015 13.6509 0.27068
1.07177 13.6685 0.27095
1.07339 13.6685 0.271221
1.07501 13.6467 0.271493
1.07663 13.6533 0.271764
1.07825 13.6561 0.272036
1.07987 13.6534 0.272308
1.0815 13.6546 0.27258
1.08312 13.6528 0.272853
1.08475 13.6706 0.273126
1.08638 13.6509 0.273399
1.088 13.6638 0.273672
1.08963 13.6602 0.273946
1.09127 13.6554 0.27422
1.0929 13.6674 0.274494
1.09453 13.6698 0.274768
1.09617 13.6652 0.275043
1.0978 13.665 0.275318
1.09944 13.6668 0.275594
1.10107 13.6738 0.275869
1.10271 13.6646 0.276145
1.10435 13.6626 0.276421
1.10599 13.6625 0.276698
1.10763 13.6655 0.276974
1.10927 13.6611 0.277251
1.11092 13.6585 0.277529
1.11256 13.6696 0.277806
1.11421 13.6825 0.278084
1.11585 13.6735 0.278362
1.1175 13.6846 0.27864
1.11915 13.6771 0.278919
1.1208 13.6706 0.279198
1.12245 13.6803 0.279477
1.1241 13.6671 0.279757
1.12575 13.6653 0.280036
1.12741 13.6655 0.280316
1.12906 13.6723 0.280597
1.13072 13.6877 0.280877
1.13237 13.6705 0.281158
1.13403 13.6707 0.281439
1.13569 13.6851 0.281721
1.13735 13.6851 0.282002
1.13901 13.691 0.282284
1.14067 13.6792 0.282567
1.14234 13.6855 0.282849
1.144 13.6922 0.283132
1.14566 13.6739 0.283415
1.14733 13.6733 0.283699
1.149 13.691 0.283982
1.15066 13.6834 0.284266
1.15233 13.6943 0.284551
1.154 13.6739 0.284835
1.15567 13.6915 0.28512
1.15734 13.6779 0.285405
1.15901 13.6832 0.285691
1.16069 13.6925 0.285976
1.16236 13.691 0.286262
1.16404 13.6972 0.286548
1.16571 13.6829 0.286835
1.16739 13.678 0.287122
1.16907 13.6876 0.287409
1.17074 13.6964 0.287696
1.17242 13.6829 0.287984
1.1741 13.7001 0.288272
1.17578 13.6815 0.28856
1.17747 13.6911 0.288849
1.17915 13.7039 0.289138
1.18083 13.7016 0.289427
1.18252 13.7016 0.289716
1.1842 13.6928 0.290006
1.18589 13.6841 0.290296
1.18758 13.7016 0.290586
1.18926 13.703 0.290877
1.19095 13.7001 0.291168
1.19264 13.7025 0.291459
1.19433 13.6881 0.29175
1.19602 13.7028 0.292042
1.19772 13.6902 0.292334
1.19941 13.708 0.292627
1.2011 13.6906 0.292919
1.2028 13.7011 0.293212
1.20449 13.7089 0.293505
1.20619 13.6914 0.293799
1.20789 13.6952 0.294093
1.20958 13.699 0.294387
1.21128 13.6914 0.294681
1.21298 13.6978 0.294976
1.21468 13.7092 0.295271
1.21638 13.7063 0.295566
1.21809 13.6959 0.295862
1.21979 13.7046 0.296157
1.22149 13.7023 0.296454
1.2232 13.6968 0.29675
1.2249 13.7063 0.297047
1.22661 13.7098 0.297344
1.22831 13.71 0.297641
1.23002 13.7076 0.297939
1.23173 13.6969 0.298237
1.23343 13.7011 0.298535
1.23514 13.7065 0.298834
1.23685 13.7024 0.299132
1.23856 13.711 0.299432
1.24028 13.7163 0.299731
1.24199 13.7147 0.300031
1.2437 13.7049 0.300331
1.24541 13.7142 0.300631
1.24713 13.716 0.300932
1.24884 13.711 0.301233
1.25056 13.7111 0.301534
1.25227 13.7114 0.301835
1.25399 13.7156 0.302137
1.25571 13.7135 0.302439
1.25743 13.7067 0.302742
1.25915 13.7187 0.303045
1.26087 13.707 0.303348
1.26259 13.7038 0.303651
1.26431 13.7175 0.303955
1.26603 13.7095 0.304259
1.26775 13.7068 0.304563
1.26947 13.7184 0.304867
1.2712 13.7231 0.305172
1.27292 13.7174 0.305477
1.27464 13.7164 0.305783
1.27637 13.7231 0.306089
1.27809 13.7131 0.306395
1.27982 13.7181 0.306701
1.28155 13.7119 0.307008
1.28327 13.7184 0.307315
1.285 13.7251 0.307622
1.28673 13.7155 0.30793
1.28846 13.7209 0.308238
1.29019 13.7204 0.308546
1.29192 13.7098 0.308854
1.29365 13.7207 0.309163
1.29538 13.711 0.309473
1.29712 13.7129 0.309782
1.29885 13.7211 0.310092
1.30058 13.7167 0.310402
1.30231 13.7135 0.310712
1.30405 13.7202 0.311023
1.30578 13.7275 0.311334
1.30752 13.7288 0.311645
1.30925 13.7114 0.311957
1.31099 13.7255 0.312269
1.31272 13.7222 0.312581
1.31446 13.7234 0.312894
1.3162 13.7256 0.313207
1.31794 13.7295 0.31352
1.31968 13.7305 0.313833
1.32141 13.7192 0.314147
1.32315 13.7307 0.314461
1.32489 13.7251 0.314776
1.32663 13.7242 0.315091
1.32837 13.7308 0.315406
1.33011 13.725 0.315721
1.33186 13.7282 0.316037
1.3336 13.7286 0.316353
1.33534 13.7324 0.316669
1.33708 13.7264 0.316986
1.33883 13.7216 0.317303
1.34057 13.7195 0.31762
1.34231 13.7268 0.317938
1.34406 13.7166 0.318256
1.3458 13.7302 0.318574
1.34755 13.7239 0.318893
1.34929 13.7178 0.319211
1.35104 13.7271 0.319531
1.35278 13.733 0.31985
1.35453 13.7232 0.32017
1.35628 13.7205 0.32049
1.35802 13.7265 0.320811
1.35977 13.7287 0.321132
1.36152 13.7206 0.321453
1.36327 13.7195 0.321774
1.36502 13.7169 0.322096
1.36676 13.7286 0.322418
1.36851 13.7239 0.32274
1.37026 13.7344 0.323063
1.37201 13.7268 0.323386
1.37376 13.7252 0.32371
1.37551 13.727 0.324033
1.37726 13.7304 0.324357
1.37901 13.7343 0.324682
1.38076 13.718 0.325006
1.38252 13.7298 0.325331
1.38427 13.7266 0.325657
1.38602 13.7246 0.325982
1.38777 13.7215 0.326308
1.38952 13.7182 0.326635
1.39127 13.7292 0.326961
1.39303 13.72 0.327288
1.39478 13.7252 0.327616
1.39653 13.7319 0.327943
1.39829 13.7261 0.328271
1.40004 13.7206 0.328599
1.40179 13.726 0.328928
1.40355 13.7216 0.329257
1.4053 13.7233 0.329586
1.40705 13.7255 0.329916
1.40881 13.7225 0.330246
1.41056 13.7362 0.330576
1.41232 13.7259 0.330906
1.41407 13.7311 0.331237
1.41583 13.7213 0.331569
1.41758 13.7282 0.3319
1.41934 13.727 0.332232
1.42109 13.733 0.332564
1.42285 13.7192 0.332897
1.4246 13.7259 0.33323
1.42636 13.7318 0.333563
1.42811 13.7343 0.333897
1.42987 13.7206 0.33423
1.43163 13.7301 0.334565
1.43338 13.7233 0.334899
1.43514 13.7238 0.335234
1.43689 13.7221 0.335569
1.43865 13.7196 0.335905
1.4404 13.7279 0.336241
1.44216 13.7255 0.336577
1.44392 13.7274 0.336914
1.44567 13.7354 0.337251
1.44743 13.7348 0.337588
1.44919 13.7239 0.337925
1.45094 13.7348 0.338263
1.4527 13.7185 0.338602
1.45445 13.7318 0.33894
1.45621 13.7281 0.339279
1.45797 13.7235 0.339618
1.45972 13.7259 0.339958
1.46148 13.72 0.340298
1.46323 13.7275 0.340638
1.46499 13.7291 0.340979
1.46675 13.7334 0.34132
1.4685 13.7313 0.341661
1.47026 13.7327 0.342003
1.47201 13.7324 0.342345
1.47377 13.7211 0.342687
1.47552 13.7198 0.34303
1.47728 13.7277 0.343373
1.47904 13.7227 0.343716
1.48079 13.7192 0.34406
1.48255 13.7318 0.344404
1.4843 13.7174 0.344749
1.48605 13.7226 0.345093
1.48781 13.7202 0.345438
1.48956 13.7213 0.345784
1.49132 13.72 0.34613
1.49308 13.721 0.346476
1.49483 13.7232 0.346822
1.49658 13.7196 0.347169
1.4983 13.722 0.347516
1.49998 13.7188 0.347864
1.5016 13.7265 0.348212
1.50317 13.7302 0.34856
1.5047 13.7235 0.348908
1.50621 13.7229 0.349257
1.50771 13.7279 0.349607
1.5092 13.7277 0.349956
1.51067 13.7237 0.350306
1.51213 13.7144 0.350656
1.51357 13.7258 0.351007
1.51501 13.7187 0.351358
1.51644 13.719 0.351709
1.51786 13.7131 0.352061
1.51926 13.7275 0.352413
1.52066 13.7163 0.352766
1.52206 13.7261 0.353118
1.52344 13.7262 0.353471
1.52482 13.715 0.353825
1.52619 13.7168 0.354179
1.52756 13.7205 0.354533
1.52892 13.7223 0.354887
1.53027 13.7265 0.355242
1.53162 13.7148 0.355598
1.53296 13.7166 0.355953
1.5343 13.7247 0.356309
1.53563 13.7192 0.356665
1.53696 13.7185 0.357022
1.53828 13.7214 0.357379
1.5396 13.7159 0.357737
1.54091 13.7186 0.358094
1.54222 13.7189 0.358452
1.54352 13.7218 0.358811
1.54482 13.7142 0.35917
1.54611 13.7211 0.359529
1.54741 13.7225 0.359888
1.54869 13.7192 0.360248
1.54998 13.7109 0.360608
1.55125 13.7163 0.360969
1.55253 13.7167 0.36133
1.5538 13.7082 0.361691
1.55507 13.7189 0.362053
1.55634 13.7139 0.362415
1.5576 13.7075 0.362778
1.55885 13.7072 0.36314
1.56011 13.7159 0.363503
1.56136 13.7075 0.363867
1.56261 13.7156 0.364231
1.56385 13.7109 0.364595
1.56509 13.7176 0.36496
1.56633 13.7149 0.365325
1.56757 13.7133 0.36569
1.5688 13.7092 0.366056
1.57003 13.7139 0.366422
1.57125 13.7162 0.366788
1.57248 13.7131 0.367155
1.5737 13.7158 0.367522
1.57492 13.7017 0.36789
1.57613 13.7099 0.368257
1.57734 13.7138 0.368626
1.57855 13.7144 0.368994
1.57976 13.7003 0.369363
1.58096 13.7103 0.369733
1.58216 13.7099 0.370102
1.58336 13.701 0.370473
1.58456 13.7056 0.370843
1.58575 13.7015 0.371214
1.58694 13.7067 0.371585
1.58813 13.7098 0.371957
1.58932 13.6976 0.372329
1.5905 13.7098 0.372701
1.59168 13.707 0.373074
1.59286 13.7043 0.373447
1.59404 13.7031 0.37382
1.59521 13.7056 0.374194
1.59638 13.7093 0.374568
1.59755 13.7047 0.374943
1.59872 13.7048 0.375318
1.59988 13.7028 0.375693
1.60104 13.696 0.376069
1.6022 13.6968 0.376445
1.60336 13.6932 0.376821
1.60451 13.6984 0.377198
1.60567 13.693 0.377575
1.60682 13.7016 0.377953
1.60797 13.6966 0.378331
1.60911 13.7003 0.378709
1.61026 13.6983 0.379088
1.6114 13.6901 0.379467
1.61254 13.7024 0.379846
1.61368 13.6973 0.380226
1.61481 13.702 0.380606
1.61594 13.6963 0.380987
1.61708 13.7012 0.381368
1.61821 13.6871 0.381749
1.61933 13.6955 0.382131
1.62046 13.6893 0.382513
1.62158 13.6988 0.382896
1.6227 13.6922 0.383279
1.62382 13.6919 0.383662
1.62494 13.689 0.384046
1.62605 13.6868 0.38443
1.62717 13.6912 0.384814
1.62828 13.6859 0.385199
1.62939 13.6857 0.385584
1.63049 13.6815 0.38597
1.6316 13.6934 0.386356
1.6327 13.6873 0.386742
1.6338 13.6864 0.387129
1.6349 13.6812 0.387516
1.636 13.6907 0.387903
1.6371 13.6806 0.388291
1.63819 13.6834 0.38868
1.63928 13.6897 0.389068
1.64037 13.6797 0.389457
1.64146 13.6837 0.389847
1.64255 13.6777 0.390237
1.64363 13.6822 0.390627
1.64471 13.6867 0.391017
1.64579 13.6784 0.391409
1.64687 13.6853 0.3918
1.64795 13.676 0.392192
1.64902 13.6753 0.392584
1.6501 13.6745 0.392977
1.65117 13.6838 0.393369
1.65224 13.6767 0.393763
1.65331 13.6796 0.394157
1.65437 13.678 0.394551
1.65544 13.6792 0.394945
1.6565 13.6686 0.39534
1.65756 13.681 0.395736
1.65862 13.6718 0.396131
1.65968 13.6789 0.396527
1.66074 13.6699 0.396924
1.66179 13.6723 0.397321
1.66284 13.6772 0.397718
1.66389 13.6754 0.398116
1.66494 13.6702 0.398514
1.66599 13.6715 0.398913
1.66703 13.6667 0.399312
1.66808 13.6614 0.399711
1.66912 13.668 0.400111
1.67016 13.6731 0.400511
1.6712 13.6726 0.400911
1.67224 13.6699 0.401312
1.67327 13.6628 0.401713
1.6743 13.6629 0.402115
1.67534 13.6664 0.402517
1.67637 13.6597 0.40292
1.67739 13.6629 0.403323
1.67842 13.658 0.403726
1.67945 13.6638 0.40413
1.68047 13.6643 0.404534
1.68149 13.6651 0.404938
1.68251 13.664 0.405343
1.68353 13.6545 0.405749
1.68455 13.6515 0.406154
1.68556 13.6581 0.406561
1.68658 13.6573 0.406967
1.6876 13.6607 0.407374
1.68861 13.6583 0.407781
1.68958 13.6528 0.408189
1.69052 13.6482 0.408597
1.69144 13.6457 0.409006
1.69234 13.6526 0.409415
1.69325 13.6491 0.409824
1.69414 13.6478 0.410234
1.69503 13.6433 0.410644
1.69591 13.6443 0.411055
1.69679 13.6413 0.411466
1.69767 13.6478 0.411878
1.69854 13.6519 0.41229
1.6994 13.6399 0.412702
1.70027 13.6411 0.413115
1.70113 13.6398 0.413528
1.70199 13.6424 0.413941
1.70284 13.6367 0.414355
1.70369 13.6359 0.414769
1.70454 13.6424 0.415184
1.70539 13.6409 0.415599
1.70624 13.6467 0.416015
1.70708 13.6412 0.416431
1.70792 13.6443 0.416847
1.70876 13.6407 0.417264
1.7096 13.6423 0.417682
1.71043 13.6375 0.418099
1.71126 13.6398 0.418517
1.71209 13.6305 0.418936
1.71292 13.6378 0.419355
1.71375 13.6314 0.419774
1.71457 13.6318 0.420194
1.71539 13.6348 0.420614
1.71621 13.6254 0.421035
1.71703 13.6327 0.421456
1.71785 13.6264 0.421877
1.71867 13.6298 0.422299
1.71948 13.6344 0.422721
1.72029 13.6273 0.423144
1.7211 13.6245 0.423567
1.72191 13.6268 0.423991
1.72272 13.6221 0.424415
1.72352 13.6296 0.424839
1.72433 13.6301 0.425264
1.72513 13.6206 0.425689
1.72593 13.6246 0.426115
1.72673 13.6192 0.426541
1.72753 13.6267 0.426968
1.72832 13.6148 0.427395
1.72912 13.6255 0.427822
1.72991 13.6229 0.42825
1.7307 13.6182 0.428678
1.73149 13.6167 0.429107
1.73228 13.6158 0.429536
1.73307 13.6136 0.429965
1.73385 13.6107 0.430395
1.73464 13.611 0.430826
1.73542 13.6166 0.431257
1.7362 13.6103 0.431688
1.73698 13.6146 0.43212
1.73776 13.6113 0.432552
1.73854 13.6065 0.432984
1.73931 13.6079 0.433417
1.74008 13.6101 0.433851
1.74086 13.604 0.434285
1.74163 13.6019 0.434719
1.7424 13.6084 0.435154
1.74317 13.6062 0.435589
1.74394 13.602 0.436024
1.7447 13.6053 0.43646
1.74547 13.6016 0.436897
1.74623 13.6041 0.437334
1.74699 13.6038 0.437771
1.74775 13.6029 0.438209
1.74851 13.5964 0.438647
1.74927 13.6022 0.439086
1.75002 13.5976 0.439525
1.75078 13.5993 0.439964
1.75153 13.5925 0.440404
1.75229 13.5894 0.440845
1.75304 13.5965 0.441285
1.75379 13.5961 0.441727
1.75453 13.5954 0.442168
1.75528 13.5961 0.442611
1.75603 13.5913 0.443053
1.75677 13.5944 0.443496
1.75752 13.5934 0.44394
1.75826 13.5839 0.444384
1.759 13.5909 0.444828
1.75974 13.5831 0.445273
1.76048 13.5801 0.445718
1.76121 13.5827 0.446164
1.76195 13.5837 0.44661
1.76268 13.5867 0.447057
1.76342 13.5811 0.447504
1.76415 13.5736 0.447951
1.76488 13.577 0.448399
1.76561 13.5742 0.448848
1.76634 13.5728 0.449296
1.76706 13.5696 0.449746
1.76779 13.5708 0.450195
1.76851 13.5746 0.450646
1.76924 13.5663 0.451096
1.76996 13.5677 0.451547
1.77068 13.5739 0.451999
1.7714 13.5694 0.452451
1.77212 13.5734 0.452903
1.77283 13.5731 0.453356
1.77355 13.569 0.45381
1.77426 13.5705 0.454263
1.77498 13.559 0.454718
1.77569 13.5606 0.455172
1.7764 13.566 0.455628
1.77711 13.5663 0.456083
1.77782 13.5632 0.456539
1.77852 13.5612 0.456996
1.77923 13.5552 0.457453
1.77993 13.5559 0.45791
1.78064 13.5571 0.458368
1.78134 13.5561 0.458827
1.78204 13.5499 0.459285
1.78274 13.5587 0.459745
1.78344 13.5461 0.460204
1.78414 13.5496 0.460665
1.78483 13.5474 0.461125
1.78553 13.5522 0.461586
1.78622 13.5474 0.462048
1.78691 13.5474 0.46251
1.78761 13.543 0.462973
1.7883 13.5412 0.463436
1.78898 13.5376 0.463899
1.78967 13.5378 0.464363
1.79036 13.5422 0.464827
1.79104 13.535 0.465292
1.79173 13.5406 0.465757
1.79241 13.5337 0.466223
1.79309 13.5323 0.466689
1.79377 13.5381 0.467156
1.79445 13.5393 0.467623
1.79513 13.5371 0.468091
1.79581 13.5331 0.468559
1.79649 13.5343 0.469027
1.79716 13.5242 0.469497
1.79783 13.5271 0.469966
1.79851 13.5283 0.470436
1.79918 13.5318 0.470906
1.79985 13.524 0.471377
1.80052 13.5194 0.471849
1.80118 13.5272 0.472321
1.80185 13.5264 0.472793
1.80252 13.5225 0.473266
1.80318 13.5215 0.473739
1.80384 13.5174 0.474213
1.80451 13.5196 0.474687
1.80517 13.5208 0.475162
1.80583 13.5109 0.475637
1.80648 13.515 0.476112
1.80714 13.5061 0.476588
1.8078 13.513 0.477065
1.80845 13.5087 0.477542
1.80911 13.514 0.47802
1.80976 13.5017 0.478498
1.81041 13.5008 0.478976
1.81106 13.5025 0.479455
1.81171 13.509 0.479935
1.81236 13.5039 0.480415
1.81301 13.5046 0.480895
1.81365 13.5036 0.481376
1.8143 13.5034 0.481857
1.81494 13.5001 0.482339
1.81558 13.4951 0.482821
1.81622 13.4979 0.483304
1.81686 13.4928 0.483788
1.8175 13.4946 0.484271
1.81814 13.4965 0.484756
1.81878 13.4894 0.48524
1.81941 13.487 0.485726
1.82005 13.4895 0.486211
1.82068 13.4811 0.486698
1.82131 13.4849 0.487184
1.82194 13.4845 0.487671
1.82257 13.4853 0.488159
1.8232 13.4798 0.488647
1.82383 13.4758 0.489136
1.82445 13.4768 0.489625
1.82508 13.4795 0.490115
1.8257 13.4741 0.490605
1.82633 13.4763 0.491095
1.82695 13.4745 0.491586
1.82757 13.4738 0.492078
1.82819 13.4754 0.49257
1.82881 13.4736 0.493063
1.82942 13.4701 0.493556
1.83004 13.4654 0.494049
1.83066 13.4599 0.494543
1.83127 13.4679 0.495038
1.83188 13.4631 0.495533
1.83249 13.4641 0.496029
1.83311 13.4592 0.496525
1.83371 13.46 0.497021
1.83432 13.4591 0.497518
1.83493 13.4494 0.498016
1.83554 13.4584 0.498514
1.83614 13.4489 0.499012
1.83675 13.4521 0.499511
1.83735 13.4549 0.500011
1.83795 13.4483 0.500511
1.83855 13.4506 0.501011
1.83915 13.4439 0.501512
1.83975 13.4456 0.502014
1.84034 13.4376 0.502516
1.84094 13.4443 0.503018
1.84154 13.4364 0.503521
1.84213 13.4401 0.504025
1.84272 13.4322 0.504529
1.84331 13.437 0.505033
1.8439 13.4368 0.505538
1.84449 13.4308 0.506044
1.84508 13.4323 0.50655
1.84567 13.4259 0.507056
1.84626 13.4226 0.507564
1.84684 13.4262 0.508071
1.84742 13.4289 0.508579
1.84801 13.418 0.509088
1.84859 13.4266 0.509597
1.84917 13.4252 0.510106
1.84975 13.4144 0.510617
1.85033 13.4186 0.511127
1.8509 13.4161 0.511638
1.85148 13.4187 0.51215
1.85205 13.4151 0.512662
1.85263 13.4068 0.513175
1.8532 13.4054 0.513688
1.85377 13.4104 0.514202
1.85434 13.4116 0.514716
1.85491 13.401 0.515231
1.85548 13.4068 0.515746
1.85605 13.4012 0.516261
1.85662 13.4055 0.516778
1.85718 13.3949 0.517295
1.85774 13.3985 0.517812
1.85831 13.3957 0.51833
1.85887 13.3914 0.518848
1.85943 13.3985 0.519367
1.85999 13.3948 0.519886
1.86055 13.3929 0.520406
1.86111 13.3837 0.520926
1.86166 13.3849 0.521447
1.86222 13.3845 0.521969
1.86277 13.3789 0.522491
1.86332 13.3875 0.523013
1.86388 13.3763 0.523536
1.86443 13.3839 0.52406
1.86498 13.379 0.524584
1.86553 13.3769 0.525109
1.86607 13.3696 0.525634
1.86662 13.3745 0.526159
1.86717 13.3716 0.526685
1.86771 13.3692 0.527212
1.86825 13.3639 0.527739
1.8688 13.366 0.528267
1.86934 13.3683 0.528795
1.86988 13.358 0.529324
1.87042 13.3587 0.529853
1.87095 13.3584 0.530383
1.87149 13.3584 0.530914
1.87203 13.3607 0.531445
1.87256 13.3529 0.531976
1.8731 13.3524 0.532508
1.87363 13.3498 0.533041
1.87416 13.345 0.533574
1.87469 13.351 0.534107
1.87522 13.3412 0.534641
1.87575 13.3461 0.535176
1.87627 13.3405 0.535711
1.8768 13.3369 0.536247
1.87732 13.3371 0.536783
1.87785 13.3394 0.53732
1.87837 13.3407 0.537857
1.87889 13.3316 0.538395
1.87941 13.3328 0.538933
1.87993 13.3279 0.539472
1.88045 13.3245 0.540012
1.88097 13.3292 0.540552
1.88149 13.3223 0.541092
1.882 13.3205 0.541633
1.88252 13.3177 0.542175
1.88303 13.3201 0.542717
1.88354 13.3193 0.54326
1.88405 13.3163 0.543803
1.88456 13.3173 0.544347
1.88507 13.3105 0.544891
1.88558 13.3082 0.545436
1.88609 13.3117 0.545982
1.88659 13.305 0.546528
1.8871 13.3043 0.547074
1.8876 13.3058 0.547621
1.8881 13.3062 0.548169
1.8886 13.3028 0.548717
1.8891 13.3031 0.549266
1.8896 13.3014 0.549815
1.8901 13.3011 0.550365
1.8906 13.2905 0.550915
1.8911 13.2903 0.551466
1.89159 13.2925 0.552018
1.89208 13.2901 0.55257
1.89258 13.2836 0.553122
1.89307 13.2861 0.553675
1.89356 13.2843 0.554229
1.89405 13.2796 0.554783
1.89454 13.2784 0.555338
1.89503 13.2736 0.555893
1.89551 13.2729 0.556449
1.896 13.2704 0.557006
1.89648 13.2748 0.557563
1.89696 13.2666 0.55812
1.89745 13.2685 0.558678
1.89793 13.2698 0.559237
1.89841 13.2672 0.559796
1.89889 13.2679 0.560356
1.89937 13.2629 0.560916
1.89984 13.2563 0.561477
1.90032 13.2558 0.562039
1.9008 13.2555 0.562601
1.90127 13.2527 0.563163
1.90174 13.2537 0.563727
1.90221 13.2556 0.56429
1.90268 13.2495 0.564855
1.90315 13.2466 0.56542
1.90362 13.2407 0.565985
1.90409 13.2389 0.566551
1.90456 13.2398 0.567117
1.90502 13.2385 0.567685
1.90549 13.2356 0.568252
1.90595 13.2402 0.568821
1.90641 13.2333 0.569389
1.90687 13.2299 0.569959
1.90733 13.2332 0.570529
1.90779 13.2297 0.571099
1.90825 13.2308 0.57167
1.90871 13.2239 0.572242
1.90917 13.2206 0.572814
1.90962 13.2169 0.573387
1.91007 13.22 0.57396
1.91053 13.2183 0.574534
1.91098 13.218 0.575109
1.91143 13.2092 0.575684
1.91188 13.2127 0.57626
1.91233 13.2063 0.576836
1.91278 13.2066 0.577413
1.91322 13.2078 0.57799
1.91367 13.1982 0.578568
1.91411 13.2021 0.579147
1.91456 13.1946 0.579726
1.915 13.196 0.580306
1.91544 13.197 0.580886
1.91588 13.1919 0.581467
1.91632 13.1876 0.582048
1.91676 13.1925 0.58263
1.9172 13.184 0.583213
1.91763 13.1822 0.583796
1.91807 13.1826 0.58438
1.9185 13.179 0.584964
1.91894 13.1738 0.585549
1.91937 13.1756 0.586135
1.9198 13.1737 0.586721
1.92023 13.1688 0.587308
1.92066 13.1678 0.587895
1.92109 13.1711 0.588483
1.92151 13.1688 0.589071
1.92194 13.1609 0.589661
1.92236 13.1617 0.59025
1.92279 13.1594 0.59084
1.92321 13.1596 0.591431
1.92363 13.157 0.592023
1.92405 13.1505 0.592615
1.92447 13.1516 0.593207
1.92489 13.1538 0.593801
1.92531 13.1526 0.594394
1.92573 13.1416 0.594989
1.92614 13.1443 0.595584
1.92656 13.1432 0.596179
1.92697 13.1437 0.596775
1.92738 13.139 0.597372
1.9278 13.1324 0.59797
1.92821 13.1345 0.598568
1.92862 13.1304 0.599166
1.92902 13.1287 0.599765
1.92943 13.1235 0.600365
1.92984 13.1295 0.600965
1.93024 13.1217 0.601566
1.93065 13.1243 0.602168
1.93105 13.1169 0.60277
1.93145 13.1146 0.603373
1.93185 13.1134 0.603976
1.93226 13.113 0.60458
1.93265 13.1146 0.605185
1.93305 13.1084 0.60579
1.93345 13.1026 0.606396
1.93385 13.1032 0.607002
1.93424 13.099 0.607609
1.93464 13.1015 0.608217
1.93503 13.0998 0.608825
1.93542 13.0968 0.609434
1.93581 13.0899 0.610043
1.9362 13.0888 0.610653
1.93659 13.0862 0.611264
1.93698 13.082 0.611875
1.93737 13.0866 0.612487
1.93775 13.0782 0.6131
1.93814 13.0775 0.613713
1.93852 13.0785 0.614326
1.9389 13.0771 0.614941
1.93929 13.0705 0.615556
1.93967 13.0713 0.616171
1.94005 13.0698 0.616787
1.94043 13.0656 0.617404
1.9408 13.0646 0.618022
1.94118 13.0591 0.61864
1.94156 13.0599 0.619258
1.94193 13.0616 0.619878
1.94231 13.0567 0.620497
1.94268 13.056 0.621118
1.94305 13.0535 0.621739
1.94342 13.0492 0.622361
1.94379 13.0497 0.622983
1.94416 13.0486 0.623606
1.94453 13.0392 0.62423
1.94489 13.0423 0.624854
1.94526 13.0414 0.625479
1.94562 13.035 0.626104
1.94599 13.0309 0.62673
1.94635 13.031 0.627357
1.94671 13.0301 0.627984
1.94707 13.0244 0.628612
1.94743 13.0201 0.629241
1.94779 13.018 0.62987
1.94815 13.0215 0.6305
1.94851 13.0178 0.631131
1.94886 13.0197 0.631762
1.94922 13.0136 0.632394
1.94957 13.0118 0.633026
1.94992 13.0076 0.633659
1.95028 13.0051 0.634293
1.95063 13.0042 0.634927
1.95098 13.0042 0.635562
1.95133 13.0025 0.636197
1.95167 13.0017 0.636834
1.95202 12.9981 0.63747
1.95237 12.9895 0.638108
1.95271 12.9886 0.638746
1.95305 12.9884 0.639385
1.9534 12.99 0.640024
1.95374 12.9827 0.640664
1.95408 12.977 0.641305
1.95442 12.9818 0.641946
1.95476 12.9722 0.642588
1.95509 12.9744 0.643231
1.95543 12.9678 0.643874
1.95577 12.9732 0.644518
1.9561 12.9691 0.645162
1.95643 12.9676 0.645808
1.95677 12.9582 0.646453
1.9571 12.9627 0.6471
1.95743 12.9599 0.647747
1.95776 12.9532 0.648395
1.95809 12.9517 0.649043
1.95842 12.9546 0.649692
1.95874 12.9459 0.650342
1.95907 12.9478 0.650992
1.95939 12.9443 0.651643
1.95972 12.9404 0.652295
1.96004 12.9356 0.652947
1.96036 12.938 0.6536
1.96068 12.9351 0.654254
1.961 12.9289 0.654908
1.96132 12.9288 0.655563
1.96164 12.925 0.656218
1.96196 12.9276 0.656875
1.96227 12.9254 0.657531
1.96259 12.92 0.658189
1.9629 12.9169 0.658847
1.96321 12.9183 0.659506
1.96353 12.9114 0.660165
1.96384 12.9093 0.660826
1.96415 12.9062 0.661486
1.96446 12.9093 0.662148
1.96476 12.9029 0.66281
1.96507 12.8964 0.663473
1.96538 12.8983 0.664136
1.96568 12.8982 0.6648
1.96598 12.8926 0.665465
1.96629 12.8913 0.666131
1.96659 12.8863 0.666797
1.96689 12.8838 0.667464
1.96719 12.8802 0.668131
1.96749 12.8826 0.668799
1.96779 12.878 0.669468
1.96808 12.8759 0.670138
1.96838 12.8691 0.670808
1.96868 12.8717 0.671478
1.96897 12.8726 0.67215
1.96926 12.8618 0.672822
1.96956 12.8626 0.673495
1.96985 12.8638 0.674168
1.97014 12.8565 0.674843
1.97043 12.8542 0.675517
1.97071 12.8522 0.676193
1.971 12.8471 0.676869
1.97129 12.8521 0.677546
1.97157 12.8453 0.678224
1.97186 12.8409 0.678902
1.97214 12.8427 0.679581
1.97242 12.8412 0.68026
1.97271 12.8394 0.680941
1.97299 12.8372 0.681621
1.97327 12.8319 0.682303
1.97354 12.8259 0.682985
1.97382 12.8272 0.683668
1.9741 12.8244 0.684352
1.97437 12.824 0.685036
1.97465 12.8222 0.685721
1.97492 12.8164 0.686407
1.97519 12.8146 0.687094
1.97547 12.8106 0.687781
1.97574 12.811 0.688468
1.97601 12.8052 0.689157
1.97628 12.8038 0.689846
1.97654 12.8009 0.690536
1.97681 12.7948 0.691226
1.97708 12.7991 0.691918
1.97734 12.7892 0.69261
1.9776 12.7942 0.693302
1.97787 12.7923 0.693996
1.97813 12.7851 0.69469
1.97839 12.7811 0.695384
1.97865 12.7826 0.69608
1.97891 12.7737 0.696776
1.97917 12.7756 0.697472
1.97942 12.7754 0.69817
1.97968 12.7723 0.698868
1.97994 12.7686 0.699567
1.98019 12.7681 0.700267
1.98044 12.765 0.700967
1.9807 12.7598 0.701668
1.98095 12.7553 0.702369
1.9812 12.7523 0.703072
1.98145 12.7506 0.703775
1.9817 12.7472 0.704479
1.98194 12.7491 0.705183
1.98219 12.747 0.705888
1.98243 12.7382 0.706594
1.98268 12.7429 0.707301
1.98292 12.7347 0.708008
1.98317 12.7349 0.708716
1.98341 12.7317 0.709425
1.98365 12.7294 0.710134
1.98389 12.7258 0.710844
1.98413 12.7221 0.711555
1.98436 12.7225 0.712267
1.9846 12.7185 0.712979
1.98484 12.7188 0.713692
1.98507 12.7111 0.714406
1.98531 12.7083 0.71512
1.98554 12.7102 0.715835
1.98577 12.7025 0.716551
1.986 12.7064 0.717268
1.98623 12.698 0.717985
1.98646 12.6975 0.718703
1.98669 12.6904 0.719422
1.98692 12.6902 0.720141
1.98714 12.6881 0.720861
1.98737 12.6888 0.721582
1.98759 12.6866 0.722304
1.98782 12.6804 0.723026
1.98804 12.6794 0.723749
1.98826 12.6718 0.724473
1.98848 12.674 0.725197
1.9887 12.6693 0.725922
1.98892 12.6712 0.726648
1.98914 12.6627 0.727375
1.98936 12.6595 0.728102
1.98957 12.6621 0.72883
1.98979 12.6603 0.729559
1.99 12.658 0.730289
1.99021 12.6475 0.731019
1.99043 12.645 0.73175
1.99064 12.6484 0.732482
1.99085 12.6458 0.733214
1.99106 12.6374 0.733948
1.99126 12.6391 0.734681
1.99147 12.6357 0.735416
1.99168 12.6295 0.736152
1.99188 12.6298 0.736888
1.99209 12.6257 0.737625
1.99229 12.6241 0.738362
1.99249 12.6253 0.739101
1.9927 12.617 0.73984
1.9929 12.6186 0.74058
1.9931 12.6103 0.74132
1.99329 12.6121 0.742061
1.99349 12.611 0.742803
1.99369 12.6055 0.743546
1.99389 12.6054 0.74429
1.99408 12.5972 0.745034
1.99428 12.597 0.745779
1.99447 12.5961 0.746525
1.99466 12.5882 0.747271
1.99485 12.5924 0.748019
1.99504 12.5844 0.748767
1.99523 12.5841 0.749516
1.99542 12.5839 0.750265
1.99561 12.5786 0.751015
1.99579 12.5753 0.751766
1.99598 12.5714 0.752518
1.99616 12.572 0.753271
1.99635 12.5684 0.754024
1.99653 12.565 0.754778
1.99671 12.5625 0.755533
1.99689 12.5617 0.756288
1.99707 12.5544 0.757044
1.99725 12.5497 0.757802
1.99743 12.5504 0.758559
1.99761 12.5497 0.759318
1.99779 12.5477 0.760077
1.99796 12.5396 0.760837
1.99814 12.5355 0.761598
1.99831 12.5397 0.76236
1.99848 12.5369 0.763122
1.99865 12.5287 0.763885
1.99882 12.5274 0.764649
1.99899 12.5263 0.765414
1.99916 12.5258 0.766179
1.99933 12.517 0.766945
1.9995 12.52 0.767712
1.99966 12.5131 0.76848
1.99983 12.5143 0.769248
1.99999 12.5087 0.770018
2.00016 12.5076 0.770788
2.00032 12.4992 0.771559
2.00048 12.5005 0.77233
2.00064 12.5007 0.773102
2.0008 12.4982 0.773876
2.00096 12.4946 0.774649
2.00112 12.4891 0.775424
2.00127 12.4862 0.776199
2.00143 12.4809 0.776976
2.00158 12.4788 0.777753
2.00174 12.4813 0.77853
2.00189 12.472 0.779309
2.00204 12.4715 0.780088
2.00219 12.4696 0.780868
2.00234 12.463 0.781649
2.00249 12.4656 0.782431
2.00264 12.4639 0.783213
2.00279 12.4593 0.783996
2.00294 12.455 0.78478
2.00308 12.4499 0.785565
2.00323 12.4501 0.786351
2.00337 12.4441 0.787137
2.00351 12.4465 0.787924
2.00366 12.4379 0.788712
2.0038 12.4386 0.789501
2.00394 12.4316 0.79029
2.00408 12.4345 0.791081
2.00422 12.4261 0.791872
2.00435 12.4241 0.792664
2.00449 12.4262 0.793456
2.00462 12.4227 0.79425
2.00476 12.4167 0.795044
2.00489 12.4182 0.795839
2.00503 12.4089 0.796635
2.00516 12.4121 0.797432
2.00529 12.4085 0.798229
2.00542 12.4049 0.799027
2.00555 12.3977 0.799826
2.00568 12.395 0.800626
2.0058 12.3952 0.801427
2.00593 12.3918 0.802228
2.00606 12.3879 0.80303
2.00618 12.3891 0.803833
2.0063 12.3857 0.804637
2.00643 12.3798 0.805442
2.00655 12.3775 0.806247
2.00667 12.3767 0.807054
2.00679 12.3694 0.807861
2.00691 12.3675 0.808668
2.00703 12.3634 0.809477
2.00715 12.3632 0.810287
2.00726 12.3564 0.811097
2.00738 12.3586 0.811908
2.00749 12.3518 0.81272
2.00761 12.3541 0.813533
2.00772 12.3467 0.814346
2.00783 12.3449 0.815161
2.00794 12.3396 0.815976
2.00805 12.3397 0.816792
2.00816 12.3339 0.817608
2.00827 12.3371 0.818426
2.00838 12.3326 0.819244
2.00848 12.3261 0.820064
2.00859 12.3269 0.820884
2.00869 12.3245 0.821705
2.0088 12.3199 0.822526
2.0089 12.3142 0.823349
2.009 12.3157 0.824172
2.0091 12.3087 0.824996
2.0092 12.3071 0.825821
2.0093 12.307 0.826647
2.0094 12.303 0.827474
2.0095 12.3019 0.828301
2.0096 12.2961 0.82913
2.00969 12.2944 0.829959
2.00979 12.2911 0.830789
2.00988 12.2835 0.83162
2.00997 12.284 0.832451
2.01007 12.2816 0.833284
2.01016 12.2751 0.834117
2.01025 12.2735 0.834951
2.01034 12.2753 0.835786
2.01043 12.2693 0.836622
2.01051 12.2691 0.837458
2.0106 12.2601 0.838296
2.01069 12.2615 0.839134
2.01077 12.2581 0.839973
2.01086 12.2538 0.840813
2.01094 12.2541 0.841654
2.01102 12.2481 0.842496
2.0111 12.2467 0.843338
2.01118 12.241 0.844182
2.01126 12.2391 0.845026
2.01134 12.2398 0.845871
2.01142 12.2363 0.846717
2.0115 12.2342 0.847563
2.01157 12.2245 0.848411
2.01165 12.2256 0.849259
2.01172 12.2232 0.850109
2.0118 12.2168 0.850959
2.01187 12.2178 0.85181
2.01194 12.212 0.852661
2.01201 12.2103 0.853514
2.01208 12.2039 0.854368
2.01215 12.2015 0.855222
2.01222 12.2033 0.856077
2.01229 12.1948 0.856933
2.01235 12.1919 0.85779
2.01242 12.1945 0.858648
2.01249 12.1917 0.859507
2.01255 12.1842 0.860366
2.01261 12.1808 0.861227
2.01267 12.1829 0.862088
2.01274 12.1796 0.86295
2.0128 12.1708 0.863813
2.01286 12.1726 0.864677
2.01291 12.1662 0.865541
2.01297 12.1655 0.866407
2.01303 12.1587 0.867273
2.01308 12.1598 0.868141
2.01314 12.1563 0.869009
2.01319 12.1552 0.869878
2.01325 12.1469 0.870748
2.0133 12.146 0.871618
2.01335 12.1456 0.87249
2.0134 12.1378 0.873362
2.01345 12.1397 0.874236
2.0135 12.1378 0.87511
2.01355 12.1317 0.875985
2.0136 12.1286 0.876861
2.01364 12.1232 0.877738
2.01369 12.1214 0.878616
2.01373 12.1176 0.879494
2.01378 12.1159 0.880374
2.01382 12.117 0.881254
2.01386 12.1134 0.882135
2.0139 12.1103 0.883018
2.01394 12.1013 0.883901
2.01398 12.101 0.884784
2.01402 12.1011 0.885669
2.01406 12.0948 0.886555
2.0141 12.0901 0.887441
2.01413 12.0928 0.888329
2.01417 12.0869 0.889217
2.0142 12.0804 0.890106
2.01424 12.0835 0.890997
2.01427 12.0741 0.891888
2.0143 12.0742 0.892779
2.01433 12.074 0.893672
2.01436 12.0677 0.894566
2.01439 12.0658 0.89546
2.01442 12.0653 0.896356
2.01445 12.061 0.897252
2.01447 12.058 0.89815
2.0145 12.0512 0.899048
2.01452 12.0501 0.899947
2.01455 12.0443 0.900847
2.01457 12.0462 0.901748
2.01459 12.038 0.902649
2.01461 12.0349 0.903552
2.01463 12.0318 0.904455
2.01465 12.031 0.90536
2.01467 12.0311 0.906265
2.01469 12.024 0.907172
2.01471 12.0197 0.908079
2.01472 12.0208 0.908987
2.01474 12.0133 0.909896
2.01475 12.016 0.910806
2.01477 12.0083 0.911717
2.01478 12.0071 0.912628
2.01479 12.006 0.913541
2.01481 12.0019 0.914454
2.01482 11.9953 0.915369
2.01483 11.9957 0.916284
2.01483 11.9909 0.917201
2.01484 11.9865 0.918118
2.01485 11.9834 0.919036
2.01486 11.9843 0.919955
2.01486 11.9824 0.920875
2.01487 11.9732 0.921796
2.01487 11.9725 0.922717
2.01487 11.9731 0.92364
2.01487 11.9682 0.924564
2.01487 11.9654 0.925488
2.01488 11.959 0.926414
2.01487 11.9591 0.92734
2.01487 11.953 0.928268
2.01487 11.9503 0.929196
2.01487 11.9472 0.930125
2.01486 11.9449 0.931055
2.01486 11.9426 0.931986
2.01485 11.9397 0.932918
2.01485 11.9369 0.933851
2.01484 11.9359 0.934785
2.01483 11.9334 0.93572
2.01482 11.9244 0.936656
2.01481 11.9207 0.937592
2.0148 11.9181 0.93853
2.01479 11.9157 0.939468
2.01478 11.9159 0.940408
2.01477 11.9123 0.941348
2.01475 11.9072 0.94229
2.01474 11.9075 0.943232
2.01472 11.9017 0.944175
2.01471 11.899 0.945119
2.01469 11.896 0.946064
2.01467 11.8909 0.94701
2.01465 11.8888 0.947957
2.01463 11.885 0.948905
2.01461 11.8816 0.949854
2.01459 11.8819 0.950804
2.01457 11.8804 0.951755
2.01455 11.8759 0.952707
2.01452 11.8727 0.953659
2.0145 11.8653 0.954613
2.01447 11.8642 0.955568
2.01445 11.8623 0.956523
2.01442 11.8586 0.95748
2.01439 11.8575 0.958437
2.01436 11.8511 0.959396
2.01433 11.8483 0.960355
2.0143 11.8457 0.961315
2.01427 11.8432 0.962277
2.01424 11.839 0.963239
2.01421 11.8361 0.964202
2.01417 11.8317 0.965166
2.01414 11.8324 0.966132
2.01411 11.8309 0.967098
2.01407 11.8239 0.968065
2.01403 11.8231 0.969033
2.014 11.8162 0.970002
2.01396 11.8131 0.970972
2.01392 11.8111 0.971943
2.01388 11.8066 0.972915
2.01384 11.8042 0.973888
2.01379 11.8001 0.974862
2.01375 11.7992 0.975837
2.01371 11.7987 0.976812
2.01367 11.7965 0.977789
2.01362 11.7871 0.978767
2.01357 11.7868 0.979746
2.01353 11.7865 0.980726
2.01348 11.778 0.981706
2.01343 11.777 0.982688
2.01338 11.7746 0.983671
2.01333 11.7689 0.984654
2.01328 11.7706 0.985639
2.01323 11.7658 0.986625
2.01318 11.7593 0.987611
2.01313 11.7583 0.988599
2.01307 11.7545 0.989587
2.01302 11.7523 0.990577
2.01297 11.7509 0.991568
2.01291 11.7454 0.992559
2.01286 11.7465 0.993552
2.0128 11.7384 0.994545
2.01274 11.7386 0.99554
2.01268 11.7323 0.996535
2.01263 11.7331 0.997532
2.01257 11.7306 0.998529
2.01251 11.7271 0.999528
2.01245 11.722 1.00053
2.01238 11.7196 1.00153
2.01232 11.7185 1.00253
2.01226 11.7144 1.00353
2.0122 11.7078 1.00454
2.01213 11.7101 1.00554
2.01207 11.705 1.00655
2.012 11.7029 1.00755
2.01193 11.6968 1.00856
2.01187 11.695 1.00957
2.0118 11.6935 1.01058
2.01173 11.689 1.01159
2.01166 11.6845 1.0126
2.01159 11.68 1.01361
2.01152 11.6808 1.01463
2.01145 11.6737 1.01564
2.01137 11.6754 1.01666
2.0113 11.672 1.01767
2.01123 11.6679 1.01869
2.01115 11.6664 1.01971
2.01108 11.659 1.02073
2.011 11.6576 1.02175
2.01092 11.6572 1.02277
2.01085 11.6515 1.02379
2.01077 11.6481 1.02482
2.01069 11.6487 1.02584
2.01061 11.6408 1.02687
2.01053 11.6385 1.0279
2.01045 11.6391 1.02892
2.01036 11.6323 1.02995
2.01028 11.6303 1.03098
2.0102 11.6283 1.03201
2.01011 11.6221 1.03305
2.01003 11.6245 1.03408
2.00994 11.616 1.03511
2.00985 11.6134 1.03615
2.00977 11.6118 1.03718
2.00968 11.6071 1.03822
2.00959 11.6087 1.03926
2.0095 11.6059 1.0403
2.00941 11.6032 1.04134
2.00932 11.5993 1.04238
2.00923 11.592 1.04342
2.00914 11.5942 1.04447
2.00904 11.5885 1.04551
2.00895 11.5854 1.04656
2.00885 11.5798 1.0476
2.00876 11.5812 1.04865
2.00866 11.5761 1.0497
2.00856 11.5711 1.05075
2.00847 11.5695 1.0518
2.00837 11.5677 1.05285
2.00827 11.5659 1.0539
2.00817 11.5644 1.05496
2.00807 11.5571 1.05601
2.00797 11.5555 1.05707
2.00786 11.5537 1.05813
2.00776 11.547 1.05918
2.00766 11.5473 1.06024
2.00755 11.5434 1.0613
2.00745 11.5399 1.06236
2.00734 11.5346 1.06343
2.00724 11.5337 1.06449
2.00713 11.5308 1.06556
2.00702 11.5262 1.06662
2.00691 11.5273 1.06769
2.0068 11.5202 1.06875
2.00669 11.519 1.06982
2.00658 11.5153 1.07089
2.00647 11.5143 1.07196
2.00636 11.509 1.07304
2.00624 11.507 1.07411
2.00613 11.5025 1.07518
2.00601 11.5007 1.07626
2.0059 11.498 1.07733
2.00578 11.4978 1.07841
2.00567 11.4933 1.07949
2.00555 11.489 1.08057
2.00543 11.4861 1.08165
2.00531 11.4851 1.08273
2.00519 11.4822 1.08382
2.00507 11.4756 1.0849
2.00495 11.4766 1.08598
2.00483 11.4698 1.08707
2.0047 11.4676 1.08816
2.00458 11.4668 1.08925
2.00446 11.4639 1.09033
2.00433 11.4579 1.09142
2.00421 11.4535 1.09252
2.00408 11.4547 1.09361
2.00395 11.4469 1.0947
2.00382 11.4475 1.0958
2.0037 11.4437 1.09689
2.00357 11.4428 1.09799
2.00344 11.4379 1.09909
2.00331 11.4364 1.10019
2.00317 11.43 1.10129
2.00304 11.4303 1.10239
2.00291 11.4247 1.10349
2.00277 11.4251 1.10459
2.00264 11.4189 1.1057
2.00251 11.4174 1.1068
2.00237 11.4159 1.10791
2.00223 11.4086 1.10902
2.0021 11.4071 1.11013
2.00196 11.4021 1.11124
2.00182 11.3983 1.11235
2.00168 11.3992 1.11346
2.00154 11.3973 1.11458
2.0014 11.3948 1.11569
2.00126 11.387 1.11681
2.00112 11.3881 1.11792
2.00097 11.3825 1.11904
2.00083 11.3783 1.12016
2.00068 11.379 1.12128
2.00054 11.376 1.1224
2.00039 11.3684 1.12352
2.00025 11.3658 1.12465
2.0001 11.3654 1.12577
1.99995 11.3593 1.1269
1.9998 11.3613 1.12802
1.99965 11.3553 1.12915
1.9995 11.3533 1.13028
1.99935 11.3477 1.13141
1.9992 11.3463 1.13254
1.99905 11.343 1.13368
1.9989 11.3419 1.13481
1.99874 11.3399 1.13594
1.99859 11.3318 1.13708
1.99843 11.334 1.13822
1.99828 11.3315 1.13936
1.99812 11.3237 1.14049
1.99796 11.3246 1.14163
1.99781 11.3186 1.14278
1.99765 11.3182 1.14392
1.99749 11.3112 1.14506
1.99733 11.3127 1.14621
1.99717 11.3086 1.14735
1.99701 11.3058 1.1485
1.99684 11.3012 1.14965
1.99668 11.2993 1.1508
1.99652 11.2927 1.15195
1.99635 11.2925 1.1531
1.99619 11.2919 1.15426
1.99602 11.2854 1.15541
1.99586 11.2827 1.15657
1.99569 11.2781 1.15772
1.99552 11.277 1.15888
1.99535 11.2771 1.16004
1.99519 11.2698 1.1612
1.99502 11.2686 1.16236
1.99485 11.2671 1.16352
1.99467 11.2606 1.16469
1.9945 11.2595 1.16585
1.99433 11.2577 1.16702
1.99416 11.256 1.16818
1.99398 11.248 1.16935
1.99381 11.2489 1.17052
1.99363 11.247 1.17169
1.99346 11.2393 1.17286
1.99328 11.2356 1.17404
1.9931 11.2349 1.17521
1.99293 11.2319 1.17639
1.99275 11.2297 1.17756
1.99257 11.2257 1.17874
1.99239 11.2212 1.17992
1.99221 11.2192 1.1811
1.99203 11.2143 1.18228
1.99184 11.2155 1.18346
1.99166 11.2129 1.18464
1.99148 11.2086 1.18583
1.99129 11.2043 1.18702
1.99111 11.2047 1.1882
1.99092 11.1962 1.18939
1.99074 11.1982 1.19058
1.99055 11.1905 1.19177
1.99036 11.1904 1.19296
1.99018 11.187 1.19416
1.98999 11.1865 1.19535
1.9898 11.1827 1.19654
1.98961 11.1804 1.19774
1.98942 11.1725 1.19894
1.98923 11.1693 1.20014
1.98903 11.1663 1.20134
1.98884 11.1677 1.20254
1.98865 11.1625 1.20374
1.98845 11.1572 1.20495
1.98826 11.1571 1.20615
1.98806 11.1537 1.20736
1.98787 11.1483 1.20856
1.98767 11.1499 1.20977
1.98747 11.1422 1.21098
1.98728 11.1393 1.21219
1.98708 11.14 1.21341
1.98688 11.1372 1.21462
1.98668 11.1354 1.21583
1.98648 11.1283 1.21705
1.98628 11.1276 1.21827
1.98607 11.1264 1.21948
1.98587 11.1218 1.2207
1.98567 11.1153 1.22192
1.98546 11.1155 1.22315
1.98526 11.1136 1.22437
1.98505 11.1105 1.22559
1.98485 11.1054 1.22682
1.98464 11.1019 1.22805
1.98443 11.0982 1.22927
1.98423 11.0966 1.2305
1.98402 11.0944 1.23173
1.98381 11.0927 1.23297
1.9836 11.0901 1.2342
1.98339 11.085 1.23543
1.98318 11.084 1.23667
1.98297 11.0792 1.23791
1.98275 11.0749 1.23914
1.98254 11.0733 1.24038
1.98233 11.0696 1.24162
1.98211 11.0677 1.24286
1.9819 11.0644 1.24411
1.98168 11.0601 1.24535
1.98147 11.0552 1.2466
1.98125 11.0523 1.24784
1.98103 11.0529 1.24909
1.98081 11.0495 1.25034
1.9806 11.0457 1.25159
1.98038 11.0452 1.25284
1.98016 11.0383 1.2541
1.97994 11.0345 1.25535
1.97971 11.0324 1.2566
1.97949 11.0283 1.25786
1.97927 11.0272 1.25912
1.97905 11.0252 1.26038
1.97882 11.0221 1.26164
1.9786 11.0208 1.2629
1.97837 11.0158 1.26416
1.97815 11.0147 1.26543
1.97792 11.0098 1.26669
1.97769 11.0053 1.26796
1.97747 11.0062 1.26923
1.97724 11.0035 1.2705
1.97701 10.9955 1.27177
1.97678 10.9931 1.27304
1.97655 10.9893 1.27431
1.97632 10.9911 1.27559
1.97609 10.9868 1.27686
1.97586 10.9809 1.27814
1.97562 10.9785 1.27942
1.97539 10.9742 1.2807
1.97516 10.9716 1.28198
1.97492 10.9723 1.28326
1.97469 10.9672 1.28454
1.97445 10.9656 1.28583
1.97422 10.9606 1.28711
1.97398 10.9588 1.2884
1.97374 10.9579 1.28969
1.9735 10.9553 1.29098
1.97327 10.9475 1.29227
1.97303 10.9448 1.29356
1.97279 10.9417 1.29485
1.97255 10.9384 1.29615
