0.0699047 48.9716 0.0747074
0.0700979 49.4016 0.0747822
0.0702916 49.6972 0.0748569
0.0704858 49.8427 0.0749318
0.0708755 46.4958 0.0750817
0.071071 48.7073 0.0751568
0.0712671 45.7769 0.075232
0.0714635 47.9535 0.0753072
0.0716605 46.1097 0.0753825
0.0718579 47.6894 0.0754579
0.0720557 47.492 0.0755333
0.0722541 46.5992 0.0756089
0.0724529 43.8152 0.0756845
0.0726522 43.6662 0.0757602
0.0728519 42.9604 0.0758359
0.0730521 41.7321 0.0759118
0.0732528 41.6817 0.0759877
0.073454 43.0059 0.0760637
0.0736556 44.5236 0.0761397
0.0738578 44.151 0.0762159
0.0740603 41.5032 0.0762921
0.0742634 39.7826 0.0763684
0.074467 42.995 0.0764448
0.074671 39.9374 0.0765212
0.0748755 40.9958 0.0765977
0.0750804 41.0563 0.0766743
0.0752859 38.2233 0.076751
0.0754918 39.1795 0.0768277
0.0756982 39.5262 0.0769046
0.0759051 38.234 0.0769815
0.0761125 38.1013 0.0770585
0.0763203 37.8862 0.0771355
0.0765286 36.4459 0.0772126
0.0767375 36.6355 0.0772899
0.0769468 36.5379 0.0773672
0.0771565 37.4887 0.0774445
0.0773668 38.435 0.077522
0.0775776 35.4014 0.0775995
0.0777888 36.2577 0.0776771
0.0780006 34.4013 0.0777548
0.0782128 34.4401 0.0778325
0.0784255 35.0685 0.0779103
0.0786387 35.3764 0.0779883
0.0788524 33.7063 0.0780662
0.0790666 34.8226 0.0781443
0.0792813 35.2666 0.0782225
0.0794965 33.2374 0.0783007
0.0797122 34.6064 0.078379
0.0799284 32.55 0.0784574
0.080145 32.7759 0.0785358
0.0803622 33.1125 0.0786144
0.0805799 33.8122 0.078693
0.0807981 31.8292 0.0787717
0.0810167 32.2855 0.0788504
0.0812359 32.3718 0.0789293
0.0814556 31.6071 0.0790082
0.0816758 32.7013 0.0790872
0.0818965 31.7983 0.0791663
0.0821177 30.8733 0.0792455
0.0823394 31.6666 0.0793247
0.0825617 31.8996 0.079404
0.0827844 31.354 0.0794834
0.0830076 32.2636 0.0795629
0.0832314 30.0999 0.0796425
0.0834556 31.4293 0.0797221
0.0836804 31.1898 0.0798019
0.0839056 30.5677 0.0798817
0.0841314 30.1072 0.0799615
0.0843577 30.6641 0.0800415
0.0845845 31.1358 0.0801215
0.0848118 29.5552 0.0802017
0.0850396 29.3999 0.0802819
0.0852679 29.5417 0.0803621
0.0854968 29.4408 0.0804425
0.0857262 30.487 0.080523
0.0859561 29.2977 0.0806035
0.0861865 29.5853 0.0806841
0.0864174 27.7664 0.0807648
0.0866489 28.0625 0.0808455
0.0868809 28.9077 0.0809264
0.0871134 28.2661 0.0810073
0.0873464 29.1039 0.0810883
0.08758 27.2261 0.0811694
0.087814 28.6295 0.0812506
0.0880486 28.8689 0.0813318
0.0882838 27.1835 0.0814131
0.0885194 28.6782 0.0814946
0.0887556 28.5799 0.0815761
0.0889923 26.5202 0.0816576
0.0892296 27.5627 0.0817393
0.0894674 26.5963 0.081821
0.0897057 26.9167 0.0819029
0.0899445 26.6853 0.0819848
0.0901838 27.419 0.0820667
0.0904237 25.9934 0.0821488
0.0906642 26.1654 0.082231
0.0909051 27.0204 0.0823132
0.0911466 26.1561 0.0823955
0.0913886 25.5052 0.0824779
0.0916312 26.2543 0.0825604
0.0918743 25.8415 0.0826429
0.092118 25.696 0.0827256
0.0923622 26.0515 0.0828083
0.092607 26.0384 0.0828911
0.0928523 26.7131 0.082974
0.0930981 24.9937 0.083057
0.0933445 25.6535 0.08314
0.0935915 25.8196 0.0832232
0.093839 25.4306 0.0833064
0.094087 25.8061 0.0833897
0.0943356 24.6175 0.0834731
0.0945848 24.6526 0.0835566
0.0948345 25.1151 0.0836401
0.0950847 24.4711 0.0837238
0.0953354 24.288 0.0838075
0.0955867 24.9727 0.0838913
0.0958386 23.7934 0.0839752
0.096091 24.5368 0.0840592
0.0963439 24.0647 0.0841432
0.0965975 24.3106 0.0842274
0.0968515 24.9061 0.0843116
0.0971061 24.9985 0.0843959
0.0973613 23.9093 0.0844803
0.097617 23.2033 0.0845648
0.0978734 24.1097 0.0846493
0.0981302 23.114 0.084734
0.0983877 24.185 0.0848187
0.0986457 23.4517 0.0849035
0.0989043 24.1488 0.0849884
0.0991634 22.6406 0.0850734
0.0994231 22.7939 0.0851585
0.0996834 23.3447 0.0852437
0.0999442 23.7447 0.0853289
0.100206 23.2418 0.0854142
0.100468 22.9539 0.0854997
0.10073 22.5682 0.0855852
0.100993 22.9485 0.0856707
0.101257 24 0.0857564
0.101521 23.5702 0.0858422
0.101786 22.4976 0.085928
0.102051 23.6187 0.0860139
0.102317 22.2266 0.0860999
0.102584 21.7879 0.086186
0.102851 21.8644 0.0862722
0.103118 22.4149 0.0863585
0.103387 22.1453 0.0864449
0.103656 21.7677 0.0865313
0.103925 23.1199 0.0866178
0.104195 22.6502 0.0867045
0.104465 22.1988 0.0867912
0.104737 21.3399 0.086878
0.105008 22.4349 0.0869648
0.105281 22.3243 0.0870518
0.105554 21.1615 0.0871388
0.105827 21.3933 0.087226
0.106101 22.2412 0.0873132
0.106376 22.1029 0.0874005
0.106651 21.4751 0.0874879
0.106927 21.8917 0.0875754
0.107203 20.8857 0.087663
0.10748 22.1551 0.0877507
0.107758 21.195 0.0878384
0.108036 21.9771 0.0879262
0.108315 21.682 0.0880142
0.108594 21.8318 0.0881022
0.108874 21.6867 0.0881903
0.109154 21.6842 0.0882785
0.109436 21.3406 0.0883668
0.109717 20.4469 0.0884551
0.11 20.3512 0.0885436
0.110283 20.847 0.0886321
0.110566 20.4995 0.0887208
0.11085 20.2151 0.0888095
0.111135 20.9169 0.0888983
0.111421 20.0769 0.0889872
0.111707 20.0448 0.0890762
0.111993 20.1546 0.0891652
0.11228 20.0587 0.0892544
0.112568 20.7711 0.0893437
0.112856 21.055 0.089433
0.113145 21.0388 0.0895224
0.113435 20.6017 0.089612
0.113725 20.9348 0.0897016
0.114016 20.7119 0.0897913
0.114307 20.4204 0.0898811
0.114599 20.2924 0.0899709
0.114892 19.7526 0.0900609
0.115185 20.5394 0.090151
0.115479 19.9972 0.0902411
0.115773 20.0014 0.0903314
0.116068 20.3758 0.0904217
0.116364 19.8061 0.0905121
0.11666 19.8418 0.0906026
0.116957 20.2281 0.0906932
0.117255 19.4903 0.0907839
0.117553 19.3013 0.0908747
0.117852 20.1397 0.0909656
0.118151 20.0035 0.0910566
0.118451 19.3102 0.0911476
0.118752 19.7393 0.0912388
0.119053 18.9427 0.09133
0.119355 18.9208 0.0914213
0.119657 19.1533 0.0915128
0.11996 18.9334 0.0916043
0.120264 19.6273 0.0916959
0.120569 19.0281 0.0917876
0.120874 19.2765 0.0918794
0.121179 18.9544 0.0919712
0.121485 19.616 0.0920632
0.121792 19.1555 0.0921553
0.1221 19.6407 0.0922474
0.122408 19.5812 0.0923397
0.122717 18.5104 0.092432
0.123026 18.9737 0.0925244
0.123336 18.9351 0.092617
0.123647 18.6397 0.0927096
0.123958 19.2873 0.0928023
0.12427 19.3871 0.0928951
0.124583 18.9858 0.092988
0.124896 18.571 0.093081
0.12521 18.3461 0.0931741
0.125525 18.7696 0.0932672
0.12584 18.8672 0.0933605
0.126156 18.5457 0.0934539
0.126472 18.9557 0.0935473
0.126789 18.1636 0.0936409
0.127107 18.393 0.0937345
0.127425 18.3175 0.0938282
0.127744 18.1557 0.0939221
0.128064 18.2029 0.094016
0.128384 18.7745 0.09411
0.128705 18.4959 0.0942041
0.129027 17.9818 0.0942983
0.129349 18.7498 0.0943926
0.129672 18.2196 0.094487
0.129996 18.5239 0.0945815
0.13032 17.8461 0.0946761
0.130645 18.5142 0.0947708
0.130971 17.8197 0.0948655
0.131297 18.374 0.0949604
0.131624 17.8641 0.0950553
0.131951 18.2314 0.0951504
0.13228 17.9931 0.0952456
0.132608 18.213 0.0953408
0.132938 18.3928 0.0954361
0.133268 17.7937 0.0955316
0.133599 18.0988 0.0956271
0.133931 17.605 0.0957227
0.134263 18.176 0.0958185
0.134596 18.1118 0.0959143
0.134929 17.9809 0.0960102
0.135263 17.7686 0.0961062
0.135598 17.8579 0.0962023
0.135934 17.4303 0.0962985
0.13627 17.6474 0.0963948
0.136607 17.7599 0.0964912
0.136944 17.6906 0.0965877
0.137282 17.2757 0.0966843
0.137621 17.3167 0.096781
0.137961 17.2195 0.0968777
0.138301 17.315 0.0969746
0.138642 17.2193 0.0970716
0.138983 17.4409 0.0971687
0.139325 17.1974 0.0972658
0.139668 17.2945 0.0973631
0.140012 17.7433 0.0974605
0.140356 17.4336 0.0975579
0.140701 17.3094 0.0976555
0.141046 17.2532 0.0977531
0.141393 17.6869 0.0978509
0.141739 17.6738 0.0979487
0.142087 17.1578 0.0980467
0.142435 17.2967 0.0981447
0.142784 17.6506 0.0982429
0.143134 17.1559 0.0983411
0.143484 16.8509 0.0984395
0.143836 16.8589 0.0985379
0.144187 17.5115 0.0986364
0.14454 17.4464 0.0987351
0.144893 16.9084 0.0988338
0.145247 16.8799 0.0989327
0.145602 17.1328 0.0990316
0.145957 17.1235 0.0991306
0.146313 16.6617 0.0992297
0.14667 16.609 0.099329
0.147028 17.3291 0.0994283
0.147386 16.6428 0.0995277
0.147745 16.6687 0.0996273
0.148105 17.1238 0.0997269
0.148465 16.822 0.0998266
0.148826 17.0161 0.0999264
0.149188 16.5821 0.100026
0.14955 16.6236 0.100126
0.149913 17.07 0.100227
0.150276 16.4182 0.100327
0.150641 16.4784 0.100427
0.151005 16.4482 0.100528
0.151371 16.9845 0.100628
0.151737 17.0301 0.100729
0.152104 17.0136 0.100829
0.152472 16.3819 0.10093
0.15284 16.7385 0.101031
0.153209 16.9543 0.101132
0.153579 16.9301 0.101233
0.15395 16.499 0.101335
0.154321 16.763 0.101436
0.154693 16.6205 0.101537
0.155066 16.5507 0.101639
0.15544 16.1962 0.10174
0.155814 16.6159 0.101842
0.156189 16.5297 0.101944
0.156565 16.772 0.102046
0.156941 16.7265 0.102148
0.157318 16.6662 0.10225
0.157696 16.7334 0.102352
0.158075 16.1584 0.102455
0.158454 16.5285 0.102557
0.158834 16.6769 0.10266
0.159214 16.4587 0.102762
0.159596 16.1548 0.102865
0.159978 16.0358 0.102968
0.160361 16.0036 0.103071
0.160744 16.1436 0.103174
0.161129 16.2187 0.103277
0.161514 16.0699 0.103381
0.1619 16.3409 0.103484
0.162286 16.1609 0.103587
0.162674 16.3164 0.103691
0.163062 16.2802 0.103795
0.163451 16.029 0.103899
0.16384 15.9484 0.104002
0.16423 16.1281 0.104106
0.164621 16.3136 0.104211
0.165013 16.1199 0.104315
0.165405 16.0446 0.104419
0.165798 16.2932 0.104523
0.166192 15.916 0.104628
0.166586 16.0702 0.104733
0.166981 16.2277 0.104837
0.167377 16.1021 0.104942
0.167774 15.8902 0.105047
0.168171 15.9676 0.105152
0.168569 15.9493 0.105257
0.168968 15.9238 0.105363
0.169368 15.753 0.105468
0.169769 15.9954 0.105573
0.17017 15.7466 0.105679
0.170572 15.7789 0.105785
0.170975 15.814 0.10589
0.171378 15.9517 0.105996
0.171783 15.6395 0.106102
0.172188 15.9338 0.106208
0.172594 15.7043 0.106315
0.173 15.5424 0.106421
0.173408 15.6321 0.106527
0.173816 15.8131 0.106634
0.174225 15.8062 0.106741
0.174635 15.4762 0.106847
0.175045 15.6925 0.106954
0.175456 15.5643 0.107061
0.175868 15.6448 0.107168
0.176281 15.4555 0.107275
0.176694 15.6219 0.107383
0.177108 15.5494 0.10749
0.177523 15.3508 0.107597
0.177939 15.5493 0.107705
0.178355 15.6396 0.107813
0.178772 15.3106 0.107921
0.17919 15.7192 0.108029
0.179609 15.5753 0.108137
0.180028 15.3993 0.108245
0.180449 15.3678 0.108353
0.18087 15.4988 0.108461
0.181291 15.3236 0.10857
0.181714 15.4986 0.108678
0.182137 15.3996 0.108787
0.182561 15.4022 0.108896
0.182986 15.7342 0.109005
0.183411 15.2559 0.109114
0.183838 15.3665 0.109223
0.184265 15.4758 0.109332
0.184693 15.3542 0.109441
0.185121 15.3045 0.109551
0.185551 15.3297 0.10966
0.185981 15.29 0.10977
0.186412 15.1739 0.10988
0.186843 15.2698 0.10999
0.187276 15.4345 0.1101
0.187709 15.1216 0.11021
0.188143 15.5046 0.11032
0.188578 15.244 0.11043
0.189013 15.3458 0.110541
0.189449 15.0457 0.110651
0.189886 15.1986 0.110762
0.190324 15.1701 0.110873
0.190763 15.1734 0.110984
0.191202 15.1436 0.111095
0.191642 15.1653 0.111206
0.192083 15.2181 0.111317
0.192525 15.008 0.111428
0.192968 15.3111 0.11154
0.193411 15.2246 0.111651
0.193856 15.1734 0.111763
0.194301 15.054 0.111875
0.194747 14.9413 0.111986
0.195194 15.3809 0.112098
0.195642 15.3115 0.11221
0.196091 15.1403 0.112323
0.19654 15.005 0.112435
0.19699 14.9667 0.112547
0.197441 15.3217 0.11266
0.197893 14.93 0.112773
0.198346 14.9346 0.112885
0.198799 15.3079 0.112998
0.199253 15.2032 0.113111
0.199707 15.0757 0.113224
0.200163 15.1954 0.113338
0.200619 14.8379 0.113451
0.201076 14.8757 0.113564
0.201533 14.906 0.113678
0.201992 14.8265 0.113792
0.202451 15.2003 0.113905
0.202911 14.8217 0.114019
0.203373 14.7732 0.114133
0.203835 14.7942 0.114248
0.204297 14.9129 0.114362
0.204761 14.734 0.114476
0.205225 14.8002 0.114591
0.205691 14.7315 0.114705
0.206157 14.9518 0.11482
0.206623 14.7139 0.114935
0.207091 14.7085 0.11505
0.207559 14.7166 0.115165
0.208028 14.7136 0.11528
0.208498 15.0087 0.115395
0.208969 14.6421 0.115511
0.20944 14.6948 0.115626
0.209913 14.8454 0.115742
0.210386 14.6294 0.115857
0.21086 14.9818 0.115973
0.211334 14.6996 0.116089
0.21181 14.599 0.116205
0.212287 14.8662 0.116322
0.212764 14.6823 0.116438
0.213242 14.8568 0.116554
0.213721 14.5792 0.116671
0.214201 14.8746 0.116788
0.214682 14.903 0.116904
0.215164 14.8559 0.117021
0.215646 14.9115 0.117138
0.216129 14.5512 0.117255
0.216613 14.7383 0.117373
0.217098 14.8424 0.11749
0.217583 14.5077 0.117608
0.21807 14.9121 0.117725
0.218557 14.8565 0.117843
0.219045 14.555 0.117961
0.219533 14.8792 0.118079
0.220023 14.6902 0.118197
0.220513 14.8782 0.118315
0.221004 14.5039 0.118433
0.221497 14.844 0.118552
0.22199 14.5465 0.11867
0.222484 14.8214 0.118789
0.222979 14.8137 0.118908
0.223475 14.6874 0.119027
0.223972 14.4706 0.119146
0.22447 14.4632 0.119265
0.224968 14.5924 0.119384
0.225467 14.714 0.119503
0.225967 14.6931 0.119623
0.226468 14.7372 0.119743
0.22697 14.758 0.119862
0.227472 14.6344 0.119982
0.227975 14.6271 0.120102
0.228479 14.6232 0.120222
0.228983 14.7 0.120342
0.229488 14.4512 0.120463
0.229994 14.4758 0.120583
0.230501 14.4754 0.120704
0.231009 14.6689 0.120825
0.231518 14.6628 0.120945
0.232028 14.6699 0.121066
0.232538 14.5597 0.121187
0.23305 14.4579 0.121309
0.233563 14.335 0.12143
0.234076 14.4518 0.121551
0.23459 14.5914 0.121673
0.235106 14.3003 0.121795
0.235622 14.4756 0.121916
0.236139 14.5765 0.122038
0.236657 14.557 0.12216
0.237176 14.4661 0.122282
0.237695 14.5144 0.122405
0.238216 14.5498 0.122527
0.238737 14.5325 0.12265
0.239259 14.555 0.122772
0.239782 14.5031 0.122895
0.240306 14.5088 0.123018
0.24083 14.4204 0.123141
0.241356 14.5136 0.123264
0.241882 14.3453 0.123387
0.24241 14.455 0.123511
0.242938 14.2562 0.123634
0.243466 14.437 0.123758
0.243996 14.1962 0.123882
0.244526 14.1788 0.124006
0.245058 14.3515 0.12413
0.24559 14.4405 0.124254
0.246123 14.3341 0.124378
0.246656 14.4149 0.124502
0.24719 14.261 0.124627
0.247726 14.1762 0.124751
0.248261 14.4115 0.124876
0.248798 14.3454 0.125001
0.249336 14.4591 0.125126
0.249874 14.246 0.125251
0.250414 14.4427 0.125376
0.250955 14.3837 0.125502
0.251497 14.34 0.125627
0.25204 14.3642 0.125753
0.252585 14.3293 0.125879
0.253131 14.2572 0.126005
0.253679 14.2431 0.126131
0.254228 14.3006 0.126257
0.254777 14.2749 0.126383
0.255328 14.1723 0.126509
0.255878 14.2677 0.126636
0.25643 14.2723 0.126763
0.25698 14.208 0.126889
0.257531 14.2639 0.127016
0.258081 14.1586 0.127143
0.258631 14.2423 0.12727
0.25918 14.0601 0.127398
0.259728 14.2184 0.127525
0.260275 14.2986 0.127653
0.260823 14.2186 0.12778
0.26137 14.1338 0.127908
0.261918 14.1742 0.128036
0.262466 14.1811 0.128164
0.263014 14.0773 0.128292
0.263563 14.0359 0.12842
0.264113 14.2628 0.128549
0.264664 14.1982 0.128677
0.265215 13.9992 0.128806
0.265768 14.1139 0.128935
0.266321 14.1775 0.129064
0.266875 14.1598 0.129193
0.267429 14.2186 0.129322
0.267984 14.0588 0.129451
0.26854 14.1886 0.129581
0.269096 13.9948 0.12971
0.269653 14.1341 0.12984
0.27021 14.0637 0.12997
0.270767 14.1256 0.1301
0.271325 14.1092 0.13023
0.271884 13.9537 0.13036
0.272442 14.1028 0.130491
0.273002 14.0286 0.130621
0.273562 14.027 0.130752
0.274122 13.9576 0.130882
0.274683 14.0754 0.131013
0.275245 14.1096 0.131144
0.275807 14.0692 0.131275
0.27637 14.069 0.131407
0.276934 14.0423 0.131538
0.277498 14.1266 0.13167
0.278063 14.0311 0.131801
0.278628 14.0496 0.131933
0.279194 14 0.132065
0.279761 14.0409 0.132197
0.280329 14.0025 0.132329
0.280897 13.945 0.132462
0.281466 13.9897 0.132594
0.282036 13.97 0.132727
0.282606 13.9768 0.132859
0.283177 14.0029 0.132992
0.283749 14.0022 0.133125
0.284321 13.9625 0.133258
0.284894 13.9589 0.133392
0.285468 13.9601 0.133525
0.286042 14.0935 0.133659
0.286617 14.0296 0.133792
0.287192 13.9829 0.133926
0.287768 13.9997 0.13406
0.288345 13.9487 0.134194
0.288922 13.9676 0.134328
0.2895 13.9606 0.134463
0.290078 13.9615 0.134597
0.290657 13.858 0.134732
0.291237 13.9755 0.134866
0.291817 13.8928 0.135001
0.292398 13.8944 0.135136
0.292979 13.9342 0.135271
0.293562 13.9217 0.135407
0.294144 13.9793 0.135542
0.294728 13.9327 0.135678
0.295312 13.8985 0.135813
0.295897 13.8605 0.135949
0.296483 13.8993 0.136085
0.297069 13.8996 0.136221
0.297657 13.9039 0.136357
0.298245 13.894 0.136494
0.298834 13.8812 0.13663
0.299423 14.0214 0.136767
0.300014 13.8862 0.136904
0.300605 13.8485 0.13704
0.301197 13.9373 0.137178
0.301789 13.8686 0.137315
0.302382 13.8724 0.137452
0.302976 13.8596 0.137589
0.30357 13.8843 0.137727
0.304165 13.7979 0.137865
0.304761 13.8606 0.138003
0.305357 14.0295 0.138141
0.305953 13.8989 0.138279
0.306551 13.84 0.138417
0.307149 13.9105 0.138556
0.307748 13.8414 0.138694
0.308347 13.8023 0.138833
0.308947 13.8227 0.138972
0.309549 13.9161 0.139111
0.31015 13.8238 0.13925
0.310753 13.9245 0.139389
0.311356 13.8232 0.139528
0.31196 13.81 0.139668
0.312565 13.8622 0.139807
0.313171 13.7938 0.139947
0.313777 13.796 0.140087
0.314384 13.8042 0.140227
0.314992 13.9683 0.140368
0.315601 13.7718 0.140508
0.31621 13.8361 0.140648
0.316819 13.8603 0.140789
0.31743 13.7838 0.14093
0.318041 13.7866 0.141071
0.318653 13.8129 0.141212
0.319266 13.7843 0.141353
0.319879 13.8156 0.141494
0.320493 13.7619 0.141636
0.321108 13.7661 0.141778
0.321724 13.7572 0.141919
0.32234 13.693 0.142061
0.322957 13.9368 0.142203
0.323575 13.7048 0.142346
0.324193 13.8205 0.142488
0.324813 13.7935 0.14263
0.325433 13.7068 0.142773
0.326053 13.7949 0.142916
0.326675 13.7618 0.143059
0.327297 13.8132 0.143202
0.32792 13.7162 0.143345
0.328543 13.6653 0.143488
0.329167 13.7194 0.143632
0.329792 13.7902 0.143775
0.330418 13.7308 0.143919
0.331044 13.8693 0.144063
0.331671 13.7097 0.144207
0.332299 13.7303 0.144351
0.332927 13.6939 0.144496
0.333556 13.6985 0.14464
0.334186 13.7442 0.144785
0.334817 13.7068 0.14493
0.335449 13.8888 0.145075
0.336081 13.7021 0.14522
0.336714 13.7759 0.145365
0.337348 13.7024 0.14551
0.337982 13.7861 0.145656
0.338618 13.8688 0.145801
0.339254 13.8108 0.145947
0.339891 13.8433 0.146093
0.340529 13.8584 0.146239
0.341167 13.6818 0.146385
0.341807 13.6649 0.146532
0.342447 13.6586 0.146678
0.343088 13.6219 0.146825
0.343729 13.8314 0.146972
0.344372 13.62 0.147119
0.345015 13.6567 0.147266
0.345659 13.6565 0.147413
0.346303 13.8254 0.147561
0.346948 13.6561 0.147708
0.347594 13.6443 0.147856
0.348241 13.6581 0.148004
0.348888 13.6309 0.148152
0.349536 13.6542 0.1483
0.350185 13.819 0.148448
0.350835 13.6396 0.148597
0.351485 13.6183 0.148745
0.352137 13.6382 0.148894
0.352789 13.6397 0.149043
0.353442 13.69 0.149192
0.354096 13.6368 0.149341
0.35475 13.7004 0.149491
0.355406 13.5979 0.14964
0.356062 13.6196 0.14979
0.356719 13.6114 0.149939
0.357377 13.607 0.150089
0.358036 13.6664 0.150239
0.358695 13.6112 0.15039
0.359355 13.6103 0.15054
0.360015 13.6366 0.150691
0.360676 13.5961 0.150841
0.361338 13.7878 0.150992
0.362001 13.6032 0.151143
0.362664 13.6765 0.151294
0.363328 13.753 0.151446
0.363993 13.5903 0.151597
0.364659 13.7735 0.151749
0.365325 13.7244 0.1519
0.365992 13.7272 0.152052
0.366661 13.7616 0.152204
0.36733 13.6053 0.152357
0.368 13.592 0.152509
0.368671 13.5723 0.152661
0.369342 13.5666 0.152814
0.370015 13.5821 0.152967
0.370688 13.7654 0.15312
0.371362 13.5693 0.153273
0.372037 13.7614 0.153426
0.372713 13.5654 0.15358
0.373389 13.5763 0.153733
0.374066 13.5539 0.153887
0.374744 13.6138 0.154041
0.375422 13.5749 0.154195
0.376101 13.5621 0.154349
0.376781 13.5668 0.154503
0.377461 13.5526 0.154658
0.378143 13.5767 0.154813
0.378825 13.5463 0.154967
0.379508 13.5471 0.155122
0.380192 13.5876 0.155278
0.380876 13.5623 0.155433
0.381562 13.5769 0.155588
0.382248 13.5502 0.155744
0.382935 13.6875 0.1559
0.383623 13.7307 0.156055
0.384312 13.538 0.156212
0.385002 13.5541 0.156368
0.385692 13.7168 0.156524
0.386383 13.5424 0.156681
0.387075 13.5314 0.156837
0.387767 13.581 0.156994
0.38846 13.5364 0.157151
0.389154 13.5351 0.157308
0.389849 13.5252 0.157466
0.390545 13.5248 0.157623
0.391241 13.5171 0.157781
0.391938 13.5165 0.157938
0.392636 13.5104 0.158096
0.393335 13.5196 0.158255
0.394035 13.5288 0.158413
0.394735 13.5526 0.158571
0.395437 13.5808 0.15873
0.396139 13.5299 0.158888
0.396842 13.5643 0.159047
0.397546 13.5205 0.159206
0.398251 13.5202 0.159366
0.398957 13.5156 0.159525
0.399663 13.5039 0.159685
0.40037 13.5116 0.159844
0.401078 13.5216 0.160004
0.401787 13.5109 0.160164
0.402497 13.5802 0.160324
0.403207 13.5081 0.160485
0.403918 13.5895 0.160645
0.40463 13.6256 0.160806
0.405342 13.5102 0.160966
0.406056 13.4921 0.161127
0.40677 13.4939 0.161289
0.407485 13.6488 0.16145
0.4082 13.491 0.161611
0.408916 13.4856 0.161773
0.409633 13.5391 0.161935
0.410351 13.5025 0.162097
0.41107 13.4986 0.162259
0.411789 13.6627 0.162421
0.412509 13.6142 0.162583
0.41323 13.4902 0.162746
0.413952 13.4857 0.162909
0.414675 13.6657 0.163072
0.415399 13.4855 0.163235
0.416124 13.6428 0.163398
0.416849 13.4996 0.163561
0.417576 13.4743 0.163725
0.418303 13.5374 0.163889
0.419031 13.5092 0.164053
0.41976 13.6481 0.164217
0.42049 13.4982 0.164381
0.42122 13.5218 0.164545
0.421952 13.5317 0.16471
0.422684 13.6536 0.164874
0.423416 13.476 0.165039
0.42415 13.4663 0.165204
0.424884 13.6449 0.16537
0.425619 13.4666 0.165535
0.426355 13.4638 0.1657
0.427092 13.6188 0.165866
0.427829 13.5723 0.166032
0.428567 13.6098 0.166198
0.429306 13.4821 0.166364
0.430046 13.4855 0.166531
0.430787 13.6129 0.166697
0.431529 13.4971 0.166864
0.432271 13.5672 0.167031
0.433015 13.6108 0.167198
0.433759 13.4687 0.167365
0.434504 13.4655 0.167532
0.43525 13.4798 0.1677
0.435997 13.4808 0.167868
0.436745 13.5752 0.168035
0.437493 13.6238 0.168203
0.438243 13.6197 0.168372
0.438993 13.4628 0.16854
0.439744 13.4765 0.168709
0.440496 13.6096 0.168877
0.441249 13.608 0.169046
0.442003 13.5671 0.169215
0.442757 13.4739 0.169384
0.443512 13.6072 0.169554
0.444268 13.6131 0.169723
0.445025 13.609 0.169893
0.445782 13.4723 0.170063
0.44654 13.6033 0.170233
0.447299 13.5802 0.170403
0.448059 13.5975 0.170574
0.448819 13.4507 0.170744
0.44958 13.4822 0.170915
0.450342 13.6072 0.171086
0.451105 13.6048 0.171257
0.451869 13.4687 0.171428
0.452633 13.5895 0.1716
0.453398 13.6029 0.171771
0.454165 13.6046 0.171943
0.454931 13.5824 0.172115
0.455699 13.5952 0.172287
0.456468 13.5961 0.172459
0.457237 13.5262 0.172632
0.458008 13.5953 0.172804
0.458779 13.4662 0.172977
0.459551 13.4399 0.17315
0.460325 13.5957 0.173323
0.461099 13.5763 0.173497
0.461874 13.4372 0.17367
0.462649 13.5074 0.173844
0.463426 13.4433 0.174018
0.464204 13.5866 0.174192
0.464982 13.4346 0.174366
0.465762 13.5205 0.17454
0.466542 13.5831 0.174715
0.467322 13.4316 0.17489
0.468104 13.5866 0.175064
0.468886 13.5056 0.175239
0.469669 13.5663 0.175415
0.470453 13.4746 0.17559
0.471238 13.5846 0.175766
0.472024 13.5547 0.175941
0.47281 13.553 0.176117
0.473597 13.5363 0.176294
0.474385 13.5685 0.17647
0.475173 13.4475 0.176646
0.475963 13.5377 0.176823
0.476753 13.5769 0.177
0.477544 13.5152 0.177177
0.478336 13.5365 0.177354
0.479129 13.5713 0.177531
0.479922 13.5617 0.177709
0.480717 13.4282 0.177887
0.481512 13.4385 0.178064
0.482308 13.4922 0.178243
0.483105 13.4472 0.178421
0.483903 13.5707 0.178599
0.484702 13.5699 0.178778
0.485502 13.5582 0.178957
0.486302 13.5502 0.179136
0.487104 13.5554 0.179315
0.487906 13.553 0.179494
0.488709 13.5561 0.179673
0.489513 13.4236 0.179853
0.490318 13.5516 0.180033
0.491124 13.5375 0.180213
0.49193 13.5508 0.180393
0.492738 13.5566 0.180574
0.493546 13.5384 0.180754
0.494355 13.5604 0.180935
0.495164 13.5379 0.181116
0.495975 13.5439 0.181297
0.496786 13.4361 0.181478
0.497598 13.5429 0.18166
0.498412 13.5333 0.181841
0.499225 13.5173 0.182023
0.50004 13.4145 0.182205
0.500856 13.5408 0.182388
0.501672 13.5475 0.18257
0.502489 13.5463 0.182752
0.503308 13.5467 0.182935
0.504126 13.5573 0.183118
0.504946 13.5431 0.183301
0.505767 13.4235 0.183485
0.506588 13.5355 0.183668
0.507411 13.5399 0.183852
0.508234 13.5343 0.184036
0.509058 13.5322 0.18422
0.509883 13.4121 0.184404
0.510709 13.5456 0.184588
0.511535 13.5289 0.184773
0.512363 13.4732 0.184958
0.513191 13.5285 0.185143
0.51402 13.5294 0.185328
0.51485 13.5393 0.185513
0.51568 13.5345 0.185699
0.516512 13.5216 0.185884
0.517344 13.5047 0.18607
0.518177 13.5287 0.186256
0.519011 13.4072 0.186442
0.519846 13.5256 0.186629
0.520681 13.5261 0.186816
0.521517 13.537 0.187002
0.522355 13.4787 0.187189
0.523193 13.5269 0.187377
0.524032 13.5164 0.187564
0.524872 13.5316 0.187751
0.525712 13.5218 0.187939
0.526554 13.4064 0.188127
0.527397 13.5205 0.188315
0.52824 13.5209 0.188504
0.529084 13.5334 0.188692
0.529929 13.4859 0.188881
0.530775 13.471 0.18907
0.531622 13.5165 0.189259
0.532469 13.5007 0.189448
0.533318 13.5196 0.189637
0.534167 13.5203 0.189827
0.535017 13.4917 0.190017
0.535867 13.5149 0.190207
0.536719 13.5133 0.190397
0.537571 13.3969 0.190588
0.538425 13.5128 0.190778
0.539279 13.5077 0.190969
0.540134 13.5182 0.19116
0.540989 13.4096 0.191351
0.541846 13.515 0.191542
0.542703 13.5052 0.191734
0.543562 13.5019 0.191926
0.544421 13.3989 0.192118
0.545281 13.472 0.19231
0.546142 13.5065 0.192502
0.547004 13.4639 0.192695
0.547866 13.5138 0.192887
0.54873 13.5045 0.19308
0.549594 13.5149 0.193273
0.550459 13.5101 0.193466
0.551325 13.5161 0.19366
0.552191 13.4089 0.193854
0.553059 13.4938 0.194047
0.553927 13.5009 0.194241
0.554797 13.5025 0.194436
0.555667 13.4904 0.19463
0.556538 13.5225 0.194825
0.557409 13.5064 0.19502
0.558282 13.5224 0.195215
0.559156 13.4896 0.19541
0.56003 13.4937 0.195605
0.560905 13.4976 0.195801
0.561782 13.4211 0.195997
0.562659 13.5 0.196193
0.563536 13.4062 0.196389
0.564415 13.5048 0.196585
0.565295 13.4867 0.196782
0.566175 13.4944 0.196979
0.567056 13.4305 0.197176
0.567938 13.5058 0.197373
0.568821 13.4986 0.19757
0.569704 13.4985 0.197768
0.570588 13.477 0.197965
0.571473 13.4808 0.198163
0.572359 13.4932 0.198362
0.573246 13.3896 0.19856
0.574133 13.4765 0.198759
0.575022 13.4875 0.198957
0.575911 13.3885 0.199156
0.576801 13.5035 0.199355
0.577691 13.447 0.199555
0.578583 13.483 0.199754
0.579475 13.4807 0.199954
0.580369 13.4871 0.200154
0.581263 13.4266 0.200354
0.582158 13.4835 0.200555
0.583054 13.4665 0.200755
0.58395 13.49 0.200956
0.584848 13.4845 0.201157
0.585747 13.4946 0.201358
0.586646 13.5051 0.201559
0.587547 13.3917 0.201761
0.588448 13.503 0.201963
0.58935 13.4872 0.202165
0.590253 13.4893 0.202367
0.591157 13.4895 0.202569
0.592062 13.4798 0.202772
0.592967 13.4467 0.202974
0.593873 13.4965 0.203177
0.594779 13.4827 0.203381
0.595687 13.3853 0.203584
0.596595 13.4894 0.203788
0.597504 13.4831 0.203991
0.598414 13.3864 0.204195
0.599324 13.4818 0.2044
0.600236 13.3854 0.204604
0.601149 13.4891 0.204809
0.602062 13.4784 0.205013
0.602976 13.4768 0.205218
0.603892 13.3877 0.205424
0.604808 13.4824 0.205629
0.605726 13.3868 0.205835
0.606644 13.4899 0.20604
0.607563 13.4783 0.206247
0.608482 13.4794 0.206453
0.609403 13.477 0.206659
0.610324 13.4793 0.206866
0.611246 13.4742 0.207073
0.612169 13.4668 0.20728
0.613092 13.4789 0.207487
0.614016 13.4709 0.207695
0.614941 13.4997 0.207902
0.615867 13.4828 0.20811
0.616793 13.4342 0.208318
0.61772 13.4934 0.208527
0.618648 13.3865 0.208735
0.619577 13.4382 0.208944
0.620506 13.4751 0.209153
0.621437 13.473 0.209362
0.622369 13.4695 0.209571
0.623301 13.381 0.209781
0.624234 13.4849 0.209991
0.625168 13.4729 0.210201
0.626104 13.4627 0.210411
0.627039 13.4758 0.210621
0.627976 13.401 0.210832
0.628914 13.3978 0.211043
0.629852 13.4591 0.211254
0.630791 13.4725 0.211465
0.631731 13.4906 0.211676
0.632672 13.4663 0.211888
0.633613 13.4665 0.2121
0.634555 13.4795 0.212312
0.635499 13.4401 0.212524
0.636442 13.472 0.212737
0.637387 13.4431 0.21295
0.638333 13.4705 0.213163
0.639279 13.4715 0.213376
0.640226 13.4832 0.213589
0.641174 13.3916 0.213803
0.642123 13.4643 0.214017
0.643073 13.4932 0.214231
0.644023 13.4635 0.214445
0.644975 13.3812 0.214659
0.645927 13.4602 0.214874
0.64688 13.4709 0.215089
0.647834 13.4824 0.215304
0.648788 13.4911 0.215519
0.649744 13.4627 0.215735
0.6507 13.4685 0.21595
0.651657 13.4744 0.216166
0.652615 13.4714 0.216383
0.653574 13.4188 0.216599
0.654533 13.416 0.216816
0.655494 13.4449 0.217032
0.656455 13.4515 0.217249
0.657417 13.4611 0.217467
0.65838 13.4652 0.217684
0.659343 13.4619 0.217902
0.660308 13.487 0.21812
0.661273 13.4608 0.218338
0.662238 13.4097 0.218556
0.663205 13.4604 0.218775
0.664172 13.4842 0.218994
0.665141 13.4535 0.219213
0.66611 13.4599 0.219432
0.667079 13.4875 0.219651
0.66805 13.4767 0.219871
0.669021 13.4456 0.220091
0.669993 13.4811 0.220311
0.670966 13.4647 0.220531
0.671939 13.4585 0.220752
0.672914 13.4663 0.220972
0.673889 13.4677 0.221193
0.674865 13.442 0.221415
0.675842 13.4547 0.221636
0.676819 13.4631 0.221858
0.677798 13.4601 0.222079
0.678777 13.4544 0.222302
0.679757 13.3944 0.222524
0.680738 13.4566 0.222746
0.68172 13.455 0.222969
0.682703 13.4549 0.223192
0.683686 13.4587 0.223415
0.68467 13.3805 0.223639
0.685655 13.4575 0.223862
0.686641 13.4371 0.224086
0.687628 13.4544 0.22431
0.688615 13.4574 0.224535
0.689604 13.4549 0.224759
0.690593 13.4618 0.224984
0.691583 13.4561 0.225209
0.692573 13.4704 0.225434
0.693565 13.4495 0.225659
0.694557 13.4473 0.225885
0.69555 13.4469 0.226111
0.696544 13.4557 0.226337
0.697538 13.4588 0.226563
0.698533 13.4616 0.22679
0.69953 13.4445 0.227017
0.700526 13.4151 0.227244
0.701524 13.4638 0.227471
0.702522 13.4788 0.227699
0.703521 13.4531 0.227926
0.704521 13.4252 0.228154
0.705522 13.4521 0.228382
0.706524 13.457 0.228611
0.707526 13.4497 0.228839
0.708529 13.4454 0.229068
0.709533 13.4555 0.229297
0.710537 13.4497 0.229527
0.711543 13.4596 0.229756
0.712549 13.461 0.229986
0.713556 13.4562 0.230216
0.714564 13.4496 0.230446
0.715572 13.4266 0.230676
0.716581 13.4393 0.230907
0.717591 13.44 0.231138
0.718602 13.424 0.231369
0.719614 13.4492 0.231601
0.720626 13.4613 0.231832
0.721639 13.4481 0.232064
0.722652 13.4391 0.232296
0.723667 13.4538 0.232528
0.724682 13.383 0.232761
0.725698 13.4502 0.232994
0.726715 13.4453 0.233227
0.727732 13.451 0.23346
0.72875 13.4518 0.233693
0.729769 13.4508 0.233927
0.730789 13.4585 0.234161
0.731809 13.4687 0.234395
0.73283 13.4471 0.234629
0.733852 13.4504 0.234864
0.734875 13.4728 0.235099
0.735898 13.4464 0.235334
0.736923 13.4401 0.235569
0.737948 13.4451 0.235805
0.738973 13.4491 0.236041
0.74 13.451 0.236277
0.741027 13.4537 0.236513
0.742055 13.4196 0.23675
0.743084 13.4727 0.236986
0.744114 13.447 0.237223
0.745145 13.452 0.237461
0.746176 13.4485 0.237698
0.747208 13.4515 0.237936
0.74824 13.4477 0.238174
0.749274 13.4415 0.238412
0.750308 13.4421 0.23865
0.751343 13.4607 0.238889
0.752379 13.4483 0.239128
0.753415 13.4465 0.239367
0.754453 13.4685 0.239606
0.755491 13.4532 0.239846
0.756529 13.3849 0.240086
0.757569 13.3804 0.240326
0.758609 13.4589 0.240566
0.759649 13.4287 0.240807
0.760691 13.4415 0.241048
0.761733 13.4654 0.241289
0.762776 13.4573 0.24153
0.76382 13.4533 0.241771
0.764864 13.3769 0.242013
0.765909 13.4432 0.242255
0.766955 13.439 0.242497
0.768002 13.4455 0.24274
0.769049 13.4295 0.242983
0.770097 13.4465 0.243226
0.771146 13.4165 0.243469
0.772196 13.4382 0.243712
0.773247 13.4424 0.243956
0.774298 13.4364 0.2442
0.77535 13.4445 0.244444
0.776402 13.4261 0.244689
0.777456 13.393 0.244933
0.77851 13.4348 0.245178
0.779565 13.4214 0.245423
0.78062 13.4307 0.245669
0.781677 13.447 0.245915
0.782733 13.4465 0.24616
0.783791 13.4215 0.246407
0.784849 13.4581 0.246653
0.785909 13.4405 0.2469
0.786968 13.4377 0.247147
0.788029 13.4533 0.247394
0.78909 13.438 0.247641
0.790152 13.4248 0.247889
0.791215 13.4357 0.248137
0.792278 13.4653 0.248385
0.793342 13.4403 0.248633
0.794407 13.4507 0.248882
0.795473 13.4385 0.249131
0.796539 13.4387 0.24938
0.797606 13.4264 0.249629
0.798673 13.4357 0.249879
0.799742 13.4394 0.250129
0.800811 13.4443 0.250379
0.80188 13.4344 0.250629
0.80295 13.3774 0.25088
0.804021 13.4371 0.251131
0.805093 13.4201 0.251382
0.806165 13.4073 0.251633
0.807238 13.4381 0.251885
0.808312 13.4377 0.252137
0.809386 13.4449 0.252389
0.810461 13.4323 0.252641
0.811537 13.4323 0.252894
0.812614 13.4375 0.253147
0.813691 13.4354 0.2534
0.814769 13.4334 0.253653
0.815848 13.4287 0.253907
0.816927 13.433 0.254161
0.818007 13.4385 0.254415
0.819088 13.3919 0.25467
0.820169 13.4319 0.254924
0.821251 13.4308 0.255179
0.822333 13.4288 0.255434
0.823417 13.4342 0.25569
0.8245 13.4389 0.255945
0.825585 13.4343 0.256201
0.82667 13.4387 0.256458
0.827756 13.4511 0.256714
0.828842 13.4341 0.256971
0.82993 13.4284 0.257228
0.831017 13.4563 0.257485
0.832106 13.4357 0.257742
0.833195 13.4299 0.258
0.834285 13.4306 0.258258
0.835376 13.438 0.258516
0.836467 13.4334 0.258775
0.837559 13.448 0.259034
0.838652 13.4546 0.259293
0.839746 13.4236 0.259552
0.84084 13.4446 0.259812
0.841934 13.4511 0.260071
0.84303 13.4461 0.260331
0.844126 13.4398 0.260592
0.845223 13.4195 0.260852
0.84632 13.4171 0.261113
0.847418 13.4268 0.261374
0.848517 13.4414 0.261636
0.849616 13.4383 0.261897
0.850716 13.4387 0.262159
0.851817 13.4252 0.262421
0.852918 13.4288 0.262684
0.85402 13.4313 0.262947
0.855122 13.4357 0.263209
0.856225 13.4216 0.263473
0.857329 13.4296 0.263736
0.858433 13.4297 0.264
0.859538 13.4027 0.264264
0.860643 13.4252 0.264528
0.861749 13.4244 0.264793
0.862856 13.4292 0.265057
0.863964 13.4194 0.265323
0.865072 13.4036 0.265588
0.86618 13.4194 0.265853
0.86729 13.4153 0.266119
0.868399 13.4271 0.266385
0.86951 13.4271 0.266652
0.870621 13.4025 0.266918
0.871733 13.43 0.267185
0.872846 13.4455 0.267453
0.873959 13.44 0.26772
0.875072 13.4017 0.267988
0.876187 13.4119 0.268256
0.877301 13.421 0.268524
0.878417 13.4204 0.268792
0.879533 13.4205 0.269061
0.880649 13.4235 0.26933
0.881767 13.4218 0.2696
0.882885 13.4156 0.269869
0.884003 13.418 0.270139
0.885122 13.4117 0.270409
0.886242 13.4383 0.27068
0.887362 13.3966 0.27095
0.888483 13.3735 0.271221
0.889605 13.4375 0.271493
0.890727 13.4354 0.271764
0.89185 13.4033 0.272036
0.892974 13.4094 0.272308
0.894098 13.4169 0.27258
0.895223 13.4211 0.272853
0.896348 13.4192 0.273126
0.897474 13.4077 0.273399
0.898601 13.427 0.273672
0.899728 13.4168 0.273946
0.900856 13.4205 0.27422
0.901984 13.4183 0.274494
0.903113 13.4191 0.274768
0.904243 13.4155 0.275043
0.905373 13.4087 0.275318
0.906503 13.4207 0.275594
0.907634 13.4181 0.275869
0.908766 13.4144 0.276145
0.909898 13.3994 0.276421
0.91103 13.4129 0.276698
0.912163 13.4164 0.276974
0.913297 13.4224 0.277251
0.914431 13.4129 0.277529
0.915565 13.4066 0.277806
0.9167 13.3942 0.278084
0.917836 13.4005 0.278362
0.918972 13.4247 0.27864
0.920109 13.4163 0.278919
0.921247 13.3995 0.279198
0.922385 13.42 0.279477
0.923524 13.4171 0.279757
0.924664 13.4213 0.280036
0.925804 13.4036 0.280316
0.926945 13.4042 0.280597
0.928086 13.4307 0.280877
0.929228 13.4057 0.281158
0.930371 13.4159 0.281439
0.931514 13.4098 0.281721
0.932657 13.4199 0.282002
0.933801 13.4081 0.282284
0.934946 13.4101 0.282567
0.936091 13.4277 0.282849
0.937236 13.4066 0.283132
0.938382 13.4028 0.283415
0.939529 13.4146 0.283699
0.940676 13.4115 0.283982
0.941823 13.427 0.284266
0.942971 13.4251 0.284551
0.94412 13.4109 0.284835
0.945269 13.409 0.28512
0.946418 13.4161 0.285405
0.947568 13.396 0.285691
0.948718 13.3883 0.285976
0.949869 13.4141 0.286262
0.951021 13.4153 0.286548
0.952173 13.4124 0.286835
0.953326 13.3946 0.287122
0.95448 13.4051 0.287409
0.955634 13.402 0.287696
0.956789 13.4041 0.287984
0.957945 13.4102 0.288272
0.959101 13.4105 0.28856
0.960258 13.4084 0.288849
0.961414 13.4037 0.289138
0.962571 13.4185 0.289427
0.963728 13.4156 0.289716
0.964884 13.3993 0.290006
0.96604 13.3868 0.290296
0.967196 13.4045 0.290586
0.968351 13.4002 0.290877
0.969506 13.415 0.291168
0.970661 13.4005 0.291459
0.971818 13.4045 0.29175
0.972977 13.4044 0.292042
0.974138 13.3985 0.292334
0.975302 13.405 0.292627
0.976469 13.3567 0.292919
0.97764 13.3751 0.293212
0.978816 13.3972 0.293505
0.979997 13.392 0.293799
0.981179 13.3949 0.294093
0.982362 13.393 0.294387
0.983542 13.4029 0.294681
0.984719 13.4075 0.294976
0.985888 13.3918 0.295271
0.987049 13.3963 0.295566
0.9882 13.396 0.295862
0.989337 13.3934 0.296157
0.990459 13.397 0.296454
0.991568 13.399 0.29675
0.992671 13.3912 0.297047
0.993776 13.3872 0.297344
0.994891 13.3982 0.297641
0.996025 13.4093 0.297939
0.997185 13.3895 0.298237
0.998379 13.4096 0.298535
0.999616 13.3932 0.298834
1.0009 13.3909 0.299132
1.00225 13.3968 0.299432
1.00365 13.3818 0.299731
1.00509 13.3933 0.300031
1.00654 13.3854 0.300331
1.00799 13.3945 0.300631
1.00942 13.3922 0.300932
1.01081 13.3883 0.301233
1.01214 13.3798 0.301534
1.01338 13.4034 0.301835
1.01453 13.4084 0.302137
1.01556 13.3857 0.302439
1.01647 13.3901 0.302742
1.01728 13.3831 0.303045
1.018 13.3839 0.303348
1.01867 13.3788 0.303651
1.01928 13.3877 0.303955
1.01987 13.3882 0.304259
1.02045 13.3968 0.304563
1.02105 13.3941 0.304867
1.02167 13.3832 0.305172
1.02235 13.3858 0.305477
1.02308 13.3831 0.305783
1.02386 13.3629 0.306089
1.02468 13.3509 0.306395
1.02553 13.374 0.306701
1.02641 13.3723 0.307008
1.0273 13.3852 0.307315
1.0282 13.3852 0.307622
1.0291 13.3994 0.30793
1.02999 13.3821 0.308238
1.03087 13.3812 0.308546
1.03172 13.3829 0.308854
1.03256 13.3836 0.309163
1.03339 13.3644 0.309473
1.0342 13.3703 0.309782
1.03501 13.3794 0.310092
1.0358 13.3802 0.310402
1.03659 13.3653 0.310712
1.03738 13.3817 0.311023
1.03817 13.3686 0.311334
1.03895 13.3804 0.311645
1.03974 13.3639 0.311957
1.04054 13.3705 0.312269
1.04133 13.3898 0.312581
1.04212 13.3741 0.312894
1.04292 13.3791 0.313207
1.04371 13.3771 0.31352
1.0445 13.3945 0.313833
1.04529 13.3812 0.314147
1.04608 13.3727 0.314461
1.04687 13.3796 0.314776
1.04765 13.3869 0.315091
1.04843 13.3681 0.315406
1.04921 13.3706 0.315721
1.04999 13.3769 0.316037
1.05076 13.3671 0.316353
1.05153 13.3588 0.316669
1.0523 13.3735 0.316986
1.05307 13.3763 0.317303
1.05384 13.3511 0.31762
1.05461 13.3778 0.317938
1.05538 13.3715 0.318256
1.05614 13.3722 0.318574
1.05691 13.3686 0.318893
1.05767 13.365 0.319211
1.05843 13.3693 0.319531
1.05919 13.3571 0.31985
1.05995 13.3716 0.32017
1.06071 13.3667 0.32049
1.06147 13.3784 0.320811
1.06222 13.3599 0.321132
1.06298 13.3647 0.321453
1.06373 13.3828 0.321774
1.06449 13.3597 0.322096
1.06524 13.3833 0.322418
1.06599 13.3642 0.32274
1.06674 13.3608 0.323063
1.06749 13.3869 0.323386
1.06823 13.3616 0.32371
1.06898 13.3881 0.324033
1.06973 13.3704 0.324357
1.07047 13.3633 0.324682
1.07122 13.3552 0.325006
1.07196 13.361 0.325331
1.0727 13.3704 0.325657
1.07344 13.3622 0.325982
1.07418 13.353 0.326308
1.07492 13.3323 0.326635
1.07566 13.3625 0.326961
1.0764 13.3622 0.327288
1.07713 13.3614 0.327616
1.07787 13.3642 0.327943
1.0786 13.3809 0.328271
1.07934 13.3826 0.328599
1.08007 13.3457 0.328928
1.0808 13.3577 0.329257
1.08153 13.3469 0.329586
1.08226 13.349 0.329916
1.08299 13.3733 0.330246
1.08372 13.3599 0.330576
1.08445 13.3512 0.330906
1.08518 13.3511 0.331237
1.0859 13.3659 0.331569
1.08663 13.3492 0.3319
1.08735 13.3433 0.332232
1.08808 13.359 0.332564
1.0888 13.3556 0.332897
1.08952 13.3586 0.33323
1.09025 13.3472 0.333563
1.09097 13.3697 0.333897
1.09169 13.3535 0.33423
1.09241 13.3561 0.334565
1.09313 13.351 0.334899
1.09384 13.3498 0.335234
1.09456 13.3517 0.335569
1.09528 13.3671 0.335905
1.096 13.3555 0.336241
1.09671 13.3492 0.336577
1.09743 13.3635 0.336914
1.09814 13.3538 0.337251
1.09886 13.3451 0.337588
1.09957 13.3463 0.337925
1.10028 13.3471 0.338263
1.10099 13.3467 0.338602
1.1017 13.3117 0.33894
1.10241 13.368 0.339279
1.10312 13.3519 0.339618
1.10383 13.3599 0.339958
1.10454 13.3401 0.340298
1.10525 13.3402 0.340638
1.10595 13.3443 0.340979
1.10666 13.3443 0.34132
1.10737 13.3447 0.341661
1.10807 13.3444 0.342003
1.10878 13.3398 0.342345
1.10948 13.3408 0.342687
1.11018 13.3402 0.34303
1.11089 13.3255 0.343373
1.11159 13.337 0.343716
1.11229 13.3364 0.34406
1.11299 13.3374 0.344404
1.11369 13.3351 0.344749
1.11439 13.3403 0.345093
1.11509 13.3095 0.345438
1.11579 13.3455 0.345784
1.11649 13.3341 0.34613
1.11719 13.3391 0.346476
1.11788 13.3343 0.346822
1.11858 13.3406 0.347169
1.11928 13.33 0.347516
1.11997 13.3262 0.347864
1.12067 13.3182 0.348212
1.12136 13.3269 0.34856
1.12206 13.334 0.348908
1.12275 13.3299 0.349257
1.12344 13.3432 0.349607
1.12413 13.3308 0.349956
1.12482 13.3461 0.350306
1.12552 13.3198 0.350656
1.12621 13.3267 0.351007
1.1269 13.3053 0.351358
1.12759 13.3188 0.351709
1.12827 13.3152 0.352061
1.12896 13.3231 0.352413
1.12965 13.3208 0.352766
1.13034 13.3031 0.353118
1.13102 13.3194 0.353471
1.13171 13.3183 0.353825
1.1324 13.3172 0.354179
1.13308 13.3163 0.354533
1.13377 13.3205 0.354887
1.13445 13.3268 0.355242
1.13514 13.3273 0.355598
1.13582 13.3255 0.355953
1.1365 13.3202 0.356309
1.13718 13.326 0.356665
1.13787 13.3224 0.357022
1.13855 13.3145 0.357379
1.13923 13.3052 0.357737
1.13991 13.3168 0.358094
1.14059 13.3118 0.358452
1.14127 13.3092 0.358811
1.14195 13.3057 0.35917
1.14263 13.3116 0.359529
1.1433 13.3023 0.359888
1.14398 13.3191 0.360248
1.14466 13.3211 0.360608
1.14533 13.3087 0.360969
1.14601 13.3105 0.36133
1.14669 13.3037 0.361691
1.14736 13.3088 0.362053
1.14804 13.3065 0.362415
1.14871 13.2929 0.362778
1.14938 13.3054 0.36314
1.15006 13.307 0.363503
1.15073 13.2946 0.363867
1.1514 13.3036 0.364231
1.15207 13.3046 0.364595
1.15275 13.298 0.36496
1.15342 13.3049 0.365325
1.15409 13.3039 0.36569
1.15476 13.2987 0.366056
1.15543 13.2864 0.366422
1.1561 13.2923 0.366788
1.15677 13.2925 0.367155
1.15744 13.2655 0.367522
1.15811 13.2944 0.36789
1.15877 13.2815 0.368257
1.15944 13.2983 0.368626
1.16011 13.2906 0.368994
1.16077 13.2887 0.369363
1.16144 13.3025 0.369733
1.16211 13.2898 0.370102
1.16277 13.2886 0.370473
1.16344 13.2894 0.370843
1.1641 13.2892 0.371214
1.16476 13.2896 0.371585
1.16543 13.3005 0.371957
1.16609 13.2869 0.372329
1.16675 13.2823 0.372701
1.16741 13.2976 0.373074
1.16808 13.2892 0.373447
1.16874 13.2811 0.37382
1.1694 13.2986 0.374194
1.17006 13.2956 0.374568
1.17072 13.2881 0.374943
1.17138 13.2802 0.375318
1.17204 13.2804 0.375693
1.1727 13.2709 0.376069
1.17336 13.2792 0.376445
1.17402 13.2741 0.376821
1.17467 13.2728 0.377198
1.17533 13.2727 0.377575
1.17599 13.2734 0.377953
1.17664 13.2692 0.378331
1.1773 13.2737 0.378709
1.17796 13.2714 0.379088
1.17861 13.2766 0.379467
1.17927 13.2694 0.379846
1.17992 13.2686 0.380226
1.18058 13.2637 0.380606
1.18123 13.2722 0.380987
1.18188 13.2734 0.381368
1.18254 13.2688 0.381749
1.18319 13.2631 0.382131
1.18384 13.2587 0.382513
1.18449 13.2607 0.382896
1.18515 13.2565 0.383279
1.1858 13.279 0.383662
1.18645 13.274 0.384046
1.1871 13.262 0.38443
1.18775 13.2588 0.384814
1.1884 13.2698 0.385199
1.18905 13.2564 0.385584
1.1897 13.2482 0.38597
1.19035 13.2247 0.386356
1.191 13.2471 0.386742
1.19164 13.2627 0.387129
1.19229 13.2487 0.387516
1.19294 13.2548 0.387903
1.19359 13.2618 0.388291
1.19423 13.2594 0.38868
1.19488 13.2513 0.389068
1.19553 13.2607 0.389457
1.19617 13.2475 0.389847
1.19682 13.2524 0.390237
1.19746 13.2464 0.390627
1.1981 13.2551 0.391017
1.19875 13.2464 0.391409
1.19939 13.2416 0.3918
1.20004 13.2386 0.392192
1.20068 13.2365 0.392584
1.20132 13.2379 0.392977
1.20196 13.2449 0.393369
1.20261 13.2373 0.393763
1.20325 13.236 0.394157
1.20389 13.232 0.394551
1.20453 13.2339 0.394945
1.20517 13.2413 0.39534
1.20581 13.2374 0.395736
1.20645 13.2312 0.396131
1.20709 13.2146 0.396527
1.20773 13.2339 0.396924
1.20837 13.23 0.397321
1.20901 13.2259 0.397718
1.20965 13.2262 0.398116
1.21028 13.2219 0.398514
1.21092 13.2103 0.398913
1.21156 13.2255 0.399312
1.2122 13.2271 0.399711
1.21283 13.2219 0.400111
1.21347 13.2071 0.400511
1.2141 13.2158 0.400911
1.21474 13.22 0.401312
1.21538 13.2202 0.401713
1.21601 13.2184 0.402115
1.21665 13.2205 0.402517
1.21728 13.2156 0.40292
1.21791 13.2133 0.403323
1.21855 13.2082 0.403726
1.21918 13.215 0.40413
1.21981 13.2115 0.404534
1.22045 13.21 0.404938
1.22108 13.2132 0.405343
1.22171 13.1891 0.405749
1.22234 13.1934 0.406154
1.22297 13.2047 0.406561
1.22361 13.207 0.406967
1.22424 13.197 0.407374
1.22487 13.2017 0.407781
1.2255 13.2008 0.408189
1.22613 13.1919 0.408597
1.22676 13.2002 0.409006
1.22739 13.1895 0.409415
1.22802 13.1933 0.409824
1.22864 13.1915 0.410234
1.22927 13.1993 0.410644
1.2299 13.1962 0.411055
1.23053 13.1915 0.411466
1.23115 13.2055 0.411878
1.23178 13.1932 0.41229
1.23241 13.1872 0.412702
1.23304 13.2013 0.413115
1.23366 13.186 0.413528
1.23429 13.187 0.413941
1.23491 13.1864 0.414355
1.23554 13.1856 0.414769
1.23616 13.1824 0.415184
1.23679 13.164 0.415599
1.23741 13.1793 0.416015
1.23804 13.1788 0.416431
1.23866 13.1795 0.416847
1.23928 13.1732 0.417264
1.23991 13.1764 0.417682
1.24053 13.1731 0.418099
1.24115 13.1757 0.418517
1.24178 13.1716 0.418936
1.2424 13.1658 0.419355
1.24302 13.1507 0.419774
1.24364 13.1793 0.420194
1.24426 13.1699 0.420614
1.24488 13.16 0.421035
1.2455 13.1655 0.421456
1.24612 13.1599 0.421877
1.24674 13.1642 0.422299
1.24736 13.158 0.422721
1.24798 13.1742 0.423144
1.2486 13.1527 0.423567
1.24922 13.1609 0.423991
1.24984 13.1554 0.424415
1.25046 13.151 0.424839
1.25107 13.1537 0.425264
1.25169 13.1421 0.425689
1.25231 13.1525 0.426115
1.25293 13.1416 0.426541
1.25354 13.1509 0.426968
1.25416 13.1467 0.427395
1.25478 13.1447 0.427822
1.25539 13.1462 0.42825
1.25601 13.1421 0.428678
1.25662 13.1419 0.429107
1.25724 13.1482 0.429536
1.25785 13.14 0.429965
1.25847 13.1347 0.430395
1.25908 13.1322 0.430826
1.2597 13.1495 0.431257
1.26031 13.136 0.431688
1.26092 13.1334 0.43212
1.26154 13.1216 0.432552
1.26215 13.134 0.432984
1.26276 13.1303 0.433417
1.26337 13.1277 0.433851
1.26399 13.1213 0.434285
1.2646 13.1287 0.434719
1.26521 13.1215 0.435154
1.26582 13.125 0.435589
1.26643 13.126 0.436024
1.26704 13.1225 0.43646
1.26765 13.1167 0.436897
1.26826 13.1165 0.437334
1.26887 13.1139 0.437771
1.26948 13.116 0.438209
1.27009 13.121 0.438647
1.2707 13.1276 0.439086
1.27131 13.1146 0.439525
1.27192 13.1125 0.439964
1.27253 13.1205 0.440404
1.27313 13.1037 0.440845
1.27374 13.1061 0.441285
1.27435 13.1035 0.441727
1.27496 13.1172 0.442168
1.27556 13.1138 0.442611
1.27617 13.1002 0.443053
1.27678 13.1017 0.443496
1.27738 13.0959 0.44394
1.27799 13.0936 0.444384
1.2786 13.0981 0.444828
1.2792 13.0905 0.445273
1.27981 13.0922 0.445718
1.28041 13.093 0.446164
1.28102 13.0886 0.44661
1.28162 13.0869 0.447057
1.28222 13.0844 0.447504
1.28283 13.086 0.447951
1.28343 13.087 0.448399
1.28403 13.0877 0.448848
1.28464 13.0842 0.449296
1.28524 13.0814 0.449746
1.28584 13.0854 0.450195
1.28644 13.0867 0.450646
1.28705 13.0793 0.451096
1.28765 13.0859 0.451547
1.28825 13.0708 0.451999
1.28885 13.0631 0.452451
1.28945 13.0697 0.452903
1.29005 13.0628 0.453356
1.29065 13.0689 0.45381
1.29125 13.0774 0.454263
1.29185 13.0654 0.454718
1.29245 13.0759 0.455172
1.29305 13.0606 0.455628
1.29365 13.0609 0.456083
1.29425 13.0585 0.456539
1.29485 13.0573 0.456996
1.29545 13.0589 0.457453
1.29605 13.0437 0.45791
1.29664 13.0621 0.458368
1.29724 13.05 0.458827
1.29784 13.0607 0.459285
1.29844 13.0504 0.459745
1.29903 13.0433 0.460204
1.29963 13.0593 0.460665
1.30023 13.0492 0.461125
1.30082 13.0428 0.461586
1.30142 13.0403 0.462048
1.30202 13.0476 0.46251
1.30261 13.0389 0.462973
1.30321 13.0344 0.463436
1.3038 13.045 0.463899
1.30439 13.0258 0.464363
1.30499 13.0324 0.464827
1.30558 13.0271 0.465292
1.30617 13.0263 0.465757
1.30677 13.0247 0.466223
1.30736 13.0245 0.466689
1.30796 13.0288 0.467156
1.30855 13.0306 0.467623
1.30914 13.0198 0.468091
1.30974 13.0202 0.468559
1.31033 13.0262 0.469027
1.31093 13.0141 0.469497
1.31152 13.0139 0.469966
1.31211 13.0081 0.470436
1.31271 12.9934 0.470906
1.3133 13.0117 0.471377
1.31389 13.0071 0.471849
1.31448 13.0071 0.472321
1.31506 13.0009 0.472793
1.31565 12.9984 0.473266
1.31623 12.9994 0.473739
1.31681 12.9937 0.474213
1.31739 12.9894 0.474687
1.31797 13.0093 0.475162
1.31856 13.0044 0.475637
1.31914 13.0041 0.476112
1.31974 12.9923 0.476588
1.32033 12.9888 0.477065
1.32094 12.991 0.477542
1.32155 12.9902 0.47802
1.32217 12.9843 0.478498
1.32279 12.9976 0.478976
1.32341 12.9803 0.479455
1.32403 12.9764 0.479935
1.32465 12.9772 0.480415
1.32526 12.9738 0.480895
1.32586 12.9832 0.481376
1.32645 12.9705 0.481857
1.32702 12.9733 0.482339
1.32757 12.9674 0.482821
1.32811 12.9728 0.483304
1.32863 12.9669 0.483788
1.32914 12.9655 0.484271
1.32965 12.9695 0.484756
1.33014 12.9665 0.48524
1.33063 12.9713 0.485726
1.33113 12.9581 0.486211
1.33162 12.9596 0.486698
1.33212 12.955 0.487184
1.33263 12.9475 0.487671
1.33314 12.9622 0.488159
1.33366 12.9508 0.488647
1.33419 12.9555 0.489136
1.33472 12.9483 0.489625
1.33526 12.9456 0.490115
1.3358 12.9405 0.490605
1.33634 12.9567 0.491095
1.33687 12.9436 0.491586
1.33741 12.9414 0.492078
1.33794 12.9417 0.49257
1.33847 12.9526 0.493063
1.33899 12.9367 0.493556
1.33952 12.9276 0.494049
1.34003 12.9356 0.494543
1.34055 12.9288 0.495038
1.34107 12.9361 0.495533
1.34158 12.9141 0.496029
1.34209 12.9243 0.496525
1.34261 12.9104 0.497021
1.34312 12.9267 0.497518
1.34363 12.9195 0.498016
1.34414 12.9257 0.498514
1.34465 12.918 0.499012
1.34516 12.9195 0.499511
1.34567 12.9121 0.500011
1.34618 12.9137 0.500511
1.34669 12.9179 0.501011
1.34719 12.908 0.501512
1.3477 12.9076 0.502014
1.3482 12.9085 0.502516
1.34871 12.9057 0.503018
1.34921 12.9044 0.503521
1.34971 12.8996 0.504025
1.35021 12.9015 0.504529
1.35071 12.898 0.505033
1.35121 12.8885 0.505538
1.35171 12.8963 0.506044
1.35221 12.8973 0.50655
1.3527 12.8904 0.507056
1.3532 12.8894 0.507564
1.3537 12.8759 0.508071
1.35419 12.8931 0.508579
1.35468 12.8868 0.509088
1.35518 12.889 0.509597
1.35567 12.8793 0.510106
1.35616 12.8825 0.510617
1.35665 12.8796 0.511127
1.35714 12.8796 0.511638
1.35763 12.8735 0.51215
1.35811 12.8922 0.512662
1.3586 12.8734 0.513175
1.35909 12.8735 0.513688
1.35957 12.8818 0.514202
1.36006 12.869 0.514716
1.36054 12.8744 0.515231
1.36103 12.8761 0.515746
1.36151 12.8705 0.516261
1.36199 12.8629 0.516778
1.36247 12.8638 0.517295
1.36295 12.8524 0.517812
1.36343 12.8575 0.51833
1.36391 12.8556 0.518848
1.36439 12.8546 0.519367
1.36487 12.8482 0.519886
1.36534 12.8494 0.520406
1.36582 12.8505 0.520926
1.36629 12.8495 0.521447
1.36677 12.849 0.521969
1.36724 12.8451 0.522491
1.36771 12.836 0.523013
1.36819 12.8386 0.523536
1.36866 12.8329 0.52406
1.36913 12.84 0.524584
1.3696 12.8377 0.525109
1.37007 12.8347 0.525634
1.37054 12.8367 0.526159
1.37101 12.8309 0.526685
1.37147 12.8337 0.527212
1.37194 12.8169 0.527739
1.37241 12.836 0.528267
1.37287 12.8266 0.528795
1.37334 12.8233 0.529324
1.3738 12.8156 0.529853
1.37426 12.8226 0.530383
1.37473 12.8186 0.530914
1.37519 12.8117 0.531445
1.37565 12.8106 0.531976
1.37611 12.8229 0.532508
1.37657 12.8106 0.533041
1.37703 12.8204 0.533574
1.37749 12.8138 0.534107
1.37795 12.8091 0.534641
1.3784 12.8082 0.535176
1.37886 12.8026 0.535711
1.37932 12.7982 0.536247
1.37977 12.7878 0.536783
1.38023 12.7918 0.53732
1.38068 12.7992 0.537857
1.38113 12.8057 0.538395
1.38159 12.7948 0.538933
1.38204 12.796 0.539472
1.38249 12.7906 0.540012
1.38294 12.7932 0.540552
1.38339 12.7855 0.541092
1.38384 12.7892 0.541633
1.38429 12.7841 0.542175
1.38474 12.781 0.542717
1.38518 12.7594 0.54326
1.38563 12.7817 0.543803
1.38608 12.7761 0.544347
1.38652 12.7776 0.544891
1.38697 12.7719 0.545436
1.38741 12.7703 0.545982
1.38786 12.7638 0.546528
1.3883 12.7634 0.547074
1.38874 12.7662 0.547621
1.38918 12.7652 0.548169
1.38962 12.7563 0.548717
1.39007 12.7732 0.549266
1.39051 12.7557 0.549815
1.39094 12.759 0.550365
1.39138 12.7642 0.550915
1.39182 12.7564 0.551466
1.39226 12.7598 0.552018
1.3927 12.752 0.55257
1.39313 12.7475 0.553122
1.39357 12.7548 0.553675
1.394 12.7462 0.554229
1.39444 12.738 0.554783
1.39487 12.7519 0.555338
1.3953 12.74 0.555893
1.39574 12.7463 0.556449
1.39617 12.7374 0.557006
1.3966 12.7373 0.557563
1.39703 12.7326 0.55812
1.39746 12.7364 0.558678
1.39789 12.7289 0.559237
1.39832 12.7334 0.559796
1.39875 12.7246 0.560356
1.39917 12.721 0.560916
1.3996 12.7327 0.561477
1.40003 12.7207 0.562039
1.40045 12.7147 0.562601
1.40088 12.7172 0.563163
1.4013 12.7127 0.563727
1.40173 12.7135 0.56429
1.40215 12.7123 0.564855
1.40257 12.708 0.56542
1.403 12.7045 0.565985
1.40342 12.6986 0.566551
1.40384 12.715 0.567117
1.40426 12.7025 0.567685
1.40468 12.7031 0.568252
1.4051 12.7019 0.568821
1.40552 12.7017 0.569389
1.40594 12.6961 0.569959
1.40635 12.7025 0.570529
1.40677 12.6927 0.571099
1.40719 12.6873 0.57167
1.4076 12.6894 0.572242
1.40802 12.6955 0.572814
1.40843 12.6864 0.573387
1.40885 12.6828 0.57396
1.40926 12.6686 0.574534
1.40967 12.6811 0.575109
1.41008 12.6776 0.575684
1.4105 12.6743 0.57626
1.41091 12.6781 0.576836
1.41132 12.6789 0.577413
1.41173 12.6688 0.57799
1.41214 12.6724 0.578568
1.41255 12.6669 0.579147
1.41295 12.6732 0.579726
1.41336 12.6724 0.580306
1.41377 12.6628 0.580886
1.41417 12.6466 0.581467
1.41458 12.6624 0.582048
1.41499 12.6547 0.58263
1.41539 12.653 0.583213
1.41579 12.651 0.583796
1.4162 12.6397 0.58438
1.4166 12.6493 0.584964
1.417 12.6467 0.585549
1.41741 12.6424 0.586135
1.41781 12.648 0.586721
1.41821 12.6415 0.587308
1.41861 12.6392 0.587895
1.41901 12.6381 0.588483
1.41941 12.6345 0.589071
1.4198 12.6303 0.589661
1.4202 12.6332 0.59025
1.4206 12.6284 0.59084
1.421 12.6262 0.591431
1.42139 12.6268 0.592023
1.42179 12.6243 0.592615
1.42218 12.63 0.593207
1.42258 12.6173 0.593801
1.42297 12.6081 0.594394
1.42336 12.6183 0.594989
1.42376 12.6128 0.595584
1.42415 12.6159 0.596179
1.42454 12.5979 0.596775
1.42493 12.61 0.597372
1.42532 12.6067 0.59797
1.42571 12.6062 0.598568
1.4261 12.6096 0.599166
1.42649 12.5961 0.599765
1.42688 12.5982 0.600365
1.42727 12.5987 0.600965
1.42765 12.6051 0.601566
1.42804 12.5947 0.602168
1.42843 12.5903 0.60277
1.42881 12.5869 0.603373
1.4292 12.5861 0.603976
1.42958 12.5871 0.60458
1.42997 12.5783 0.605185
1.43035 12.5889 0.60579
1.43073 12.5789 0.606396
1.43111 12.5649 0.607002
1.4315 12.5747 0.607609
1.43188 12.5696 0.608217
1.43226 12.582 0.608825
1.43264 12.5688 0.609434
1.43302 12.559 0.610043
1.4334 12.5584 0.610653
1.43377 12.5505 0.611264
1.43415 12.5633 0.611875
1.43453 12.56 0.612487
1.4349 12.5653 0.6131
1.43528 12.5539 0.613713
1.43566 12.5533 0.614326
1.43603 12.552 0.614941
1.43641 12.5496 0.615556
1.43678 12.5468 0.616171
1.43715 12.5463 0.616787
1.43753 12.5444 0.617404
1.4379 12.5449 0.618022
1.43827 12.5475 0.61864
1.43864 12.5372 0.619258
1.43901 12.5361 0.619878
1.43938 12.5349 0.620497
1.43975 12.534 0.621118
1.44012 12.5321 0.621739
1.44049 12.5142 0.622361
1.44086 12.5335 0.622983
1.44122 12.5252 0.623606
1.44159 12.5156 0.62423
1.44196 12.5195 0.624854
1.44232 12.527 0.625479
1.44269 12.5124 0.626104
1.44305 12.5237 0.62673
1.44342 12.5131 0.627357
1.44378 12.5093 0.627984
1.44414 12.507 0.628612
1.44451 12.5078 0.629241
1.44487 12.4981 0.62987
1.44523 12.5021 0.6305
1.44559 12.4972 0.631131
1.44595 12.5048 0.631762
1.44631 12.4913 0.632394
1.44667 12.497 0.633026
1.44703 12.4908 0.633659
1.44739 12.5 0.634293
1.44774 12.4875 0.634927
1.4481 12.4958 0.635562
1.44846 12.4833 0.636197
1.44881 12.4748 0.636834
1.44917 12.4866 0.63747
1.44953 12.4789 0.638108
1.44988 12.469 0.638746
1.45023 12.474 0.639385
1.45059 12.4715 0.640024
1.45094 12.4695 0.640664
1.45129 12.4656 0.641305
1.45164 12.4627 0.641946
1.452 12.4633 0.642588
1.45235 12.4603 0.643231
1.4527 12.4512 0.643874
1.45305 12.4571 0.644518
1.45339 12.452 0.645162
1.45374 12.4499 0.645808
1.45409 12.4514 0.646453
1.45444 12.4485 0.6471
1.45479 12.4479 0.647747
1.45513 12.4337 0.648395
1.45548 12.4374 0.649043
1.45582 12.4381 0.649692
1.45617 12.4369 0.650342
1.45651 12.4321 0.650992
1.45686 12.436 0.651643
1.4572 12.4272 0.652295
1.45754 12.4166 0.652947
1.45789 12.4258 0.6536
1.45823 12.4253 0.654254
1.45857 12.4226 0.654908
1.45891 12.4147 0.655563
1.45925 12.4191 0.656218
1.45959 12.411 0.656875
1.45993 12.4145 0.657531
1.46027 12.4125 0.658189
1.46061 12.4158 0.658847
1.46094 12.4161 0.659506
1.46128 12.4063 0.660165
1.46162 12.3986 0.660826
1.46195 12.4115 0.661486
1.46229 12.4039 0.662148
1.46262 12.3995 0.66281
1.46296 12.3877 0.663473
1.46329 12.3915 0.664136
1.46362 12.3912 0.6648
1.46396 12.3794 0.665465
1.46429 12.3876 0.666131
1.46462 12.3931 0.666797
1.46495 12.3851 0.667464
1.46528 12.3781 0.668131
1.46561 12.3791 0.668799
1.46594 12.3739 0.669468
1.46627 12.3766 0.670138
1.4666 12.3734 0.670808
1.46693 12.3748 0.671478
1.46726 12.3736 0.67215
1.46758 12.3695 0.672822
1.46791 12.367 0.673495
1.46824 12.3558 0.674168
1.46856 12.3625 0.674843
1.46889 12.3549 0.675517
1.46921 12.3427 0.676193
1.46954 12.3549 0.676869
1.46986 12.3476 0.677546
1.47018 12.348 0.678224
1.4705 12.3409 0.678902
1.47083 12.3403 0.679581
1.47115 12.3394 0.68026
1.47147 12.3329 0.680941
1.47179 12.3261 0.681621
1.47211 12.3324 0.682303
1.47243 12.334 0.682985
1.47275 12.326 0.683668
1.47307 12.3273 0.684352
1.47338 12.3252 0.685036
1.4737 12.3218 0.685721
1.47402 12.328 0.686407
1.47433 12.316 0.687094
1.47465 12.3184 0.687781
1.47497 12.321 0.688468
1.47528 12.312 0.689157
1.47559 12.3056 0.689846
1.47591 12.306 0.690536
1.47622 12.3068 0.691226
1.47653 12.3103 0.691918
1.47685 12.3007 0.69261
1.47716 12.2986 0.693302
1.47747 12.2968 0.693996
1.47778 12.2936 0.69469
1.47809 12.2924 0.695384
1.4784 12.2887 0.69608
1.47871 12.2877 0.696776
1.47902 12.2848 0.697472
1.47933 12.2789 0.69817
1.47963 12.2793 0.698868
1.47994 12.2765 0.699567
1.48025 12.2769 0.700267
1.48055 12.2663 0.700967
1.48086 12.2761 0.701668
1.48116 12.2687 0.702369
1.48147 12.2672 0.703072
1.48177 12.2661 0.703775
1.48208 12.2636 0.704479
1.48238 12.2511 0.705183
1.48268 12.2586 0.705888
1.48298 12.2564 0.706594
1.48328 12.2529 0.707301
1.48359 12.2375 0.708008
1.48389 12.2488 0.708716
1.48419 12.2494 0.709425
1.48449 12.243 0.710134
1.48478 12.2494 0.710844
1.48508 12.2403 0.711555
1.48538 12.2374 0.712267
1.48568 12.2349 0.712979
1.48598 12.2321 0.713692
1.48627 12.2397 0.714406
1.48657 12.2282 0.71512
1.48686 12.2277 0.715835
1.48716 12.2264 0.716551
1.48745 12.2221 0.717268
1.48775 12.2182 0.717985
1.48804 12.2117 0.718703
1.48833 12.2131 0.719422
1.48863 12.2113 0.720141
1.48892 12.2067 0.720861
1.48921 12.206 0.721582
1.4895 12.2086 0.722304
1.48979 12.2007 0.723026
1.49008 12.197 0.723749
1.49037 12.1949 0.724473
1.49066 12.1965 0.725197
1.49095 12.1902 0.725922
1.49123 12.1924 0.726648
1.49152 12.1912 0.727375
1.49181 12.1877 0.728102
1.49209 12.1796 0.72883
1.49238 12.1796 0.729559
1.49267 12.1729 0.730289
1.49295 12.1716 0.731019
1.49323 12.173 0.73175
1.49352 12.1716 0.732482
1.4938 12.1682 0.733214
1.49408 12.1655 0.733948
1.49437 12.1641 0.734681
1.49465 12.1636 0.735416
1.49493 12.1593 0.736152
1.49521 12.1557 0.736888
1.49549 12.1542 0.737625
1.49577 12.1514 0.738362
1.49605 12.149 0.739101
1.49633 12.1496 0.73984
1.49661 12.1433 0.74058
1.49689 12.1405 0.74132
1.49716 12.1406 0.742061
1.49744 12.1406 0.742803
1.49772 12.1307 0.743546
1.49799 12.1343 0.74429
1.49827 12.1352 0.745034
1.49854 12.1299 0.745779
1.49882 12.1248 0.746525
1.49909 12.1262 0.747271
1.49936 12.1187 0.748019
1.49964 12.1156 0.748767
1.49991 12.1228 0.749516
1.50018 12.1142 0.750265
1.50045 12.121 0.751015
1.50072 12.1097 0.751766
1.50099 12.1079 0.752518
1.50126 12.1034 0.753271
1.50153 12.1004 0.754024
1.5018 12.0994 0.754778
1.50207 12.0989 0.755533
1.50234 12.0894 0.756288
1.5026 12.0913 0.757044
1.50287 12.0979 0.757802
1.50314 12.088 0.758559
1.5034 12.0862 0.759318
1.50367 12.0812 0.760077
1.50393 12.0803 0.760837
1.5042 12.0777 0.761598
1.50446 12.0744 0.76236
1.50473 12.0748 0.763122
1.50499 12.0816 0.763885
1.50525 12.0641 0.764649
1.50551 12.0622 0.765414
1.50577 12.0631 0.766179
1.50603 12.0596 0.766945
1.5063 12.0536 0.767712
1.50656 12.0566 0.76848
1.50681 12.0523 0.769248
1.50707 12.05 0.770018
1.50733 12.0514 0.770788
1.50759 12.0443 0.771559
1.50785 12.042 0.77233
1.5081 12.0432 0.773102
1.50836 12.0394 0.773876
1.50862 12.0364 0.774649
1.50887 12.0394 0.775424
1.50913 12.0304 0.776199
1.50938 12.0392 0.776976
1.50964 12.0264 0.777753
1.50989 12.0205 0.77853
1.51014 12.0239 0.779309
1.51039 12.0162 0.780088
1.51065 12.0168 0.780868
1.5109 12.0129 0.781649
1.51115 12.0079 0.782431
1.5114 12.0152 0.783213
1.51165 11.9967 0.783996
1.5119 11.9997 0.78478
1.51215 12.0031 0.785565
1.5124 11.9902 0.786351
1.51265 11.9981 0.787137
1.51289 11.9988 0.787924
1.51314 11.9935 0.788712
1.51339 11.9909 0.789501
1.51363 11.993 0.79029
1.51388 11.9857 0.791081
1.51412 11.9879 0.791872
1.51437 11.9852 0.792664
1.51461 11.9812 0.793456
1.51486 11.972 0.79425
1.5151 11.9732 0.795044
1.51534 11.9776 0.795839
1.51558 11.9664 0.796635
1.51583 11.9568 0.797432
1.51607 11.9595 0.798229
1.51631 11.9555 0.799027
1.51655 11.9565 0.799826
1.51679 11.9571 0.800626
1.51703 11.9513 0.801427
1.51726 11.9533 0.802228
1.5175 11.9407 0.80303
1.51774 11.9458 0.803833
1.51798 11.9425 0.804637
1.51821 11.9354 0.805442
1.51845 11.932 0.806247
1.51869 11.9309 0.807054
1.51892 11.9238 0.807861
1.51916 11.9351 0.808668
1.51939 11.9254 0.809477
1.51963 11.9121 0.810287
1.51986 11.9094 0.811097
1.52009 11.9209 0.811908
1.52032 11.9069 0.81272
1.52056 11.913 0.813533
1.52079 11.9045 0.814346
1.52102 11.9075 0.815161
1.52125 11.9045 0.815976
1.52148 11.905 0.816792
1.52171 11.8979 0.817608
1.52194 11.8974 0.818426
1.52216 11.9039 0.819244
1.52239 11.8915 0.820064
1.52262 11.8787 0.820884
1.52285 11.8851 0.821705
1.52307 11.8842 0.822526
1.5233 11.8817 0.823349
1.52352 11.8783 0.824172
1.52375 11.8803 0.824996
1.52397 11.8727 0.825821
1.5242 11.8573 0.826647
1.52442 11.8651 0.827474
1.52464 11.8666 0.828301
1.52487 11.8657 0.82913
1.52509 11.8602 0.829959
1.52531 11.8603 0.830789
1.52553 11.8531 0.83162
1.52575 11.8484 0.832451
1.52597 11.849 0.833284
1.52619 11.8555 0.834117
1.52641 11.8461 0.834951
1.52663 11.8441 0.835786
1.52685 11.839 0.836622
1.52707 11.8388 0.837458
1.52728 11.8357 0.838296
1.5275 11.8269 0.839134
1.52772 11.8338 0.839973
1.52793 11.8266 0.840813
1.52815 11.8255 0.841654
1.52836 11.8219 0.842496
1.52858 11.8237 0.843338
1.52879 11.8185 0.844182
1.529 11.8112 0.845026
1.52922 11.8112 0.845871
1.52943 11.8085 0.846717
1.52964 11.8053 0.847563
1.52985 11.7953 0.848411
1.53006 11.802 0.849259
1.53027 11.8044 0.850109
1.53048 11.7938 0.850959
1.53069 11.7936 0.85181
1.5309 11.7822 0.852661
1.53111 11.7953 0.853514
1.53132 11.7854 0.854368
1.53153 11.7806 0.855222
1.53173 11.7804 0.856077
1.53194 11.7759 0.856933
1.53214 11.7742 0.85779
1.53235 11.7639 0.858648
1.53255 11.7706 0.859507
1.53276 11.7628 0.860366
1.53296 11.7625 0.861227
1.53316 11.7593 0.862088
1.53337 11.759 0.86295
1.53357 11.7539 0.863813
1.53377 11.7555 0.864677
1.53397 11.7499 0.865541
1.53417 11.7466 0.866407
1.53438 11.747 0.867273
1.53458 11.7415 0.868141
1.53478 11.7374 0.869009
1.53498 11.7357 0.869878
1.53518 11.7356 0.870748
1.53538 11.7266 0.871618
1.53558 11.723 0.87249
1.53578 11.7255 0.873362
1.53598 11.7243 0.874236
1.53617 11.7207 0.87511
1.53637 11.7168 0.875985
1.53656 11.7174 0.876861
1.53675 11.704 0.877738
1.53694 11.6993 0.878616
1.53712 11.7057 0.879494
1.53731 11.7027 0.880374
1.53749 11.7006 0.881254
1.53768 11.69 0.882135
1.53786 11.6981 0.883018
1.53804 11.6932 0.883901
1.53822 11.6921 0.884784
1.5384 11.6826 0.885669
1.53859 11.68 0.886555
1.53877 11.6912 0.887441
1.53895 11.6817 0.888329
1.53912 11.6731 0.889217
1.5393 11.676 0.890106
1.53948 11.6714 0.890997
1.53966 11.6683 0.891888
1.53984 11.6637 0.892779
1.54001 11.6686 0.893672
1.54019 11.6661 0.894566
1.54036 11.654 0.89546
1.54054 11.6614 0.896356
1.54071 11.6431 0.897252
1.54088 11.6575 0.89815
1.54105 11.649 0.899048
1.54122 11.6469 0.899947
1.54139 11.648 0.900847
1.54156 11.6437 0.901748
1.54173 11.6351 0.902649
1.5419 11.6371 0.903552
1.54207 11.6293 0.904455
1.54224 11.6316 0.90536
1.5424 11.6259 0.906265
1.54257 11.6272 0.907172
1.54273 11.6227 0.908079
1.5429 11.6157 0.908987
1.54306 11.6177 0.909896
1.54322 11.6183 0.910806
1.54339 11.6136 0.911717
1.54355 11.617 0.912628
1.54371 11.6059 0.913541
1.54387 11.6039 0.914454
1.54403 11.6091 0.915369
1.54419 11.6085 0.916284
1.54435 11.5999 0.917201
1.54451 11.5957 0.918118
1.54467 11.5926 0.919036
1.54482 11.5972 0.919955
1.54498 11.5851 0.920875
1.54514 11.5863 0.921796
1.54529 11.5824 0.922717
1.54545 11.5795 0.92364
1.5456 11.5783 0.924564
1.54575 11.5756 0.925488
1.54591 11.572 0.926414
1.54606 11.5705 0.92734
1.54621 11.5637 0.928268
1.54636 11.5643 0.929196
1.54651 11.5636 0.930125
1.54666 11.5611 0.931055
1.54681 11.5564 0.931986
1.54696 11.555 0.932918
1.54711 11.5482 0.933851
1.54726 11.5546 0.934785
1.5474 11.5462 0.93572
1.54755 11.5444 0.936656
1.5477 11.5458 0.937592
1.54784 11.5378 0.93853
1.54799 11.5372 0.939468
1.54813 11.5334 0.940408
1.54827 11.5336 0.941348
1.54842 11.5347 0.94229
1.54856 11.5255 0.943232
1.5487 11.5213 0.944175
1.54884 11.5207 0.945119
1.54898 11.5222 0.946064
1.54912 11.5181 0.94701
1.54926 11.514 0.947957
1.5494 11.5159 0.948905
1.54954 11.5097 0.949854
1.54968 11.5063 0.950804
1.54981 11.5094 0.951755
1.54995 11.5004 0.952707
1.55009 11.498 0.953659
1.55022 11.496 0.954613
1.55036 11.4904 0.955568
1.55049 11.4903 0.956523
1.55062 11.4884 0.95748
1.55076 11.4801 0.958437
1.55089 11.4834 0.959396
1.55102 11.4755 0.960355
1.55115 11.4811 0.961315
1.55128 11.4657 0.962277
1.55141 11.473 0.963239
1.55154 11.4688 0.964202
1.55167 11.4673 0.965166
1.5518 11.4706 0.966132
1.55193 11.4622 0.967098
1.55206 11.4589 0.968065
1.55218 11.4601 0.969033
1.55231 11.4539 0.970002
1.55243 11.4529 0.970972
1.55256 11.45 0.971943
1.55268 11.4479 0.972915
1.55281 11.4441 0.973888
1.55293 11.4382 0.974862
1.55305 11.4397 0.975837
1.55318 11.4312 0.976812
1.5533 11.4382 0.977789
1.55342 11.4322 0.978767
1.55354 11.4299 0.979746
1.55366 11.4229 0.980726
1.55378 11.4238 0.981706
1.5539 11.4237 0.982688
1.55402 11.4192 0.983671
1.55413 11.4217 0.984654
1.55425 11.4131 0.985639
1.55437 11.4141 0.986625
1.55448 11.4089 0.987611
1.5546 11.4037 0.988599
1.55471 11.4077 0.989587
1.55483 11.4012 0.990577
1.55494 11.3988 0.991568
1.55505 11.3952 0.992559
1.55517 11.3857 0.993552
1.55528 11.3915 0.994545
1.55539 11.3841 0.99554
1.5555 11.3861 0.996535
1.55561 11.387 0.997532
1.55572 11.3798 0.998529
1.55583 11.3807 0.999528
1.55594 11.3762 1.00053
1.55605 11.3712 1.00153
1.55615 11.3701 1.00253
1.55626 11.3642 1.00353
1.55637 11.3655 1.00454
1.55647 11.363 1.00554
1.55658 11.3608 1.00655
1.55668 11.3589 1.00755
1.55679 11.3514 1.00856
1.55689 11.3522 1.00957
1.55699 11.3503 1.01058
1.5571 11.3479 1.01159
1.5572 11.3454 1.0126
1.5573 11.3424 1.01361
1.5574 11.3392 1.01463
1.5575 11.3317 1.01564
1.5576 11.3385 1.01666
1.5577 11.3333 1.01767
1.5578 11.3318 1.01869
1.55789 11.3257 1.01971
1.55799 11.3227 1.02073
1.55809 11.3207 1.02175
1.55818 11.3184 1.02277
1.55828 11.3157 1.02379
1.55837 11.3121 1.02482
1.55847 11.313 1.02584
1.55856 11.3096 1.02687
1.55866 11.3009 1.0279
1.55875 11.3095 1.02892
1.55884 11.3002 1.02995
1.55893 11.2998 1.03098
1.55902 11.2952 1.03201
1.55912 11.2927 1.03305
1.55921 11.2898 1.03408
1.5593 11.288 1.03511
1.55938 11.283 1.03615
1.55947 11.2795 1.03718
1.55956 11.2798 1.03822
1.55965 11.276 1.03926
1.55973 11.2751 1.0403
1.55982 11.2731 1.04134
1.55991 11.2728 1.04238
1.55999 11.2751 1.04342
1.56008 11.2607 1.04447
1.56016 11.2622 1.04551
1.56024 11.2586 1.04656
1.56033 11.2626 1.0476
1.56041 11.255 1.04865
1.56049 11.2544 1.0497
1.56057 11.2456 1.05075
1.56065 11.2459 1.0518
1.56073 11.2336 1.05285
1.56081 11.2406 1.0539
1.56089 11.241 1.05496
1.56097 11.2356 1.05601
1.56105 11.2325 1.05707
1.56112 11.2295 1.05813
1.5612 11.2301 1.05918
1.56128 11.2319 1.06024
1.56135 11.2229 1.0613
1.56143 11.219 1.06236
1.5615 11.212 1.06343
1.56158 11.2153 1.06449
1.56165 11.2108 1.06556
1.56172 11.2148 1.06662
1.5618 11.2052 1.06769
1.56187 11.2066 1.06875
1.56194 11.2019 1.06982
1.56201 11.1986 1.07089
1.56208 11.2045 1.07196
1.56215 11.1953 1.07304
1.56222 11.1927 1.07411
1.56229 11.1856 1.07518
1.56235 11.1858 1.07626
1.56242 11.1872 1.07733
1.56249 11.1735 1.07841
1.56256 11.1772 1.07949
1.56262 11.1758 1.08057
1.56269 11.1721 1.08165
1.56275 11.1652 1.08273
1.56282 11.1674 1.08382
1.56288 11.1653 1.0849
1.56294 11.1627 1.08598
1.563 11.1605 1.08707
1.56307 11.1557 1.08816
1.56313 11.1471 1.08925
1.56319 11.1532 1.09033
1.56325 11.1493 1.09142
1.56331 11.1535 1.09252
1.56337 11.1464 1.09361
1.56343 11.1396 1.0947
1.56348 11.1437 1.0958
1.56354 11.1367 1.09689
1.5636 11.1328 1.09799
1.56366 11.1314 1.09909
1.56371 11.1297 1.10019
1.56377 11.1281 1.10129
1.56382 11.1242 1.10239
1.56388 11.1166 1.10349
1.56393 11.1189 1.10459
1.56398 11.1199 1.1057
1.56404 11.1139 1.1068
1.56409 11.1082 1.10791
1.56414 11.1064 1.10902
1.56419 11.1017 1.11013
1.56424 11.0929 1.11124
1.56429 11.0982 1.11235
1.56434 11.1035 1.11346
1.56439 11.0944 1.11458
1.56444 11.0852 1.11569
1.56449 11.0847 1.11681
1.56453 11.0851 1.11792
1.56458 11.081 1.11904
1.56463 11.0863 1.12016
1.56467 11.0757 1.12128
1.56472 11.0733 1.1224
1.56476 11.0725 1.12352
1.5648 11.072 1.12465
1.56485 11.0734 1.12577
1.56489 11.0563 1.1269
1.56493 11.0636 1.12802
1.56497 11.0606 1.12915
1.56501 11.0537 1.13028
1.56506 11.0522 1.13141
1.5651 11.0522 1.13254
1.56513 11.0484 1.13368
1.56517 11.0427 1.13481
1.56521 11.0445 1.13594
1.56525 11.036 1.13708
1.56529 11.0396 1.13822
1.56532 11.0361 1.13936
1.56536 11.0335 1.14049
1.5654 11.0312 1.14163
1.56543 11.034 1.14278
1.56547 11.0251 1.14392
1.5655 11.0246 1.14506
1.56553 11.0262 1.14621
1.56557 11.0175 1.14735
1.5656 11.0164 1.1485
1.56563 11.013 1.14965
1.56566 11.01 1.1508
1.56569 11.0064 1.15195
1.56572 11.0081 1.1531
1.56575 11.0023 1.15426
1.56578 11.006 1.15541
1.56581 10.9933 1.15657
1.56584 11.0029 1.15772
1.56587 10.9921 1.15888
1.5659 10.9931 1.16004
1.56592 10.9844 1.1612
1.56595 10.9793 1.16236
1.56598 10.9804 1.16352
1.566 10.9773 1.16469
1.56603 10.9747 1.16585
1.56605 10.9743 1.16702
1.56607 10.9624 1.16818
1.56609 10.9657 1.16935
1.56612 10.9667 1.17052
1.56614 10.9601 1.17169
1.56616 10.9627 1.17286
1.56618 10.957 1.17404
1.56619 10.9598 1.17521
1.56621 10.9488 1.17639
1.56623 10.9498 1.17756
1.56625 10.948 1.17874
1.56626 10.9471 1.17992
1.56628 10.9453 1.1811
1.5663 10.9401 1.18228
1.56631 10.9342 1.18346
1.56632 10.938 1.18464
1.56634 10.9327 1.18583
1.56635 10.9346 1.18702
1.56637 10.9324 1.1882
1.56638 10.9268 1.18939
1.56639 10.9226 1.19058
1.5664 10.9254 1.19177
1.56641 10.9187 1.19296
1.56642 10.9216 1.19416
1.56643 10.9143 1.19535
1.56644 10.9161 1.19654
1.56645 10.9151 1.19774
1.56646 10.9119 1.19894
1.56647 10.9089 1.20014
1.56647 10.9066 1.20134
1.56648 10.8928 1.20254
1.56649 10.8953 1.20374
1.56649 10.8925 1.20495
1.5665 10.8929 1.20615
1.5665 10.8922 1.20736
1.56651 10.8876 1.20856
1.56651 10.8868 1.20977
1.56652 10.8817 1.21098
1.56652 10.8773 1.21219
1.56652 10.8782 1.21341
1.56652 10.8816 1.21462
1.56653 10.8739 1.21583
1.56653 10.8758 1.21705
1.56653 10.8746 1.21827
1.56653 10.8643 1.21948
1.56653 10.8689 1.2207
1.56653 10.8613 1.22192
1.56652 10.8562 1.22315
1.56652 10.8587 1.22437
1.56652 10.8503 1.22559
1.56652 10.8509 1.22682
1.56651 10.8564 1.22805
1.56651 10.8511 1.22927
1.5665 10.8393 1.2305
1.5665 10.842 1.23173
1.56649 10.841 1.23297
1.56649 10.8405 1.2342
1.56648 10.8369 1.23543
1.56647 10.835 1.23667
1.56647 10.8305 1.23791
1.56646 10.834 1.23914
1.56645 10.8337 1.24038
1.56644 10.8243 1.24162
1.56643 10.8277 1.24286
1.56642 10.8224 1.24411
1.56641 10.8199 1.24535
1.5664 10.8147 1.2466
1.56639 10.8161 1.24784
1.56638 10.8123 1.24909
1.56637 10.8064 1.25034
1.56635 10.8086 1.25159
1.56634 10.8065 1.25284
1.56633 10.803 1.2541
1.56631 10.8057 1.25535
1.5663 10.804 1.2566
1.56628 10.797 1.25786
1.56627 10.7937 1.25912
1.56625 10.7903 1.26038
1.56623 10.791 1.26164
1.56621 10.788 1.2629
1.5662 10.784 1.26416
1.56618 10.7877 1.26543
1.56616 10.7819 1.26669
1.56614 10.7716 1.26796
1.56612 10.7775 1.26923
1.5661 10.7714 1.2705
1.56608 10.775 1.27177
1.56606 10.77 1.27304
1.56604 10.7665 1.27431
1.56601 10.7629 1.27559
1.56599 10.7629 1.27686
1.56597 10.7622 1.27814
1.56594 10.758 1.27942
1.56592 10.7519 1.2807
1.5659 10.7561 1.28198
1.56587 10.7522 1.28326
1.56584 10.7544 1.28454
1.56582 10.7463 1.28583
1.56579 10.7475 1.28711
1.56576 10.7451 1.2884
1.56574 10.7428 1.28969
1.56571 10.7409 1.29098
1.56568 10.7377 1.29227
1.56565 10.7341 1.29356
1.56562 10.7271 1.29485
1.56559 10.7302 1.29615
1.56556 10.724 1.29745
1.56553 10.7264 1.29874
1.5655 10.7278 1.30004
1.56546 10.721 1.30134
1.56543 10.7207 1.30264
1.5654 10.7177 1.30395
1.56536 10.7126 1.30525
1.56533 10.713 1.30656
1.5653 10.7077 1.30786
1.56526 10.7069 1.30917
1.56523 10.7053 1.31048
1.56519 10.6987 1.31179
1.56515 10.704 1.3131
1.56512 10.6986 1.31441
1.56508 10.7011 1.31573
1.56504 10.6949 1.31704
1.565 10.6903 1.31836
1.56496 10.6892 1.31968
1.56492 10.6805 1.321
1.56488 10.6857 1.32232
1.56484 10.683 1.32364
1.5648 10.6806 1.32497
1.56476 10.674 1.32629
1.56472 10.6762 1.32762
1.56467 10.6722 1.32895
1.56463 10.6764 1.33027
1.56459 10.6672 1.3316
1.56454 10.6701 1.33294
1.5645 10.6649 1.33427
1.56445 10.6581 1.3356
1.56441 10.6634 1.33694
1.56436 10.658 1.33828
1.56431 10.6621 1.33961
1.56427 10.6574 1.34095
1.56422 10.6544 1.34229
1.56417 10.6515 1.34364
1.56412 10.6525 1.34498
1.56407 10.6448 1.34633
1.56402 10.6469 1.34767
1.56397 10.6358 1.34902
1.56392 10.6398 1.35037
1.56387 10.639 1.35172
1.56382 10.635 1.35307
1.56377 10.6366 1.35442
1.56372 10.6298 1.35578
1.56366 10.6284 1.35713
1.56361 10.6235 1.35849
1.56355 10.6245 1.35985
1.5635 10.6213 1.36121
1.56345 10.6189 1.36257
1.56339 10.6179 1.36393
1.56333 10.6132 1.3653
1.56328 10.6148 1.36666
1.56322 10.6116 1.36803
1.56316 10.6091 1.3694
1.5631 10.6057 1.37077
1.56305 10.5997 1.37214
1.56299 10.6031 1.37351
1.56293 10.5998 1.37488
1.56287 10.5962 1.37626
1.56281 10.5951 1.37763
1.56274 10.5908 1.37901
1.56268 10.592 1.38039
1.56262 10.5896 1.38177
1.56256 10.589 1.38315
1.5625 10.5846 1.38454
1.56243 10.5859 1.38592
1.56237 10.5822 1.38731
1.5623 10.5774 1.38869
1.56224 10.5802 1.39008
1.56217 10.574 1.39147
1.56211 10.5728 1.39286
1.56204 10.575 1.39426
1.56197 10.5665 1.39565
1.56191 10.5646 1.39705
1.56184 10.5559 1.39844
1.56177 10.5543 1.39984
1.5617 10.5583 1.40124
1.56163 10.5606 1.40264
1.56156 10.5564 1.40405
1.56149 10.5513 1.40545
1.56142 10.5537 1.40686
1.56135 10.5427 1.40826
1.56128 10.5497 1.40967
1.5612 10.5425 1.41108
1.56113 10.5391 1.41249
1.56106 10.5389 1.4139
1.56098 10.5335 1.41532
1.56091 10.5325 1.41673
1.56083 10.5331 1.41815
1.56076 10.5277 1.41957
1.56068 10.5289 1.42099
1.56061 10.5235 1.42241
1.56053 10.5274 1.42383
1.56045 10.5214 1.42525
1.56037 10.5193 1.42668
1.5603 10.5204 1.42811
1.56022 10.5148 1.42953
1.56014 10.5121 1.43096
1.56006 10.5097 1.4324
1.55998 10.514 1.43383
1.5599 10.5062 1.43526
1.55981 10.5052 1.4367
1.55973 10.5 1.43813
1.55965 10.4951 1.43957
1.55957 10.4995 1.44101
1.55948 10.4975 1.44245
1.5594 10.4907 1.44389
1.55932 10.4914 1.44534
1.55923 10.4907 1.44678
1.55915 10.4872 1.44823
1.55906 10.484 1.44968
1.55897 10.4794 1.45113
1.55889 10.4821 1.45258
1.5588 10.4794 1.45403
1.55871 10.4718 1.45549
1.55862 10.4736 1.45694
1.55854 10.4699 1.4584
1.55845 10.4724 1.45986
1.55836 10.4673 1.46132
1.55827 10.4636 1.46278
1.55818 10.4625 1.46424
1.55809 10.4607 1.46571
1.55799 10.4562 1.46717
1.5579 10.4536 1.46864
1.55781 10.4562 1.47011
1.55772 10.4511 1.47158
1.55762 10.4494 1.47305
1.55753 10.4478 1.47452
1.55743 10.4451 1.476
1.55734 10.4387 1.47747
1.55724 10.4415 1.47895
1.55715 10.4418 1.48043
1.55705 10.4395 1.48191
1.55695 10.4338 1.48339
1.55686 10.4309 1.48487
1.55676 10.4273 1.48636
1.55666 10.4271 1.48785
1.55656 10.4262 1.48933
1.55646 10.4238 1.49082
1.55636 10.4184 1.49231
1.55626 10.4178 1.49381
1.55616 10.4161 1.4953
1.55606 10.4162 1.49679
1.55596 10.4114 1.49829
1.55586 10.4127 1.49979
1.55575 10.4085 1.50129
1.55565 10.4097 1.50279
1.55555 10.4038 1.50429
1.55544 10.3993 1.5058
1.55534 10.3971 1.5073
1.55523 10.3972 1.50881
1.55513 10.3953 1.51032
1.55502 10.3937 1.51183
1.55491 10.3949 1.51334
1.55481 10.3939 1.51486
1.5547 10.3816 1.51637
1.55459 10.3886 1.51789
1.55448 10.3818 1.5194
1.55437 10.383 1.52092
1.55426 10.3765 1.52244
1.55415 10.3778 1.52397
1.55404 10.367 1.52549
1.55393 10.3602 1.52702
1.55382 10.3681 1.52854
1.55371 10.3659 1.53007
1.5536 10.3643 1.5316
1.55348 10.361 1.53313
1.55337 10.3602 1.53467
1.55326 10.3571 1.5362
1.55314 10.3543 1.53774
1.55303 10.3532 1.53928
1.55291 10.3504 1.54081
1.5528 10.3509 1.54236
1.55268 10.3428 1.5439
1.55257 10.3453 1.54544
1.55245 10.3411 1.54699
1.55233 10.3427 1.54853
1.55221 10.3352 1.55008
1.55209 10.333 1.55163
1.55198 10.3305 1.55318
1.55186 10.3333 1.55474
1.55174 10.329 1.55629
1.55162 10.3241 1.55785
1.55149 10.3241 1.55941
1.55137 10.3154 1.56097
1.55125 10.3151 1.56253
1.55113 10.3103 1.56409
1.55101 10.3182 1.56565
1.55088 10.3126 1.56722
1.55076 10.3114 1.56879
1.55064 10.3044 1.57036
1.55051 10.3038 1.57193
1.55039 10.3003 1.5735
1.55026 10.3009 1.57507
1.55013 10.2986 1.57665
