    1.000000e-07    9.306874e-05    2.140140e-08
    1.023293e-07    9.523709e-05    2.207878e-08
    1.047129e-07    9.745597e-05    2.277678e-08
    1.071519e-07    9.972655e-05    2.349940e-08
    1.096478e-07    1.020500e-04    2.423960e-08
    1.122018e-07    1.044277e-04    2.500819e-08
    1.148154e-07    1.068607e-04    2.579851e-08
    1.174898e-07    1.093504e-04    2.661289e-08
    1.202264e-07    1.118981e-04    2.745274e-08
    1.230269e-07    1.145052e-04    2.831956e-08
    1.258925e-07    1.171731e-04    2.921277e-08
    1.288250e-07    1.199031e-04    3.013465e-08
    1.318257e-07    1.226967e-04    3.108457e-08
    1.348963e-07    1.255554e-04    3.206499e-08
    1.380384e-07    1.284807e-04    3.307368e-08
    1.412538e-07    1.314742e-04    3.411786e-08
    1.445440e-07    1.345374e-04    3.518892e-08
    1.479108e-07    1.376720e-04    3.630099e-08
    1.513561e-07    1.408797e-04    3.744000e-08
    1.548817e-07    1.441621e-04    3.861902e-08
    1.584893e-07    1.475210e-04    3.983386e-08
    1.621810e-07    1.509581e-04    4.108278e-08
    1.659587e-07    1.544754e-04    4.237555e-08
    1.698244e-07    1.580746e-04    4.370758e-08
    1.737801e-07    1.617576e-04    4.508229e-08
    1.778279e-07    1.655265e-04    4.649441e-08
    1.819701e-07    1.693832e-04    4.795608e-08
    1.862087e-07    1.733298e-04    4.945752e-08
    1.905461e-07    1.773683e-04    5.100799e-08
    1.949845e-07    1.815010e-04    5.260802e-08
    1.995262e-07    1.857299e-04    5.425904e-08
    2.041738e-07    1.900574e-04    5.596289e-08
    2.089296e-07    1.944857e-04    5.771307e-08
    2.137962e-07    1.990173e-04    5.951759e-08
    2.187762e-07    2.036544e-04    6.138538e-08
    2.238721e-07    2.083995e-04    6.330392e-08
    2.290868e-07    2.132553e-04    6.528201e-08
    2.344229e-07    2.182242e-04    6.732943e-08
    2.398833e-07    2.233089e-04    6.943246e-08
    2.454709e-07    2.285121e-04    7.160074e-08
    2.511886e-07    2.338365e-04    7.383813e-08
    2.570396e-07    2.392850e-04    7.614309e-08
    2.630268e-07    2.448604e-04    7.851955e-08
    2.691535e-07    2.505658e-04    8.097926e-08
    2.754229e-07    2.564042e-04    8.350571e-08
    2.818383e-07    2.623786e-04    8.611050e-08
    2.884032e-07    2.684922e-04    8.879824e-08
    2.951209e-07    2.747483e-04    9.156712e-08
    3.019952e-07    2.811502e-04    9.442182e-08
    3.090295e-07    2.877012e-04    9.736741e-08
    3.162278e-07    2.944050e-04    1.004019e-07
    3.235937e-07    3.012649e-04    1.035304e-07
    3.311311e-07    3.082847e-04    1.067459e-07
    3.388442e-07    3.154681e-04    1.100839e-07
    3.467369e-07    3.228189e-04    1.135018e-07
    3.548134e-07    3.303410e-04    1.170362e-07
    3.630781e-07    3.380384e-04    1.206688e-07
    3.715352e-07    3.459152e-04    1.244398e-07
    3.801894e-07    3.539755e-04    1.283009e-07
    3.890451e-07    3.622237e-04    1.322936e-07
    3.981072e-07    3.706641e-04    1.363972e-07
    4.073803e-07    3.793012e-04    1.406439e-07
    4.168694e-07    3.881396e-04    1.450187e-07
    4.265795e-07    3.971840e-04    1.495150e-07
    4.365158e-07    4.064391e-04    1.541500e-07
    4.466836e-07    4.159100e-04    1.589428e-07
    4.570882e-07    4.256015e-04    1.638880e-07
    4.677351e-07    4.355189e-04    1.689663e-07
    4.786301e-07    4.456675e-04    1.742014e-07
    4.897788e-07    4.560525e-04    1.795979e-07
    5.011872e-07    4.666796e-04    1.851608e-07
    5.128614e-07    4.775544e-04    1.909131e-07
    5.248075e-07    4.886825e-04    1.968297e-07
    5.370318e-07    5.000701e-04    2.029239e-07
    5.495409e-07    5.117230e-04    2.092060e-07
    5.623413e-07    5.236475e-04    2.156818e-07
    5.754399e-07    5.358499e-04    2.223572e-07
    5.888437e-07    5.483368e-04    2.292384e-07
    6.025596e-07    5.611146e-04    2.363316e-07
    6.165950e-07    5.741902e-04    2.436434e-07
    6.309573e-07    5.875706e-04    2.512102e-07
    6.456542e-07    6.012628e-04    2.589805e-07
    6.606934e-07    6.152742e-04    2.669653e-07
    6.760830e-07    6.296120e-04    2.752210e-07
    6.918310e-07    6.442841e-04    2.837311e-07
    7.079458e-07    6.592981e-04    2.924760e-07
    7.244360e-07    6.746621e-04    3.015176e-07
    7.413102e-07    6.903841e-04    3.108378e-07
    7.585776e-07    7.064726e-04    3.204146e-07
    7.762471e-07    7.229360e-04    3.303167e-07
    7.943282e-07    7.397832e-04    3.404919e-07
    8.128305e-07    7.570230e-04    3.510123e-07
    8.317638e-07    7.746646e-04    3.618228e-07
    8.511380e-07    7.927175e-04    3.730000e-07
    8.709636e-07    8.111911e-04    3.844853e-07
    8.912509e-07    8.300952e-04    3.963230e-07
    9.120108e-07    8.494400e-04    4.085625e-07
    9.332543e-07    8.692357e-04    4.211391e-07
    9.549926e-07    8.894927e-04    4.341016e-07
    9.772372e-07    9.102220e-04    4.474618e-07
    1.000000e-06    9.314344e-04    4.612754e-07
    1.023293e-06    9.531412e-04    4.754693e-07
    1.047129e-06    9.753539e-04    4.900987e-07
    1.071519e-06    9.980844e-04    5.051768e-07
    1.096478e-06    1.021345e-03    5.207175e-07
    1.122018e-06    1.045147e-03    5.366715e-07
    1.148154e-06    1.069505e-03    5.531781e-07
    1.174898e-06    1.094430e-03    5.701910e-07
    1.202264e-06    1.119936e-03    5.877257e-07
    1.230269e-06    1.146036e-03    6.057981e-07
    1.258925e-06    1.172745e-03    6.244246e-07
    1.288250e-06    1.200077e-03    6.435616e-07
    1.318257e-06    1.228045e-03    6.632677e-07
    1.348963e-06    1.256666e-03    6.836564e-07
    1.380384e-06    1.285954e-03    7.046703e-07
    1.412538e-06    1.315924e-03    7.262596e-07
    1.445440e-06    1.346593e-03    7.485795e-07
    1.479108e-06    1.377977e-03    7.715106e-07
    1.513561e-06    1.410092e-03    7.951236e-07
    1.548817e-06    1.442956e-03    8.194768e-07
    1.584893e-06    1.476587e-03    8.446541e-07
    1.621810e-06    1.511001e-03    8.705205e-07
    1.659587e-06    1.546217e-03    8.971548e-07
    1.698244e-06    1.582254e-03    9.246250e-07
    1.737801e-06    1.619132e-03    9.529343e-07
    1.778279e-06    1.656869e-03    9.821083e-07
    1.819701e-06    1.695485e-03    1.012150e-06
    1.862087e-06    1.735002e-03    1.043133e-06
    1.905461e-06    1.775440e-03    1.075061e-06
    1.949845e-06    1.816821e-03    1.107834e-06
    1.995262e-06    1.859166e-03    1.141739e-06
    2.041738e-06    1.902499e-03    1.176679e-06
    2.089296e-06    1.946842e-03    1.212543e-06
    2.137962e-06    1.992218e-03    1.249645e-06
    2.187762e-06    2.038653e-03    1.287728e-06
    2.238721e-06    2.086169e-03    1.327126e-06
    2.290868e-06    2.134794e-03    1.367726e-06
    2.344229e-06    2.184552e-03    1.409400e-06
    2.398833e-06    2.235470e-03    1.452373e-06
    2.454709e-06    2.287575e-03    1.496620e-06
    2.511886e-06    2.340895e-03    1.542396e-06
    2.570396e-06    2.395458e-03    1.589416e-06
    2.630268e-06    2.451293e-03    1.637829e-06
    2.691535e-06    2.508430e-03    1.687750e-06
    2.754229e-06    2.566899e-03    1.739153e-06
    2.818383e-06    2.626731e-03    1.792159e-06
    2.884032e-06    2.687957e-03    1.846735e-06
    2.951209e-06    2.750612e-03    1.902788e-06
    3.019952e-06    2.814727e-03    1.960771e-06
    3.090295e-06    2.880337e-03    2.020473e-06
    3.162278e-06    2.947476e-03    2.082036e-06
    3.235937e-06    3.016181e-03    2.145216e-06
    3.311311e-06    3.086488e-03    2.210573e-06
    3.388442e-06    3.158433e-03    2.277646e-06
    3.467369e-06    3.232057e-03    2.346864e-06
    3.548134e-06    3.307397e-03    2.418237e-06
    3.630781e-06    3.384493e-03    2.491599e-06
    3.715352e-06    3.463387e-03    2.567489e-06
    3.801894e-06    3.544120e-03    2.645372e-06
    3.890451e-06    3.626736e-03    2.725612e-06
    3.981072e-06    3.711278e-03    2.808277e-06
    4.073803e-06    3.797791e-03    2.893515e-06
    4.168694e-06    3.886322e-03    2.981269e-06
    4.265795e-06    3.976917e-03    3.071680e-06
    4.365158e-06    4.069624e-03    3.164900e-06
    4.466836e-06    4.164492e-03    3.260553e-06
    4.570882e-06    4.261573e-03    3.359419e-06
    4.677351e-06    4.360917e-03    3.461110e-06
    4.786301e-06    4.462578e-03    3.565873e-06
    4.897788e-06    4.566609e-03    3.674064e-06
    5.011872e-06    4.673066e-03    3.785078e-06
    5.128614e-06    4.782005e-03    3.899441e-06
    5.248075e-06    4.893485e-03    4.017646e-06
    5.370318e-06    5.007564e-03    4.139015e-06
    5.495409e-06    5.124303e-03    4.264054e-06
    5.623413e-06    5.243765e-03    4.393391e-06
    5.754399e-06    5.366012e-03    4.526102e-06
    5.888437e-06    5.491109e-03    4.662359e-06
    6.025596e-06    5.619124e-03    4.803181e-06
    6.165950e-06    5.750124e-03    4.948249e-06
    6.309573e-06    5.884179e-03    5.097692e-06
    6.456542e-06    6.021359e-03    5.251642e-06
    6.606934e-06    6.161739e-03    5.409702e-06
    6.760830e-06    6.305393e-03    5.573059e-06
    6.918310e-06    6.452396e-03    5.740763e-06
    7.079458e-06    6.602828e-03    5.914101e-06
    7.244360e-06    6.756767e-03    6.092065e-06
    7.413102e-06    6.914297e-03    6.275237e-06
    7.585776e-06    7.075500e-03    6.464049e-06
    7.762471e-06    7.240463e-03    6.658534e-06
    7.943282e-06    7.409273e-03    6.859539e-06
    8.128305e-06    7.582019e-03    7.065904e-06
    8.317638e-06    7.758794e-03    7.278467e-06
    8.511380e-06    7.939692e-03    7.497396e-06
    8.709636e-06    8.124809e-03    7.721984e-06
    8.912509e-06    8.314243e-03    7.954251e-06
    9.120108e-06    8.508095e-03    8.192680e-06
    9.332543e-06    8.706468e-03    8.439083e-06
    9.549926e-06    8.909468e-03    8.691830e-06
    9.772372e-06    9.117202e-03    8.953221e-06
    1.000000e-05    9.329780e-03    9.221542e-06
    1.023293e-05    9.547317e-03    9.498812e-06
    1.047129e-05    9.769928e-03    9.783244e-06
    1.071519e-05    9.997730e-03    1.007640e-05
    1.096478e-05    1.023085e-02    1.037809e-05
    1.122018e-05    1.046940e-02    1.068904e-05
    1.148154e-05    1.071352e-02    1.100929e-05
    1.174898e-05    1.096333e-02    1.133774e-05
    1.202264e-05    1.121896e-02    1.167736e-05
    1.230269e-05    1.148056e-02    1.202630e-05
    1.258925e-05    1.174826e-02    1.238592e-05
    1.288250e-05    1.202221e-02    1.275665e-05
    1.318257e-05    1.230255e-02    1.313741e-05
    1.348963e-05    1.258942e-02    1.352922e-05
    1.380384e-05    1.288299e-02    1.393441e-05
    1.412538e-05    1.318340e-02    1.434991e-05
    1.445440e-05    1.349082e-02    1.477782e-05
    1.479108e-05    1.380541e-02    1.521880e-05
    1.513561e-05    1.412734e-02    1.567257e-05
    1.548817e-05    1.445678e-02    1.613822e-05
    1.584893e-05    1.479390e-02    1.661966e-05
    1.621810e-05    1.513889e-02    1.711513e-05
    1.659587e-05    1.549193e-02    1.762355e-05
    1.698244e-05    1.585320e-02    1.814928e-05
    1.737801e-05    1.622290e-02    1.868836e-05
    1.778279e-05    1.660122e-02    1.924343e-05
    1.819701e-05    1.698837e-02    1.981691e-05
    1.862087e-05    1.738455e-02    2.040542e-05
    1.905461e-05    1.778997e-02    2.101183e-05
    1.949845e-05    1.820485e-02    2.163576e-05
    1.995262e-05    1.862941e-02    2.227819e-05
    2.041738e-05    1.906387e-02    2.293958e-05
    2.089296e-05    1.950847e-02    2.361821e-05
    2.137962e-05    1.996344e-02    2.431938e-05
    2.187762e-05    2.042902e-02    2.503875e-05
    2.238721e-05    2.090547e-02    2.578201e-05
    2.290868e-05    2.139303e-02    2.654446e-05
    2.344229e-05    2.189196e-02    2.732950e-05
    2.398833e-05    2.240254e-02    2.813916e-05
    2.454709e-05    2.292503e-02    2.897276e-05
    2.511886e-05    2.345971e-02    2.982935e-05
    2.570396e-05    2.400686e-02    3.070750e-05
    2.630268e-05    2.456678e-02    3.161538e-05
    2.691535e-05    2.513977e-02    3.255004e-05
    2.754229e-05    2.572612e-02    3.350865e-05
    2.818383e-05    2.632615e-02    3.449916e-05
    2.884032e-05    2.694018e-02    3.551444e-05
    2.951209e-05    2.756854e-02    3.656410e-05
    3.019952e-05    2.821156e-02    3.764062e-05
    3.090295e-05    2.886958e-02    3.874813e-05
    3.162278e-05    2.954296e-02    3.988896e-05
    3.235937e-05    3.023205e-02    4.106329e-05
    3.311311e-05    3.093722e-02    4.227107e-05
    3.388442e-05    3.165884e-02    4.351307e-05
    3.467369e-05    3.239730e-02    4.479055e-05
    3.548134e-05    3.315299e-02    4.610861e-05
    3.630781e-05    3.392597e-02    4.723680e-05
    3.715352e-05    3.471733e-02    4.861970e-05
    3.801894e-05    3.552715e-02    5.004727e-05
    3.890451e-05    3.635587e-02    5.151219e-05
    3.981072e-05    3.720393e-02    5.301878e-05
    4.073803e-05    3.807178e-02    5.456928e-05
    4.168694e-05    3.895987e-02    5.616612e-05
    4.265795e-05    3.986870e-02    5.780217e-05
    4.365158e-05    4.079873e-02    5.949209e-05
    4.466836e-05    4.175046e-02    6.122468e-05
    4.570882e-05    4.272441e-02    6.301549e-05
    4.677351e-05    4.372108e-02    6.485031e-05
    4.786301e-05    4.474101e-02    6.673837e-05
    4.897788e-05    4.578475e-02    6.868863e-05
    5.011872e-05    4.685284e-02    7.068420e-05
    5.128614e-05    4.794586e-02    7.273753e-05
    5.248075e-05    4.906438e-02    7.485434e-05
    5.370318e-05    5.020902e-02    7.703253e-05
    5.495409e-05    5.138036e-02    7.926522e-05
    5.623413e-05    5.257904e-02    8.157127e-05
    5.754399e-05    5.380570e-02    8.393497e-05
    5.888437e-05    5.506098e-02    8.637635e-05
    6.025596e-05    5.634557e-02    8.887857e-05
    6.165950e-05    5.766013e-02    9.145313e-05
    6.309573e-05    5.900538e-02    9.410195e-05
    6.456542e-05    6.038202e-02    9.682529e-05
    6.606934e-05    6.179079e-02    9.961805e-05
    6.760830e-05    6.323245e-02    1.025023e-04
    6.918310e-05    6.470775e-02    1.054698e-04
    7.079458e-05    6.621749e-02    1.085086e-04
    7.244360e-05    6.776247e-02    1.116367e-04
    7.413102e-05    6.934350e-02    1.148674e-04
    7.585776e-05    7.096144e-02    1.181755e-04
    7.762471e-05    7.261715e-02    1.215809e-04
    7.943282e-05    7.431150e-02    1.250677e-04
    8.128305e-05    7.604541e-02    1.286708e-04
    8.317638e-05    7.781978e-02    1.323746e-04
    8.511380e-05    7.963558e-02    1.361719e-04
    8.709636e-05    8.149376e-02    1.400906e-04
    8.912509e-05    8.339532e-02    1.441052e-04
    9.120108e-05    8.534126e-02    1.482369e-04
    9.332543e-05    8.733263e-02    1.524837e-04
    9.549926e-05    8.937048e-02    1.568515e-04
    9.772372e-05    9.145591e-02    1.613469e-04
    1.000000e-04    9.359002e-02    1.659672e-04
    1.023293e-04    9.577395e-02    1.706997e-04
    1.047129e-04    9.800886e-02    1.755863e-04
    1.071519e-04    1.002959e-01    1.805914e-04
    1.096478e-04    1.026364e-01    1.857378e-04
    1.122018e-04    1.050315e-01    1.910560e-04
    1.148154e-04    1.074826e-01    1.964993e-04
    1.174898e-04    1.099908e-01    2.020967e-04
    1.202264e-04    1.125576e-01    2.078526e-04
    1.230269e-04    1.151844e-01    2.137426e-04
    1.258925e-04    1.178724e-01    2.198280e-04
    1.288250e-04    1.206232e-01    2.260588e-04
    1.318257e-04    1.234383e-01    2.324654e-04
    1.348963e-04    1.263190e-01    2.390803e-04
    1.380384e-04    1.292671e-01    2.458535e-04
    1.412538e-04    1.322839e-01    2.528171e-04
    1.445440e-04    1.353712e-01    2.599566e-04
    1.479108e-04    1.385306e-01    2.673004e-04
    1.513561e-04    1.417637e-01    2.748671e-04
    1.548817e-04    1.450723e-01    2.826078e-04
    1.584893e-04    1.484582e-01    2.906045e-04
    1.621810e-04    1.519231e-01    2.987850e-04
    1.659587e-04    1.554690e-01    3.071994e-04
    1.698244e-04    1.590976e-01    3.158481e-04
    1.737801e-04    1.628110e-01    3.247334e-04
    1.778279e-04    1.666110e-01    3.338725e-04
    1.819701e-04    1.704998e-01    3.432194e-04
    1.862087e-04    1.744794e-01    3.528682e-04
    1.905461e-04    1.785519e-01    3.627476e-04
    1.949845e-04    1.827195e-01    3.729182e-04
    1.995262e-04    1.869845e-01    3.833782e-04
    2.041738e-04    1.913490e-01    3.940981e-04
    2.089296e-04    1.958155e-01    4.051151e-04
    2.137962e-04    2.003862e-01    4.163851e-04
    2.187762e-04    2.050637e-01    4.280267e-04
    2.238721e-04    2.098504e-01    4.399830e-04
    2.290868e-04    2.147489e-01    4.522145e-04
    2.344229e-04    2.197618e-01    4.647812e-04
    2.398833e-04    2.248917e-01    4.776950e-04
    2.454709e-04    2.301414e-01    4.909639e-04
    2.511886e-04    2.355137e-01    4.865866e-04
    2.570396e-04    2.410113e-01    4.917810e-04
    2.630268e-04    2.466371e-01    4.968655e-04
    2.691535e-04    2.523941e-01    5.018716e-04
    2.754229e-04    2.582853e-01    5.066776e-04
    2.818383e-04    2.643139e-01    5.114031e-04
    2.884032e-04    2.704829e-01    5.161642e-04
    2.951209e-04    2.767958e-01    5.209120e-04
    3.019952e-04    2.832559e-01    5.253780e-04
    3.090295e-04    2.898665e-01    5.303363e-04
    3.162278e-04    2.966313e-01    5.351717e-04
    3.235937e-04    3.035537e-01    5.400010e-04
    3.311311e-04    3.106375e-01    5.451361e-04
    3.388442e-04    3.178865e-01    5.500308e-04
    3.467369e-04    3.253044e-01    5.549889e-04
    3.548134e-04    3.328952e-01    5.604495e-04
    3.630781e-04    3.406630e-01    5.655427e-04
    3.715352e-04    3.486118e-01    5.712838e-04
    3.801894e-04    3.567459e-01    5.766150e-04
    3.890451e-04    3.650696e-01    5.820823e-04
    3.981072e-04    3.735873e-01    5.882082e-04
    4.073803e-04    3.823036e-01    5.939120e-04
    4.168694e-04    3.912230e-01    5.999148e-04
    4.265795e-04    4.003504e-01    6.062826e-04
    4.365158e-04    4.096905e-01    6.124305e-04
    4.466836e-04    4.192483e-01    6.192858e-04
    4.570882e-04    4.290289e-01    6.257255e-04
    4.677351e-04    4.390375e-01    6.323732e-04
    4.786301e-04    4.492793e-01    6.396809e-04
    4.897788e-04    4.597600e-01    6.466762e-04
    5.011872e-04    4.704848e-01    6.543728e-04
    5.128614e-04    4.814598e-01    6.616960e-04
    5.248075e-04    4.926905e-01    6.697928e-04
    5.370318e-04    5.041830e-01    6.775441e-04
    5.495409e-04    5.159434e-01    6.860531e-04
    5.623413e-04    5.279779e-01    6.942140e-04
    5.754399e-04    5.402930e-01    7.031788e-04
    5.888437e-04    5.528951e-01    7.118280e-04
    6.025596e-04    5.657910e-01    7.212619e-04
    6.165950e-04    5.789874e-01    7.309359e-04
    6.309573e-04    5.924915e-01    7.402932e-04
    6.456542e-04    6.063104e-01    7.505079e-04
    6.606934e-04    6.204514e-01    7.610004e-04
    6.760830e-04    6.349221e-01    7.711967e-04
    6.918310e-04    6.497300e-01    7.822719e-04
    7.079458e-04    6.648831e-01    7.936453e-04
    7.244360e-04    6.803895e-01    8.053515e-04
    7.413102e-04    6.962573e-01    8.173633e-04
    7.585776e-04    7.124951e-01    8.295864e-04
    7.762471e-04    7.291114e-01    8.418462e-04
    7.943282e-04    7.461149e-01    8.549150e-04
    8.128305e-04    7.635149e-01    8.683496e-04
    8.317638e-04    7.813205e-01    8.821895e-04
    8.511380e-04    7.995412e-01    8.967452e-04
    8.709636e-04    8.181866e-01    9.116050e-04
    8.912509e-04    8.372667e-01    9.266813e-04
    9.120108e-04    8.567916e-01    9.421580e-04
    9.332543e-04    8.767716e-01    9.581044e-04
    9.549926e-04    8.972175e-01    9.745407e-04
    9.772372e-04    9.181399e-01    9.920129e-04
    1.000000e-03    9.395501e-01    1.009391e-03
    1.023293e-03    9.614595e-01    1.027320e-03
    1.047129e-03    9.838796e-01    1.046322e-03
    1.071519e-03    1.006822e+00    1.065315e-03
    1.096478e-03    1.030300e+00    1.085480e-03
    1.122018e-03    1.054325e+00    1.105590e-03
    1.148154e-03    1.078910e+00    1.126945e-03
    1.174898e-03    1.104068e+00    1.148294e-03
    1.202264e-03    1.129813e+00    1.170899e-03
    1.230269e-03    1.156158e+00    1.194171e-03
    1.258925e-03    1.183117e+00    1.217468e-03
    1.288250e-03    1.210705e+00    1.242134e-03
    1.318257e-03    1.238936e+00    1.267516e-03
    1.348963e-03    1.267825e+00    1.293666e-03
    1.380384e-03    1.297388e+00    1.320580e-03
    1.412538e-03    1.327640e+00    1.348126e-03
    1.445440e-03    1.358597e+00    1.376657e-03
    1.479108e-03    1.390276e+00    1.406177e-03
    1.513561e-03    1.422693e+00    1.436427e-03
    1.548817e-03    1.455867e+00    1.467588e-03
    1.584893e-03    1.489814e+00    1.499693e-03
    1.621810e-03    1.524552e+00    1.532775e-03
    1.659587e-03    1.560100e+00    1.566778e-03
    1.698244e-03    1.596477e+00    1.602504e-03
    1.737801e-03    1.633703e+00    1.638601e-03
    1.778279e-03    1.671796e+00    1.675819e-03
    1.819701e-03    1.710777e+00    1.714770e-03
    1.862087e-03    1.750668e+00    1.754233e-03
    1.905461e-03    1.791488e+00    1.795562e-03
    1.949845e-03    1.833260e+00    1.837455e-03
    1.995262e-03    1.876007e+00    1.881245e-03
    2.041738e-03    1.919750e+00    1.926350e-03
    2.089296e-03    1.964513e+00    1.972156e-03
    2.137962e-03    2.010319e+00    2.019979e-03
    2.187762e-03    2.057194e+00    2.069252e-03
    2.238721e-03    2.105162e+00    2.119993e-03
    2.290868e-03    2.154249e+00    2.172219e-03
    2.344229e-03    2.204480e+00    2.226043e-03
    2.398833e-03    2.255882e+00    2.281485e-03
    2.454709e-03    2.308483e+00    2.338532e-03
    2.511886e-03    2.362310e+00    2.397304e-03
    2.570396e-03    2.417393e+00    2.457891e-03
    2.630268e-03    2.473760e+00    2.520249e-03
    2.691535e-03    2.531442e+00    2.585165e-03
    2.754229e-03    2.590469e+00    2.651325e-03
    2.818383e-03    2.650872e+00    2.719434e-03
    2.884032e-03    2.712684e+00    2.790336e-03
    2.951209e-03    2.775937e+00    2.862627e-03
    3.019952e-03    2.840666e+00    2.937800e-03
    3.090295e-03    2.906904e+00    3.014467e-03
    3.162278e-03    2.974686e+00    3.094190e-03
    3.235937e-03    3.044050e+00    3.175605e-03
    3.311311e-03    3.115031e+00    3.260132e-03
    3.388442e-03    3.187667e+00    3.347207e-03
    3.467369e-03    3.261997e+00    3.436867e-03
    3.548134e-03    3.338061e+00    3.529240e-03
    3.630781e-03    3.415899e+00    3.624368e-03
    3.715352e-03    3.495552e+00    3.722388e-03
    3.801894e-03    3.577063e+00    3.823241e-03
    3.890451e-03    3.660475e+00    3.927225e-03
    3.981072e-03    3.745832e+00    4.034283e-03
    4.073803e-03    3.833180e+00    4.144624e-03
    4.092607e-03    3.850892e+00    4.167388e-03
    4.111497e-03    3.868687e+00    4.189554e-03
    4.130475e-03    3.886564e+00    4.212512e-03
    4.149540e-03    3.904523e+00    4.235709e-03
    4.168694e-03    3.922565e+00    4.258244e-03
    4.187936e-03    3.940691e+00    4.281695e-03
    4.207266e-03    3.958900e+00    4.305277e-03
    4.226686e-03    3.977194e+00    4.328188e-03
    4.246196e-03    3.995572e+00    4.352028e-03
    4.265795e-03    4.014035e+00    4.375887e-03
    4.285485e-03    4.032584e+00    4.399410e-03
    4.305266e-03    4.051218e+00    4.423762e-03
    4.325138e-03    4.069938e+00    4.447903e-03
    4.345102e-03    4.088745e+00    4.471935e-03
    4.365158e-03    4.107638e+00    4.496694e-03
    4.385307e-03    4.126619e+00    4.521532e-03
    4.405549e-03    4.145688e+00    4.545791e-03
    4.425884e-03    4.164845e+00    4.570963e-03
    4.446313e-03    4.184091e+00    4.596216e-03
    4.466836e-03    4.203425e+00    4.620883e-03
    4.487454e-03    4.222849e+00    4.646477e-03
    4.508167e-03    4.242362e+00    4.672273e-03
    4.528976e-03    4.261966e+00    4.697417e-03
    4.549881e-03    4.281660e+00    4.723500e-03
    4.570882e-03    4.301446e+00    4.749669e-03
    4.591980e-03    4.321322e+00    4.775298e-03
    4.613176e-03    4.341291e+00    4.801820e-03
    4.634469e-03    4.361352e+00    4.828553e-03
    4.655861e-03    4.381506e+00    4.855375e-03
    4.677351e-03    4.401753e+00    4.881585e-03
    4.698941e-03    4.422093e+00    4.908769e-03
    4.720630e-03    4.442527e+00    4.936105e-03
    4.742420e-03    4.463056e+00    4.962825e-03
    4.764310e-03    4.483680e+00    4.990467e-03
    4.786301e-03    4.504399e+00    5.018266e-03
    4.808393e-03    4.525214e+00    5.046351e-03
    4.830588e-03    4.546125e+00    5.073679e-03
    4.852885e-03    4.567133e+00    5.101982e-03
    4.875285e-03    4.588237e+00    5.130477e-03
    4.897788e-03    4.609440e+00    5.158370e-03
    4.920395e-03    4.630740e+00    5.187218e-03
    4.943107e-03    4.652139e+00    5.216231e-03
    4.965923e-03    4.673636e+00    5.245409e-03
    4.988845e-03    4.695233e+00    5.273974e-03
    5.011872e-03    4.716930e+00    5.303515e-03
    5.035006e-03    4.738727e+00    5.333223e-03
    5.058247e-03    4.760625e+00    5.363101e-03
    5.081594e-03    4.782625e+00    5.392391e-03
    5.105050e-03    4.804725e+00    5.422642e-03
    5.128614e-03    4.826928e+00    5.453065e-03
    5.152286e-03    4.849234e+00    5.483696e-03
    5.176068e-03    4.871642e+00    5.513696e-03
    5.199960e-03    4.894155e+00    5.544676e-03
    5.223962e-03    4.916771e+00    5.575868e-03
    5.248075e-03    4.939492e+00    5.607204e-03
    5.272299e-03    4.962318e+00    5.638143e-03
    5.296634e-03    4.985249e+00    5.669696e-03
    5.321083e-03    5.008286e+00    5.701643e-03
    5.345644e-03    5.031430e+00    5.733773e-03
    5.370318e-03    5.054681e+00    5.766002e-03
    5.395106e-03    5.078039e+00    5.797785e-03
    5.420009e-03    5.101506e+00    5.830470e-03
    5.445027e-03    5.125080e+00    5.863417e-03
    5.470160e-03    5.148764e+00    5.896517e-03
    5.495409e-03    5.172557e+00    5.929209e-03
    5.520774e-03    5.196460e+00    5.962507e-03
    5.546257e-03    5.220474e+00    5.996219e-03
    5.571857e-03    5.244599e+00    6.030163e-03
    5.597576e-03    5.268835e+00    6.064304e-03
    5.623413e-03    5.293183e+00    6.097805e-03
    5.649370e-03    5.317644e+00    6.132341e-03
    5.675446e-03    5.342217e+00    6.167115e-03
    5.701643e-03    5.366905e+00    6.202092e-03
    5.727960e-03    5.391706e+00    6.237235e-03
    5.754399e-03    5.416622e+00    6.271741e-03
    5.780960e-03    5.441654e+00    6.307428e-03
    5.807644e-03    5.466801e+00    6.343263e-03
    5.834451e-03    5.492064e+00    6.379309e-03
    5.861382e-03    5.517444e+00    6.415565e-03
    5.888437e-03    5.542941e+00    6.452073e-03
    5.915616e-03    5.568556e+00    6.487953e-03
    5.942922e-03    5.594290e+00    6.524886e-03
    5.970353e-03    5.620142e+00    6.562077e-03
    5.997911e-03    5.646115e+00    6.599447e-03
    6.025596e-03    5.672207e+00    6.637077e-03
    6.053409e-03    5.698419e+00    6.674929e-03
    6.081350e-03    5.724753e+00    6.712219e-03
    6.109420e-03    5.751209e+00    6.750516e-03
    6.137620e-03    5.777787e+00    6.789079e-03
    6.165950e-03    5.804487e+00    6.827871e-03
    6.194411e-03    5.831312e+00    6.866934e-03
    6.223003e-03    5.858260e+00    6.906188e-03
    6.251727e-03    5.885332e+00    6.945715e-03
    6.280584e-03    5.912530e+00    6.984669e-03
    6.309573e-03    5.939854e+00    7.024665e-03
    6.338697e-03    5.967304e+00    7.064941e-03
    6.367955e-03    5.994881e+00    7.105458e-03
    6.397348e-03    6.022585e+00    7.146216e-03
    6.426877e-03    6.050417e+00    7.187218e-03
    6.456542e-03    6.078378e+00    7.228508e-03
    6.486344e-03    6.106469e+00    7.269702e-03
    6.516284e-03    6.134689e+00    7.310993e-03
    6.546362e-03    6.163039e+00    7.353070e-03
    6.576578e-03    6.191521e+00    7.395356e-03
    6.606934e-03    6.220134e+00    7.437941e-03
    6.637431e-03    6.248880e+00    7.480782e-03
    6.668068e-03    6.277758e+00    7.523925e-03
    6.698846e-03    6.306770e+00    7.567285e-03
    6.729767e-03    6.335916e+00    7.610951e-03
    6.760830e-03    6.365197e+00    7.654882e-03
    6.792036e-03    6.394613e+00    7.698587e-03
    6.823387e-03    6.424165e+00    7.742713e-03
    6.854882e-03    6.453854e+00    7.787490e-03
    6.886523e-03    6.483680e+00    7.832539e-03
    6.918310e-03    6.513644e+00    7.877908e-03
    6.950243e-03    6.543746e+00    7.923508e-03
    6.982324e-03    6.573988e+00    7.969432e-03
    7.014553e-03    6.604369e+00    8.015637e-03
    7.046931e-03    6.634891e+00    8.062125e-03
    7.079458e-03    6.665553e+00    8.108944e-03
    7.112135e-03    6.696358e+00    8.156004e-03
    7.144963e-03    6.727305e+00    8.203400e-03
    7.177943e-03    6.758395e+00    8.251088e-03
    7.211075e-03    6.789629e+00    8.299117e-03
    7.244360e-03    6.821007e+00    8.346563e-03
    7.277798e-03    6.852531e+00    8.395183e-03
    7.311391e-03    6.884200e+00    8.444056e-03
    7.345139e-03    6.916015e+00    8.493328e-03
    7.379042e-03    6.947977e+00    8.542905e-03
    7.413102e-03    6.980088e+00    8.592791e-03
    7.447320e-03    7.012346e+00    8.642939e-03
    7.481695e-03    7.044754e+00    8.693496e-03
    7.516229e-03    7.077312e+00    8.744320e-03
    7.550922e-03    7.110020e+00    8.795461e-03
    7.585776e-03    7.142879e+00    8.847021e-03
    7.620790e-03    7.175891e+00    8.898804e-03
    7.655966e-03    7.209055e+00    8.951013e-03
    7.691304e-03    7.242372e+00    9.003499e-03
    7.726806e-03    7.275843e+00    9.056366e-03
    7.762471e-03    7.309469e+00    9.109566e-03
    7.798301e-03    7.343251e+00    9.163102e-03
    7.834296e-03    7.377188e+00    9.217027e-03
    7.870458e-03    7.411283e+00    9.271242e-03
    7.906786e-03    7.445535e+00    9.325852e-03
    7.943282e-03    7.479945e+00    9.380809e-03
    7.979947e-03    7.514515e+00    9.436116e-03
    8.016781e-03    7.549244e+00    9.491775e-03
    8.053784e-03    7.584134e+00    9.547841e-03
    8.090959e-03    7.619186e+00    9.604265e-03
    8.128305e-03    7.654399e+00    9.661050e-03
    8.165824e-03    7.689775e+00    9.718199e-03
    8.203515e-03    7.725315e+00    9.775768e-03
    8.241381e-03    7.761019e+00    9.833708e-03
    8.279422e-03    7.796888e+00    9.891966e-03
    8.317638e-03    7.832923e+00    9.950708e-03
    8.356030e-03    7.869124e+00    1.000983e-02
    8.394600e-03    7.905493e+00    1.006928e-02
    8.433348e-03    7.942030e+00    1.012912e-02
    8.472274e-03    7.978736e+00    1.018953e-02
    8.511380e-03    8.015612e+00    1.025097e-02
    8.550667e-03    8.052658e+00    1.031204e-02
    8.590135e-03    8.089875e+00    1.037356e-02
    8.629785e-03    8.127265e+00    1.043549e-02
    8.669619e-03    8.164827e+00    1.049776e-02
    8.709636e-03    8.202563e+00    1.056056e-02
    8.749838e-03    8.240474e+00    1.062377e-02
    8.790225e-03    8.278560e+00    1.068733e-02
    8.830799e-03    8.316822e+00    1.075138e-02
    8.871560e-03    8.355260e+00    1.081584e-02
    8.912509e-03    8.393877e+00    1.088074e-02
    8.953648e-03    8.432672e+00    1.094681e-02
    8.994976e-03    8.471646e+00    1.101271e-02
    9.036495e-03    8.510801e+00    1.107902e-02
    9.078205e-03    8.550137e+00    1.114566e-02
    9.120108e-03    8.589654e+00    1.121286e-02
    9.162205e-03    8.629355e+00    1.128045e-02
    9.204496e-03    8.669239e+00    1.134850e-02
    9.246982e-03    8.709307e+00    1.141706e-02
    9.289664e-03    8.749560e+00    1.148608e-02
    9.332543e-03    8.790000e+00    1.155642e-02
    9.375620e-03    8.830627e+00    1.162644e-02
    9.418896e-03    8.871441e+00    1.169693e-02
    9.462372e-03    8.912444e+00    1.176784e-02
    9.506048e-03    8.953637e+00    1.183936e-02
    9.549926e-03    8.995020e+00    1.191123e-02
    9.594006e-03    9.036595e+00    1.198372e-02
    9.638290e-03    9.078362e+00    1.205752e-02
    9.682779e-03    9.120322e+00    1.213101e-02
    9.727472e-03    9.162476e+00    1.220500e-02
    9.772372e-03    9.204825e+00    1.227950e-02
    9.817479e-03    9.247370e+00    1.235457e-02
    9.862795e-03    9.290111e+00    1.243010e-02
    9.908319e-03    9.333050e+00    1.250705e-02
    9.954054e-03    9.376188e+00    1.258363e-02
    1.000000e-02    9.419525e+00    1.266086e-02
    1.004616e-02    9.463062e+00    1.273858e-02
    1.009253e-02    9.506801e+00    1.281683e-02
    1.013911e-02    9.550742e+00    1.289660e-02
    1.018591e-02    9.594887e+00    1.297596e-02
    1.023293e-02    9.639235e+00    1.305593e-02
    1.028016e-02    9.683789e+00    1.313653e-02
    1.032761e-02    9.728548e+00    1.321842e-02
    1.037528e-02    9.773515e+00    1.330017e-02
    1.042317e-02    9.818689e+00    1.338248e-02
    1.047129e-02    9.864072e+00    1.346532e-02
    1.051962e-02    9.909666e+00    1.354887e-02
    1.056818e-02    9.955469e+00    1.363383e-02
    1.061696e-02    1.000149e+01    1.371852e-02
    1.066596e-02    1.004771e+01    1.380381e-02
    1.071519e-02    1.009416e+01    1.388977e-02
    1.076465e-02    1.014081e+01    1.397724e-02
    1.081434e-02    1.018769e+01    1.406445e-02
    1.086426e-02    1.023478e+01    1.415235e-02
    1.091440e-02    1.028208e+01    1.424165e-02
    1.096478e-02    1.032961e+01    1.433083e-02
    1.101539e-02    1.037736e+01    1.442066e-02
    1.106624e-02    1.042532e+01    1.451114e-02
    1.111732e-02    1.047351e+01    1.460311e-02
    1.116863e-02    1.052192e+01    1.469499e-02
    1.122018e-02    1.057056e+01    1.478754e-02
    1.127197e-02    1.061942e+01    1.488153e-02
    1.132400e-02    1.066851e+01    1.497545e-02
    1.137627e-02    1.071782e+01    1.507012e-02
    1.142878e-02    1.076736e+01    1.516627e-02
    1.148154e-02    1.081713e+01    1.526228e-02
    1.153453e-02    1.086713e+01    1.535900e-02
    1.158777e-02    1.091736e+01    1.545737e-02
    1.164126e-02    1.096783e+01    1.555560e-02
    1.169499e-02    1.101852e+01    1.565457e-02
    1.174898e-02    1.106946e+01    1.575515e-02
    1.180321e-02    1.112062e+01    1.585568e-02
    1.185769e-02    1.117203e+01    1.595690e-02
    1.191242e-02    1.122367e+01    1.605974e-02
    1.196741e-02    1.127555e+01    1.616256e-02
    1.202264e-02    1.132767e+01    1.626675e-02
    1.207814e-02    1.138003e+01    1.637142e-02
    1.213389e-02    1.143264e+01    1.647661e-02
    1.218990e-02    1.148549e+01    1.658346e-02
    1.224616e-02    1.153858e+01    1.669040e-02
    1.230269e-02    1.159191e+01    1.679890e-02
    1.235947e-02    1.164550e+01    1.690734e-02
    1.241652e-02    1.169933e+01    1.701676e-02
    1.247384e-02    1.175341e+01    1.712776e-02
    1.253141e-02    1.180774e+01    1.723888e-02
    1.258925e-02    1.186232e+01    1.735167e-02
    1.264736e-02    1.191716e+01    1.746452e-02
    1.270574e-02    1.197225e+01    1.757906e-02
    1.276439e-02    1.202759e+01    1.769368e-02
    1.282331e-02    1.208319e+01    1.781009e-02
    1.288250e-02    1.213905e+01    1.792650e-02
    1.294196e-02    1.219516e+01    1.804473e-02
    1.300170e-02    1.225154e+01    1.816299e-02
    1.306171e-02    1.230817e+01    1.828309e-02
    1.312200e-02    1.236507e+01    1.840337e-02
    1.318257e-02    1.242223e+01    1.852537e-02
    1.324342e-02    1.247965e+01    1.864750e-02
    1.330454e-02    1.253734e+01    1.877105e-02
    1.336596e-02    1.259530e+01    1.889567e-02
    1.342765e-02    1.265352e+01    1.902159e-02
    1.348963e-02    1.271202e+01    1.914775e-02
    1.355189e-02    1.277078e+01    1.927569e-02
    1.361445e-02    1.282982e+01    1.940405e-02
    1.367729e-02    1.288913e+01    1.953405e-02
    1.374042e-02    1.294872e+01    1.966442e-02
    1.380384e-02    1.300858e+01    1.979660e-02
    1.386756e-02    1.306871e+01    1.992932e-02
    1.393157e-02    1.312913e+01    2.006344e-02
    1.399587e-02    1.318982e+01    2.019895e-02
    1.406048e-02    1.325080e+01    2.033481e-02
    1.412538e-02    1.331206e+01    2.047255e-02
    1.419058e-02    1.337360e+01    2.061065e-02
    1.425608e-02    1.343542e+01    2.075066e-02
    1.432188e-02    1.349753e+01    2.089181e-02
    1.438799e-02    1.355993e+01    2.103338e-02
    1.445440e-02    1.362262e+01    2.117688e-02
    1.452112e-02    1.368560e+01    2.132158e-02
    1.458814e-02    1.374887e+01    2.146688e-02
    1.465548e-02    1.381243e+01    2.161399e-02
    1.472313e-02    1.387628e+01    2.176242e-02
    1.479108e-02    1.394044e+01    2.191133e-02
    1.485936e-02    1.400488e+01    2.206233e-02
    1.492794e-02    1.406963e+01    2.221445e-02
    1.499685e-02    1.413468e+01    2.236726e-02
    1.506607e-02    1.420002e+01    2.252212e-02
    1.513561e-02    1.426567e+01    2.267829e-02
    1.520548e-02    1.433162e+01    2.283504e-02
    1.527566e-02    1.439788e+01    2.299389e-02
    1.534617e-02    1.446445e+01    2.315401e-02
    1.541700e-02    1.453132e+01    2.331558e-02
    1.548817e-02    1.459850e+01    2.347787e-02
    1.555966e-02    1.466599e+01    2.364224e-02
    1.563148e-02    1.473380e+01    2.380802e-02
    1.570363e-02    1.480192e+01    2.397523e-02
    1.577611e-02    1.487035e+01    2.414331e-02
    1.584893e-02    1.493910e+01    2.431344e-02
    1.592209e-02    1.500817e+01    2.448522e-02
    1.599558e-02    1.507756e+01    2.465833e-02
    1.606941e-02    1.514727e+01    2.483303e-02
    1.614359e-02    1.521730e+01    2.500870e-02
    1.621810e-02    1.528766e+01    2.518641e-02
    1.629296e-02    1.535834e+01    2.536585e-02
    1.636817e-02    1.542935e+01    2.554679e-02
    1.644372e-02    1.550069e+01    2.572934e-02
    1.651962e-02    1.557235e+01    2.591358e-02
    1.659587e-02    1.564435e+01    2.609891e-02
    1.667247e-02    1.571669e+01    2.628638e-02
    1.674943e-02    1.578935e+01    2.647560e-02
    1.682674e-02    1.586236e+01    2.666652e-02
    1.690441e-02    1.593570e+01    2.685923e-02
    1.698244e-02    1.600938e+01    2.705360e-02
    1.706082e-02    1.608340e+01    2.724972e-02
    1.713957e-02    1.615776e+01    2.744762e-02
    1.721869e-02    1.623247e+01    2.764739e-02
    1.729816e-02    1.630753e+01    2.784898e-02
    1.737801e-02    1.638293e+01    2.805233e-02
    1.745822e-02    1.645868e+01    2.825765e-02
    1.753881e-02    1.653478e+01    2.846481e-02
    1.761976e-02    1.661123e+01    2.867387e-02
    1.770109e-02    1.668804e+01    2.888478e-02
    1.778279e-02    1.676520e+01    2.909783e-02
    1.786488e-02    1.684272e+01    2.931455e-02
    1.794734e-02    1.692060e+01    2.952974e-02
    1.803018e-02    1.699884e+01    2.974868e-02
    1.811340e-02    1.707744e+01    2.996966e-02
    1.819701e-02    1.715641e+01    3.019274e-02
    1.828100e-02    1.723574e+01    3.041791e-02
    1.836538e-02    1.731544e+01    3.064519e-02
    1.845015e-02    1.739551e+01    3.087464e-02
    1.853532e-02    1.747594e+01    3.110625e-02
    1.862087e-02    1.755675e+01    3.134001e-02
    1.870682e-02    1.763794e+01    3.157606e-02
    1.879317e-02    1.771950e+01    3.181430e-02
    1.887991e-02    1.780143e+01    3.205485e-02
    1.896706e-02    1.788375e+01    3.229769e-02
    1.905461e-02    1.796645e+01    3.254323e-02
    1.914256e-02    1.804953e+01    3.279072e-02
    1.923092e-02    1.813299e+01    3.304063e-02
    1.931968e-02    1.821685e+01    3.329294e-02
    1.940886e-02    1.830109e+01    3.354763e-02
    1.949845e-02    1.838572e+01    3.380502e-02
    1.958845e-02    1.847074e+01    3.406490e-02
    1.967886e-02    1.855615e+01    3.432713e-02
    1.976970e-02    1.864196e+01    3.459187e-02
    1.986095e-02    1.872817e+01    3.485927e-02
    1.995262e-02    1.881478e+01    3.512923e-02
    2.004472e-02    1.890179e+01    3.540212e-02
    2.013724e-02    1.898920e+01    3.567746e-02
    2.023019e-02    1.907702e+01    3.595544e-02
    2.032357e-02    1.916524e+01    3.623648e-02
    2.041738e-02    1.925387e+01    3.651999e-02
    2.051162e-02    1.934291e+01    3.680631e-02
    2.060630e-02    1.943236e+01    3.709492e-02
    2.070141e-02    1.952223e+01    3.738778e-02
    2.079697e-02    1.961252e+01    3.768278e-02
    2.089296e-02    1.970322e+01    3.798072e-02
    2.098940e-02    1.979434e+01    3.828180e-02
    2.108628e-02    1.988589e+01    3.858572e-02
    2.118361e-02    1.997785e+01    3.889269e-02
    2.128139e-02    2.007025e+01    3.920295e-02
    2.137962e-02    2.016307e+01    3.951613e-02
    2.147830e-02    2.025632e+01    3.983261e-02
    2.157744e-02    2.035001e+01    4.015218e-02
    2.167704e-02    2.044413e+01    4.047499e-02
    2.177710e-02    2.053868e+01    4.080122e-02
    2.187762e-02    2.063367e+01    4.113066e-02
    2.197860e-02    2.072910e+01    4.146352e-02
    2.208005e-02    2.082498e+01    4.179971e-02
    2.218196e-02    2.092130e+01    4.213941e-02
    2.228435e-02    2.101806e+01    4.248253e-02
    2.238721e-02    2.111527e+01    4.282922e-02
    2.249055e-02    2.121293e+01    4.317946e-02
    2.259436e-02    2.131105e+01    4.353334e-02
    2.269865e-02    2.140962e+01    4.389085e-02
    2.280342e-02    2.150865e+01    4.425206e-02
    2.290868e-02    2.160813e+01    4.461706e-02
    2.301442e-02    2.170808e+01    4.498579e-02
    2.312065e-02    2.180849e+01    4.535842e-02
    2.322737e-02    2.190936e+01    4.573489e-02
    2.333458e-02    2.201070e+01    4.611564e-02
    2.344229e-02    2.211251e+01    4.649975e-02
    2.355049e-02    2.221480e+01    4.688810e-02
    2.365920e-02    2.231755e+01    4.728073e-02
    2.376840e-02    2.242079e+01    4.767731e-02
    2.387811e-02    2.252450e+01    4.807826e-02
    2.398833e-02    2.262869e+01    4.848327e-02
    2.409905e-02    2.273336e+01    4.889256e-02
    2.421029e-02    2.283852e+01    4.930639e-02
    2.432204e-02    2.294417e+01    4.972442e-02
    2.443431e-02    2.305031e+01    5.014687e-02
    2.454709e-02    2.315693e+01    5.057412e-02
    2.466039e-02    2.326406e+01    5.100562e-02
    2.477422e-02    2.337168e+01    5.144177e-02
    2.488857e-02    2.347979e+01    5.188320e-02
    2.500345e-02    2.358841e+01    5.232844e-02
    2.511886e-02    2.369754e+01    5.277877e-02
    2.523481e-02    2.380716e+01    5.323392e-02
    2.535129e-02    2.391730e+01    5.369480e-02
    2.546830e-02    2.402795e+01    5.415947e-02
    2.558586e-02    2.413911e+01    5.462958e-02
    2.570396e-02    2.425078e+01    5.510475e-02
    2.582260e-02    2.436297e+01    5.558509e-02
    2.594179e-02    2.447569e+01    5.607118e-02
    2.606154e-02    2.458892e+01    5.656206e-02
    2.618183e-02    2.470268e+01    5.705829e-02
    2.630268e-02    2.481697e+01    5.755996e-02
    2.642409e-02    2.493179e+01    5.806710e-02
    2.654606e-02    2.504714e+01    5.857981e-02
    2.666859e-02    2.516302e+01    5.909881e-02
    2.679168e-02    2.527944e+01    5.962289e-02
    2.691535e-02    2.539640e+01    6.015274e-02
    2.703958e-02    2.551391e+01    6.068846e-02
    2.716439e-02    2.563196e+01    6.123010e-02
    2.728978e-02    2.575055e+01    6.177774e-02
    2.741574e-02    2.586970e+01    6.233145e-02
    2.754229e-02    2.598940e+01    6.289214e-02
    2.766942e-02    2.610965e+01    6.345824e-02
    2.779713e-02    2.623046e+01    6.403069e-02
    2.792544e-02    2.635184e+01    6.460954e-02
    2.805434e-02    2.647377e+01    6.519486e-02
    2.818383e-02    2.659627e+01    6.578675e-02
    2.831392e-02    2.671934e+01    6.638528e-02
    2.844461e-02    2.684298e+01    6.699054e-02
    2.857591e-02    2.696719e+01    6.760262e-02
    2.870781e-02    2.709198e+01    6.822161e-02
    2.884032e-02    2.721735e+01    6.884759e-02
    2.897344e-02    2.734330e+01    6.948065e-02
    2.910717e-02    2.746983e+01    7.012089e-02
    2.924152e-02    2.759695e+01    7.076839e-02
    2.937650e-02    2.772466e+01    7.142326e-02
    2.951209e-02    2.785297e+01    7.208558e-02
    2.964831e-02    2.798186e+01    7.275546e-02
    2.978516e-02    2.811136e+01    7.343298e-02
    2.992265e-02    2.824146e+01    7.411826e-02
    3.006076e-02    2.837216e+01    7.481139e-02
    3.019952e-02    2.850347e+01    7.551247e-02
    3.033891e-02    2.863538e+01    7.622160e-02
    3.047895e-02    2.876791e+01    7.693890e-02
    3.061963e-02    2.890106e+01    7.766445e-02
    3.076097e-02    2.903482e+01    7.839837e-02
    3.090295e-02    2.916920e+01    7.914080e-02
    3.104560e-02    2.930421e+01    7.989179e-02
    3.118890e-02    2.943984e+01    8.065149e-02
    3.133286e-02    2.957610e+01    8.142003e-02
    3.147748e-02    2.971300e+01    8.219748e-02
    3.162278e-02    2.985053e+01    8.298399e-02
    3.176874e-02    2.998870e+01    8.377965e-02
    3.191538e-02    3.012751e+01    8.458463e-02
    3.206269e-02    3.026697e+01    8.539900e-02
    3.221069e-02    3.040707e+01    8.622290e-02
    3.235937e-02    3.054782e+01    8.705644e-02
    3.250873e-02    3.068923e+01    8.789977e-02
    3.265878e-02    3.083129e+01    8.875301e-02
    3.280953e-02    3.097402e+01    8.961630e-02
    3.296097e-02    3.111740e+01    9.048978e-02
    3.311311e-02    3.126145e+01    9.137357e-02
    3.326596e-02    3.140618e+01    9.226774e-02
    3.341950e-02    3.155157e+01    9.317254e-02
    3.357376e-02    3.169764e+01    9.408806e-02
    3.372873e-02    3.184438e+01    9.501441e-02
    3.388442e-02    3.199181e+01    9.595178e-02
    3.404082e-02    3.213993e+01    9.690030e-02
    3.419794e-02    3.228873e+01    9.786004e-02
    3.435579e-02    3.243822e+01    9.883133e-02
    3.451437e-02    3.258841e+01    9.981413e-02
    3.467369e-02    3.273929e+01    1.008087e-01
    3.483373e-02    3.289088e+01    1.018153e-01
    3.499452e-02    3.304317e+01    1.028338e-01
    3.515604e-02    3.319617e+01    1.038645e-01
    3.531832e-02    3.334988e+01    1.049077e-01
    3.548134e-02    3.350430e+01    1.059634e-01
    3.564511e-02    3.365944e+01    1.070318e-01
    3.580964e-02    3.381530e+01    1.081130e-01
    3.597493e-02    3.397189e+01    1.092074e-01
    3.614099e-02    3.412920e+01    1.103174e-01
    3.630781e-02    3.428725e+01    1.114384e-01
    3.647539e-02    3.444603e+01    1.125729e-01
    3.664376e-02    3.460555e+01    1.137213e-01
    3.681290e-02    3.476581e+01    1.148836e-01
    3.698282e-02    3.492681e+01    1.160599e-01
    3.715352e-02    3.508857e+01    1.172534e-01
    3.732502e-02    3.525108e+01    1.184586e-01
    3.749730e-02    3.541434e+01    1.196786e-01
    3.767038e-02    3.557836e+01    1.209133e-01
    3.784426e-02    3.574314e+01    1.221662e-01
    3.801894e-02    3.590869e+01    1.234314e-01
    3.819443e-02    3.607501e+01    1.247122e-01
    3.837072e-02    3.624211e+01    1.260116e-01
    3.854784e-02    3.640998e+01    1.273241e-01
    3.872576e-02    3.657863e+01    1.286526e-01
    3.890451e-02    3.674807e+01    1.300007e-01
    3.908409e-02    3.691830e+01    1.313622e-01
    4.137645e-02    3.909332e+01    1.369682e-01
    4.236082e-02    4.002671e+01    1.443505e-01
    4.336924e-02    4.098310e+01    1.521951e-01
    4.440234e-02    4.196308e+01    1.605329e-01
    4.546075e-02    4.296727e+01    1.693976e-01
    4.654513e-02    4.399633e+01    1.788248e-01
    4.765614e-02    4.505090e+01    1.888528e-01
    4.879450e-02    4.613165e+01    1.995226e-01
    4.996089e-02    4.723929e+01    2.108780e-01
    5.115605e-02    4.837454e+01    2.229659e-01
    5.238075e-02    4.953813e+01    2.358368e-01
    5.363574e-02    5.073083e+01    2.495442e-01
    5.492183e-02    5.195342e+01    2.641460e-01
    5.623983e-02    5.320671e+01    2.797038e-01
    5.759057e-02    5.449152e+01    2.962838e-01
    5.897494e-02    5.580873e+01    3.139570e-01
    6.039383e-02    5.715921e+01    3.327992e-01
    6.184813e-02    5.854387e+01    3.528920e-01
    6.333879e-02    5.996365e+01    3.743225e-01
    6.486677e-02    6.141952e+01    3.971844e-01
    6.643309e-02    6.291248e+01    4.215779e-01
    6.803875e-02    6.444355e+01    4.476106e-01
    6.968482e-02    6.601380e+01    4.753979e-01
    7.137237e-02    6.762431e+01    5.050635e-01
    7.310251e-02    6.927622e+01    5.367402e-01
    7.487639e-02    7.097067e+01    5.705703e-01
    7.669518e-02    7.270889e+01    6.067067e-01
    7.856011e-02    7.449210e+01    6.453135e-01
    8.047240e-02    7.632157e+01    6.865666e-01
    8.243334e-02    7.819863e+01    7.306551e-01
    8.444426e-02    8.012463e+01    7.777817e-01
    8.650649e-02    8.210097e+01    8.281643e-01
    8.862143e-02    8.412910e+01    8.820368e-01
    9.079051e-02    8.621051e+01    9.396504e-01
    9.301519e-02    8.834673e+01    1.001275e+00
    9.529699e-02    9.053938e+01    1.067200e+00
    9.763747e-02    9.279007e+01    1.137738e+00
    1.000382e-01    9.510050e+01    1.213222e+00
    1.025009e-01    9.747244e+01    1.294012e+00
    1.050271e-01    9.990768e+01    1.380494e+00
    1.076250e-01    1.024142e+02    1.472736e+00
    1.089611e-01    1.037043e+02    1.520627e+00
    1.103195e-01    1.050164e+02    1.569945e+00
    1.116993e-01    1.063498e+02    1.620813e+00
    1.131003e-01    1.077044e+02    1.673328e+00
    1.145225e-01    1.090800e+02    1.727581e+00
    1.159657e-01    1.104767e+02    1.783657e+00
    1.174301e-01    1.118948e+02    1.841643e+00
    1.189158e-01    1.133342e+02    1.901624e+00
    1.204231e-01    1.147951e+02    1.963689e+00
    1.219520e-01    1.162779e+02    2.027927e+00
    1.235027e-01    1.177827e+02    2.094429e+00
    1.250755e-01    1.193097e+02    2.163293e+00
    1.266705e-01    1.208593e+02    2.234615e+00
    1.282881e-01    1.224317e+02    2.308495e+00
    1.299285e-01    1.240272e+02    2.385041e+00
    1.315920e-01    1.256462e+02    2.464359e+00
    1.332787e-01    1.272888e+02    2.546562e+00
    1.349889e-01    1.289554e+02    2.631766e+00
    1.367231e-01    1.306464e+02    2.720092e+00
    1.384814e-01    1.323621e+02    2.811665e+00
    1.402640e-01    1.341028e+02    2.906615e+00
    1.420714e-01    1.358689e+02    3.005077e+00
    1.439037e-01    1.376606e+02    3.107190e+00
    1.457614e-01    1.394785e+02    3.213100e+00
    1.476447e-01    1.413228e+02    3.322957e+00
    1.495539e-01    1.431940e+02    3.436917e+00
    1.514894e-01    1.450923e+02    3.555142e+00
    1.534515e-01    1.470184e+02    3.677801e+00
    1.554404e-01    1.489725e+02    3.805070e+00
    1.574566e-01    1.509549e+02    3.937128e+00
    1.595003e-01    1.529663e+02    4.074163e+00
    1.615719e-01    1.550069e+02    4.216373e+00
    1.636719e-01    1.570772e+02    4.363959e+00
    1.658004e-01    1.591778e+02    4.517131e+00
    1.679579e-01    1.613089e+02    4.676109e+00
    1.701448e-01    1.634710e+02    4.841119e+00
    1.723612e-01    1.656647e+02    5.012396e+00
    1.746077e-01    1.678905e+02    5.190184e+00
    1.768847e-01    1.701487e+02    5.374737e+00
    1.791925e-01    1.724400e+02    5.566317e+00
    1.815315e-01    1.747647e+02    5.765199e+00
    1.839020e-01    1.771235e+02    5.971663e+00
    1.863044e-01    1.795168e+02    6.186004e+00
    1.887393e-01    1.819453e+02    6.408527e+00
    1.912068e-01    1.844093e+02    6.639548e+00
    1.937076e-01    1.869095e+02    6.879392e+00
    1.962419e-01    1.894465e+02    7.128403e+00
    1.988101e-01    1.920208e+02    7.386932e+00
    2.014128e-01    1.946330e+02    7.655344e+00
    2.040502e-01    1.972837e+02    7.934018e+00
    2.067229e-01    1.999735e+02    8.223349e+00
    2.094312e-01    2.027032e+02    8.523743e+00
    2.121756e-01    2.054732e+02    8.835624e+00
    2.149567e-01    2.082842e+02    9.159429e+00
    2.177746e-01    2.111370e+02    9.495614e+00
    2.206300e-01    2.140321e+02    9.844648e+00
    2.235232e-01    2.169702e+02    1.020702e+01
    2.264548e-01    2.199522e+02    1.058324e+01
    2.294251e-01    2.229787e+02    1.097382e+01
    2.324348e-01    2.260503e+02    1.137932e+01
    2.354842e-01    2.291680e+02    1.180029e+01
    2.385738e-01    2.323324e+02    1.223733e+01
    2.417041e-01    2.355442e+02    1.269103e+01
    2.448755e-01    2.388045e+02    1.316202e+01
    2.480887e-01    2.421138e+02    1.365095e+01
    2.513439e-01    2.454731e+02    1.415849e+01
    2.546418e-01    2.488831e+02    1.468534e+01
    2.579828e-01    2.523449e+02    1.523222e+01
    2.613676e-01    2.558592e+02    1.579987e+01
    2.647965e-01    2.594270e+02    1.638907e+01
    2.682701e-01    2.630491e+02    1.700063e+01
    2.717889e-01    2.667266e+02    1.763536e+01
    2.753536e-01    2.704603e+02    1.829415e+01
    2.789644e-01    2.742514e+02    1.897785e+01
    2.826220e-01    2.781007e+02    1.968741e+01
    2.863271e-01    2.820093e+02    2.042376e+01
    2.900800e-01    2.859784e+02    2.118791e+01
    2.938814e-01    2.900088e+02    2.198086e+01
    2.977319e-01    2.941019e+02    2.280367e+01
    3.016319e-01    2.982586e+02    2.365746e+01
    3.055820e-01    3.024801e+02    2.454331e+01
    3.095829e-01    3.067676e+02    2.546243e+01
    3.136350e-01    3.111224e+02    2.641602e+01
    3.177391e-01    3.155456e+02    2.740533e+01
    3.218955e-01    3.200385e+02    2.843165e+01
    3.261051e-01    3.246026e+02    2.949633e+01
    3.303683e-01    3.292389e+02    3.060075e+01
    3.346858e-01    3.339489e+02    3.174633e+01
    3.390580e-01    3.387341e+02    3.293458e+01
    3.434859e-01    3.435957e+02    3.416701e+01
    3.479697e-01    3.485353e+02    3.544521e+01
    3.525103e-01    3.535543e+02    3.677081e+01
    3.571083e-01    3.586544e+02    3.814550e+01
    3.617642e-01    3.638370e+02    3.957106e+01
    3.664787e-01    3.691038e+02    4.104925e+01
    3.712524e-01    3.744563e+02    4.258197e+01
    3.760860e-01    3.798964e+02    4.417116e+01
    3.809803e-01    3.854257e+02    4.581877e+01
    3.859357e-01    3.910458e+02    4.752691e+01
    3.909530e-01    3.967589e+02    4.929768e+01
    3.960328e-01    4.025664e+02    5.113327e+01
    4.011758e-01    4.084706e+02    5.303598e+01
    4.063827e-01    4.144732e+02    5.500814e+01
    4.116542e-01    4.205763e+02    5.705217e+01
    4.169909e-01    4.267820e+02    5.917058e+01
    4.223936e-01    4.330922e+02    6.136595e+01
    4.278629e-01    4.395092e+02    6.364095e+01
    4.333995e-01    4.460353e+02    6.599832e+01
    4.390041e-01    4.526725e+02    6.844091e+01
    4.446777e-01    4.594233e+02    7.097166e+01
    4.504205e-01    4.662900e+02    7.359359e+01
    4.562336e-01    4.732751e+02    7.630982e+01
    4.621176e-01    4.803810e+02    7.912357e+01
    4.680732e-01    4.876104e+02    8.203817e+01
    4.741013e-01    4.949659e+02    8.505706e+01
    4.802024e-01    5.024500e+02    8.818377e+01
    4.863774e-01    5.100657e+02    9.142195e+01
    4.926270e-01    5.178157e+02    9.477537e+01
    4.989518e-01    5.257030e+02    9.824789e+01
    5.053530e-01    5.337306e+02    1.018435e+02
    5.118308e-01    5.419014e+02    1.055664e+02
    5.183864e-01    5.502186e+02    1.094208e+02
    5.250202e-01    5.586855e+02    1.134111e+02
    5.317333e-01    5.673053e+02    1.175418e+02
    5.385263e-01    5.760815e+02    1.218175e+02
    5.454000e-01    5.850174e+02    1.262432e+02
    5.523552e-01    5.941167e+02    1.308236e+02
    5.593927e-01    6.033831e+02    1.355639e+02
    5.665132e-01    6.128201e+02    1.404694e+02
    5.737177e-01    6.224318e+02    1.455454e+02
    5.810067e-01    6.322220e+02    1.507975e+02
    5.883812e-01    6.421948e+02    1.562316e+02
    5.958420e-01    6.523543e+02    1.618534e+02
    6.033898e-01    6.627047e+02    1.676689e+02
    6.110254e-01    6.732505e+02    1.736847e+02
    6.187497e-01    6.839961e+02    1.799069e+02
    6.265635e-01    6.949461e+02    1.863424e+02
    6.344675e-01    7.061051e+02    1.929977e+02
    6.424626e-01    7.174780e+02    1.998802e+02
    6.505497e-01    7.290698e+02    2.069968e+02
    6.587294e-01    7.408854e+02    2.143551e+02
    6.670028e-01    7.529301e+02    2.219626e+02
    6.753704e-01    7.652093e+02    2.298273e+02
    6.838333e-01    7.777283e+02    2.379572e+02
    6.923921e-01    7.904928e+02    2.463606e+02
    7.010478e-01    8.035085e+02    2.550460e+02
    7.098011e-01    8.167811e+02    2.640222e+02
    7.186528e-01    8.303170e+02    2.732983e+02
    7.276038e-01    8.441220e+02    2.828834e+02
    7.366549e-01    8.582027e+02    2.927871e+02
    7.458070e-01    8.725654e+02    3.030192e+02
    7.550608e-01    8.872168e+02    3.135896e+02
    7.644170e-01    9.021637e+02    3.245088e+02
    7.738768e-01    9.174131e+02    3.357871e+02
    7.834406e-01    9.329720e+02    3.474357e+02
    7.931094e-01    9.488478e+02    3.594654e+02
    8.028840e-01    9.650480e+02    3.718879e+02
    8.127652e-01    9.815802e+02    3.847147e+02
    8.227539e-01    9.984522e+02    3.979581e+02
    8.328506e-01    1.015672e+03    4.116301e+02
    8.430564e-01    1.033248e+03    4.257437e+02
    8.533719e-01    1.051189e+03    4.403116e+02
    8.637980e-01    1.069502e+03    4.553474e+02
    8.743354e-01    1.088198e+03    4.708644e+02
    8.849848e-01    1.107284e+03    4.868767e+02
    8.957472e-01    1.126770e+03    5.033986e+02
    9.066232e-01    1.146666e+03    5.204447e+02
    9.176135e-01    1.166982e+03    5.380302e+02
    9.287189e-01    1.187725e+03    5.561702e+02
    9.399402e-01    1.208908e+03    5.748805e+02
    9.512780e-01    1.230540e+03    5.941773e+02
    9.627331e-01    1.252632e+03    6.140769e+02
    9.743062e-01    1.275194e+03    6.345962e+02
    9.859981e-01    1.298238e+03    6.557524e+02
    9.978092e-01    1.321774e+03    6.775632e+02
    1.009740e+00    1.345814e+03    7.000464e+02
    1.021792e+00    1.370371e+03    7.232205e+02
    1.033966e+00    1.395454e+03    7.471043e+02
    1.046261e+00    1.421077e+03    7.717169e+02
    1.058679e+00    1.447253e+03    7.970779e+02
    1.071220e+00    1.473992e+03    8.232074e+02
    1.083885e+00    1.501310e+03    8.501258e+02
    1.096674e+00    1.529218e+03    8.778537e+02
    1.109588e+00    1.557731e+03    9.064125e+02
    1.122628e+00    1.586860e+03    9.358238e+02
    1.135794e+00    1.616623e+03    9.661097e+02
    1.149087e+00    1.647030e+03    9.972927e+02
    1.162506e+00    1.678098e+03    1.029396e+03
    1.176053e+00    1.709840e+03    1.062443e+03
    1.189728e+00    1.742272e+03    1.096456e+03
    1.203531e+00    1.775409e+03    1.131461e+03
    1.217464e+00    1.809266e+03    1.167481e+03
    1.231525e+00    1.843859e+03    1.204543e+03
    1.245716e+00    1.879205e+03    1.242671e+03
    1.260037e+00    1.915319e+03    1.281891e+03
    1.274489e+00    1.952217e+03    1.322230e+03
    1.289071e+00    1.989917e+03    1.363714e+03
    1.303783e+00    2.028435e+03    1.406370e+03
    1.318627e+00    2.067789e+03    1.450227e+03
    1.333603e+00    2.107997e+03    1.495311e+03
    1.348709e+00    2.149075e+03    1.541651e+03
    1.363948e+00    2.191042e+03    1.589276e+03
    1.379319e+00    2.233917e+03    1.638215e+03
    1.394821e+00    2.277718e+03    1.688498e+03
    1.410456e+00    2.322462e+03    1.740153e+03
    1.426222e+00    2.368171e+03    1.793213e+03
    1.442122e+00    2.414863e+03    1.847707e+03
    1.458153e+00    2.462557e+03    1.903665e+03
    1.474317e+00    2.511274e+03    1.961121e+03
    1.490613e+00    2.561031e+03    2.020105e+03
    1.507041e+00    2.611852e+03    2.080648e+03
    1.523602e+00    2.663756e+03    2.142784e+03
    1.540293e+00    2.716763e+03    2.206546e+03
    1.557118e+00    2.770894e+03    2.271965e+03
    1.574074e+00    2.826171e+03    2.339076e+03
    1.591162e+00    2.882613e+03    2.407911e+03
    1.608381e+00    2.940246e+03    2.478506e+03
    1.625730e+00    2.999087e+03    2.550893e+03
    1.643212e+00    3.059161e+03    2.625108e+03
    1.660824e+00    3.120490e+03    2.701184e+03
    1.678566e+00    3.183096e+03    2.779158e+03
    1.696438e+00    3.247000e+03    2.859064e+03
    1.714440e+00    3.312228e+03    2.940937e+03
    1.732572e+00    3.378800e+03    3.024814e+03
    1.750832e+00    3.446742e+03    3.110728e+03
    1.769221e+00    3.516075e+03    3.198719e+03
    1.787739e+00    3.586824e+03    3.288822e+03
    1.806386e+00    3.659015e+03    3.381071e+03
    1.825159e+00    3.732669e+03    3.475507e+03
    1.844060e+00    3.807813e+03    3.572165e+03
    1.863088e+00    3.884470e+03    3.671083e+03
    1.882242e+00    3.962666e+03    3.772298e+03
    1.901523e+00    4.042427e+03    3.875849e+03
    1.920930e+00    4.123778e+03    3.981773e+03
    1.940462e+00    4.206744e+03    4.090110e+03
    1.960121e+00    4.291354e+03    4.200899e+03
    1.979903e+00    4.377632e+03    4.314176e+03
