    3.000000e-04    2.813900e-01    4.500000e-04
    4.000000e-04    3.753200e-01    5.100000e-04
    5.000000e-04    4.692500e-01    5.700000e-04
    6.000000e-04    5.631800e-01    6.400000e-04
    7.000000e-04    6.571100e-01    7.100000e-04
    8.000000e-04    7.510400e-01    7.800000e-04
    9.000000e-04    8.451600e-01    8.500000e-04
    1.000000e-03    9.390900e-01    9.200000e-04
    1.500000e-03    1.409130e+00    1.330000e-03
    2.000000e-03    1.879370e+00    1.760000e-03
    2.500000e-03    2.349810e+00    2.220000e-03
    3.000000e-03    2.820240e+00    2.690000e-03
    3.500000e-03    3.290870e+00    3.170000e-03
    4.000000e-03    3.761310e+00    3.660000e-03
    4.500000e-03    4.232140e+00    4.160000e-03
    5.000000e-03    4.702770e+00    4.640000e-03
    5.500000e-03    5.173600e+00    5.140000e-03
    6.000000e-03    5.644430e+00    5.630000e-03
    6.500000e-03    6.115260e+00    6.110000e-03
    7.000000e-03    6.586090e+00    6.590000e-03
    7.500000e-03    7.057110e+00    7.080000e-03
    8.000000e-03    7.527940e+00    7.570000e-03
    8.500000e-03    7.998970e+00    8.040000e-03
    9.000000e-03    8.470000e+00    8.520000e-03
    9.500000e-03    8.941020e+00    9.000000e-03
    1.000000e-02    9.412050e+00    9.470000e-03
    1.200000e-02    1.130385e+01    1.159000e-02
    1.400000e-02    1.318993e+01    1.365000e-02
    1.600000e-02    1.507621e+01    1.592000e-02
    1.800000e-02    1.696288e+01    1.852000e-02
    2.000000e-02    1.884995e+01    2.155000e-02
    2.200000e-02    2.073721e+01    2.516000e-02
    2.400000e-02    2.262487e+01    2.941000e-02
    2.600000e-02    2.451292e+01    3.444000e-02
    2.800000e-02    2.640137e+01    4.034000e-02
    3.000000e-02    2.829041e+01    4.723000e-02
    3.200000e-02    3.017985e+01    5.520000e-02
    3.400000e-02    3.206987e+01    6.441000e-02
    3.600000e-02    3.396030e+01    7.483000e-02
    3.800000e-02    3.585151e+01    8.661000e-02
    4.000000e-02    3.774331e+01    9.981000e-02
    4.200000e-02    3.963590e+01    1.145200e-01
    4.400000e-02    4.152909e+01    1.308800e-01
    4.600000e-02    4.342306e+01    1.487800e-01
    4.800000e-02    4.531802e+01    1.683900e-01
    5.000000e-02    4.721357e+01    1.897000e-01
    5.200000e-02    4.911011e+01    2.127700e-01
    5.400000e-02    5.100763e+01    2.377000e-01
    5.600000e-02    5.290615e+01    2.642700e-01
    5.800000e-02    5.480564e+01    2.925400e-01
    5.900000e-02    5.566175e+01    3.050768e-01
    6.000000e-02    5.661048e+01    3.211217e-01
    6.100000e-02    5.755948e+01    3.377272e-01
    6.200000e-02    5.850875e+01    3.549009e-01
    6.300000e-02    5.945830e+01    3.726505e-01
    6.400000e-02    6.040815e+01    3.909833e-01
    6.500000e-02    6.135828e+01    4.099067e-01
    6.600000e-02    6.230871e+01    4.294279e-01
    6.700000e-02    6.325944e+01    4.495540e-01
    6.800000e-02    6.421047e+01    4.702920e-01
    6.900000e-02    6.516181e+01    4.916489e-01
    7.000000e-02    6.611347e+01    5.136314e-01
    7.100000e-02    6.706545e+01    5.362462e-01
    7.200000e-02    6.801774e+01    5.595000e-01
    7.300000e-02    6.897037e+01    5.833994e-01
    7.400000e-02    6.992333e+01    6.079507e-01
    7.500000e-02    7.087662e+01    6.331602e-01
    7.600000e-02    7.183026e+01    6.590343e-01
    7.700000e-02    7.278424e+01    6.855792e-01
    7.800000e-02    7.373857e+01    7.128009e-01
    7.900000e-02    7.469325e+01    7.407055e-01
    8.000000e-02    7.564829e+01    7.692990e-01
    8.100000e-02    7.660369e+01    7.985871e-01
    8.200000e-02    7.755946e+01    8.285758e-01
    8.300000e-02    7.851559e+01    8.592707e-01
    8.400000e-02    7.947211e+01    8.906775e-01
    8.500000e-02    8.042899e+01    9.228020e-01
    8.600000e-02    8.138627e+01    9.556495e-01
    8.700000e-02    8.234392e+01    9.892256e-01
    8.800000e-02    8.330197e+01    1.023536e+00
    8.900000e-02    8.426041e+01    1.058585e+00
    9.000000e-02    8.521925e+01    1.094380e+00
    9.100000e-02    8.617850e+01    1.130924e+00
    9.200000e-02    8.713814e+01    1.168223e+00
    9.300000e-02    8.809820e+01    1.206283e+00
    9.400000e-02    8.905867e+01    1.245109e+00
    9.500000e-02    9.001956e+01    1.284705e+00
    9.600000e-02    9.098087e+01    1.325076e+00
    9.700000e-02    9.194260e+01    1.366229e+00
    9.800000e-02    9.290476e+01    1.408167e+00
    9.900000e-02    9.386736e+01    1.450895e+00
    1.000000e-01    9.483039e+01    1.494419e+00
    1.010000e-01    9.579385e+01    1.538744e+00
    1.020000e-01    9.675776e+01    1.583873e+00
    1.030000e-01    9.772212e+01    1.629812e+00
    1.040000e-01    9.868693e+01    1.676567e+00
    1.050000e-01    9.965219e+01    1.724140e+00
    1.060000e-01    1.006179e+02    1.772538e+00
    1.070000e-01    1.015841e+02    1.821764e+00
    1.080000e-01    1.025507e+02    1.871824e+00
    1.090000e-01    1.035178e+02    1.922722e+00
    1.100000e-01    1.044854e+02    1.973870e+00
    1.110000e-01    1.054535e+02    2.025170e+00
    1.120000e-01    1.064220e+02    2.076915e+00
    1.130000e-01    1.073909e+02    2.129192e+00
    1.140000e-01    1.083604e+02    2.182050e+00
    1.150000e-01    1.093303e+02    2.235523e+00
    1.160000e-01    1.103007e+02    2.289636e+00
    1.170000e-01    1.112715e+02    2.344409e+00
    1.180000e-01    1.122428e+02    2.399859e+00
    1.190000e-01    1.132146e+02    2.456000e+00
    1.200000e-01    1.141869e+02    2.512845e+00
    1.210000e-01    1.151596e+02    2.570405e+00
    1.220000e-01    1.161328e+02    2.628691e+00
    1.230000e-01    1.171065e+02    2.687713e+00
    1.240000e-01    1.180807e+02    2.747479e+00
    1.250000e-01    1.190553e+02    2.807997e+00
    1.260000e-01    1.200305e+02    2.869277e+00
    1.270000e-01    1.210061e+02    2.931326e+00
    1.280000e-01    1.219823e+02    2.994151e+00
    1.290000e-01    1.229589e+02    3.057760e+00
    1.300000e-01    1.239360e+02    3.122158e+00
    1.310000e-01    1.249136e+02    3.187355e+00
    1.320000e-01    1.258918e+02    3.253355e+00
    1.330000e-01    1.268704e+02    3.320165e+00
    1.340000e-01    1.278495e+02    3.387793e+00
    1.350000e-01    1.288291e+02    3.456243e+00
    1.360000e-01    1.298093e+02    3.525523e+00
    1.370000e-01    1.307899e+02    3.595638e+00
    1.380000e-01    1.317711e+02    3.666595e+00
    1.390000e-01    1.327528e+02    3.738399e+00
    1.400000e-01    1.337350e+02    3.811057e+00
    1.410000e-01    1.347178e+02    3.884574e+00
    1.420000e-01    1.357010e+02    3.958956e+00
    1.430000e-01    1.366848e+02    4.034209e+00
    1.440000e-01    1.376691e+02    4.110338e+00
    1.450000e-01    1.386540e+02    4.187350e+00
    1.460000e-01    1.396393e+02    4.265250e+00
    1.470000e-01    1.406253e+02    4.344044e+00
    1.480000e-01    1.416117e+02    4.423737e+00
    1.490000e-01    1.425987e+02    4.504335e+00
    1.500000e-01    1.435863e+02    4.585844e+00
    1.510000e-01    1.445743e+02    4.668270e+00
    1.520000e-01    1.455630e+02    4.751617e+00
    1.530000e-01    1.465522e+02    4.835892e+00
    1.540000e-01    1.475419e+02    4.921100e+00
    1.550000e-01    1.485322e+02    5.007246e+00
    1.560000e-01    1.495231e+02    5.094337e+00
    1.570000e-01    1.505145e+02    5.182377e+00
    1.580000e-01    1.515065e+02    5.271373e+00
    1.590000e-01    1.524990e+02    5.361329e+00
    1.600000e-01    1.534921e+02    5.452252e+00
    1.610000e-01    1.544858e+02    5.544147e+00
    1.620000e-01    1.554801e+02    5.637019e+00
    1.630000e-01    1.564749e+02    5.730875e+00
    1.640000e-01    1.574703e+02    5.825718e+00
    1.650000e-01    1.584663e+02    5.921556e+00
    1.660000e-01    1.594629e+02    6.018393e+00
    1.670000e-01    1.604601e+02    6.116235e+00
    1.680000e-01    1.614578e+02    6.215088e+00
    1.690000e-01    1.624562e+02    6.314957e+00
    1.700000e-01    1.634551e+02    6.415847e+00
    1.710000e-01    1.644547e+02    6.517764e+00
    1.720000e-01    1.654548e+02    6.620714e+00
    1.730000e-01    1.664556e+02    6.724701e+00
    1.740000e-01    1.674569e+02    6.829733e+00
    1.750000e-01    1.684588e+02    6.935813e+00
    1.760000e-01    1.694614e+02    7.042947e+00
    1.770000e-01    1.704646e+02    7.151141e+00
    1.780000e-01    1.714684e+02    7.260401e+00
    1.790000e-01    1.724728e+02    7.370731e+00
    1.800000e-01    1.734778e+02    7.482138e+00
    1.810000e-01    1.744834e+02    7.594626e+00
    1.820000e-01    1.754897e+02    7.708201e+00
    1.830000e-01    1.764966e+02    7.822868e+00
    1.840000e-01    1.775041e+02    7.938634e+00
    1.850000e-01    1.785123e+02    8.055503e+00
    1.860000e-01    1.795211e+02    8.173480e+00
    1.870000e-01    1.805305e+02    8.292572e+00
    1.880000e-01    1.815406e+02    8.412783e+00
    1.890000e-01    1.825513e+02    8.534118e+00
    1.900000e-01    1.835626e+02    8.656584e+00
    1.910000e-01    1.845746e+02    8.780185e+00
    1.920000e-01    1.855873e+02    8.904926e+00
    1.930000e-01    1.866006e+02    9.030814e+00
    1.940000e-01    1.876146e+02    9.157853e+00
    1.950000e-01    1.886292e+02    9.286048e+00
    1.960000e-01    1.896445e+02    9.415406e+00
    1.970000e-01    1.906604e+02    9.545930e+00
    1.980000e-01    1.916770e+02    9.677626e+00
    1.990000e-01    1.926943e+02    9.810499e+00
    2.000000e-01    1.937123e+02    9.944555e+00
    2.010000e-01    1.947309e+02    1.007980e+01
    2.020000e-01    1.957502e+02    1.021624e+01
    2.030000e-01    1.967701e+02    1.035387e+01
    2.040000e-01    1.977908e+02    1.049271e+01
    2.050000e-01    1.988121e+02    1.063275e+01
    2.060000e-01    1.998342e+02    1.077401e+01
    2.070000e-01    2.008569e+02    1.091648e+01
    2.080000e-01    2.018803e+02    1.106018e+01
    2.090000e-01    2.029044e+02    1.120511e+01
    2.100000e-01    2.039292e+02    1.135127e+01
    2.110000e-01    2.049547e+02    1.149866e+01
    2.120000e-01    2.059809e+02    1.164730e+01
    2.130000e-01    2.070078e+02    1.179719e+01
    2.140000e-01    2.080354e+02    1.194832e+01
    2.150000e-01    2.090637e+02    1.210072e+01
    2.160000e-01    2.100927e+02    1.225437e+01
    2.170000e-01    2.111225e+02    1.240929e+01
    2.180000e-01    2.121529e+02    1.256548e+01
    2.190000e-01    2.131841e+02    1.272295e+01
    2.200000e-01    2.142160e+02    1.288170e+01
    2.210000e-01    2.152486e+02    1.304173e+01
    2.220000e-01    2.162820e+02    1.320304e+01
    2.230000e-01    2.173161e+02    1.336566e+01
    2.240000e-01    2.183509e+02    1.352956e+01
    2.250000e-01    2.193864e+02    1.369478e+01
    2.260000e-01    2.204227e+02    1.386129e+01
    2.270000e-01    2.214597e+02    1.402912e+01
    2.280000e-01    2.224975e+02    1.419826e+01
    2.290000e-01    2.235360e+02    1.436872e+01
    2.300000e-01    2.245753e+02    1.454050e+01
    2.310000e-01    2.256153e+02    1.471361e+01
    2.320000e-01    2.266560e+02    1.488805e+01
    2.330000e-01    2.276976e+02    1.506382e+01
    2.340000e-01    2.287398e+02    1.524093e+01
    2.350000e-01    2.297829e+02    1.541939e+01
    2.360000e-01    2.308267e+02    1.559919e+01
    2.370000e-01    2.318712e+02    1.578034e+01
    2.380000e-01    2.329166e+02    1.596285e+01
    2.390000e-01    2.339626e+02    1.614671e+01
    2.400000e-01    2.350095e+02    1.633193e+01
    2.410000e-01    2.360572e+02    1.651852e+01
    2.420000e-01    2.371056e+02    1.670647e+01
    2.430000e-01    2.381548e+02    1.689580e+01
    2.440000e-01    2.392048e+02    1.708650e+01
    2.450000e-01    2.402555e+02    1.727858e+01
    2.460000e-01    2.413071e+02    1.747204e+01
    2.470000e-01    2.423594e+02    1.766688e+01
    2.480000e-01    2.434126e+02    1.786311e+01
    2.490000e-01    2.444665e+02    1.806073e+01
    2.500000e-01    2.455212e+02    1.825975e+01
    2.510000e-01    2.465767e+02    1.846016e+01
    2.520000e-01    2.476331e+02    1.866198e+01
    2.530000e-01    2.486902e+02    1.886519e+01
    2.540000e-01    2.497481e+02    1.906981e+01
    2.550000e-01    2.508069e+02    1.927584e+01
    2.560000e-01    2.518664e+02    1.948327e+01
    2.570000e-01    2.529268e+02    1.969212e+01
    2.580000e-01    2.539880e+02    1.990239e+01
    2.590000e-01    2.550500e+02    2.011407e+01
    2.600000e-01    2.561128e+02    2.032718e+01
    2.610000e-01    2.571764e+02    2.054171e+01
    2.620000e-01    2.582409e+02    2.075766e+01
    2.630000e-01    2.593062e+02    2.097504e+01
    2.640000e-01    2.603723e+02    2.119385e+01
    2.650000e-01    2.614393e+02    2.141409e+01
    2.660000e-01    2.625071e+02    2.163576e+01
    2.670000e-01    2.635757e+02    2.185887e+01
    2.680000e-01    2.646451e+02    2.208342e+01
    2.690000e-01    2.657155e+02    2.230940e+01
    2.700000e-01    2.667866e+02    2.253683e+01
    2.710000e-01    2.678586e+02    2.276569e+01
    2.720000e-01    2.689314e+02    2.299601e+01
    2.730000e-01    2.700051e+02    2.322777e+01
    2.740000e-01    2.710797e+02    2.346097e+01
    2.750000e-01    2.721550e+02    2.369562e+01
    2.760000e-01    2.732313e+02    2.393173e+01
    2.770000e-01    2.743084e+02    2.416928e+01
    2.780000e-01    2.753864e+02    2.440829e+01
    2.790000e-01    2.764652e+02    2.464875e+01
    2.800000e-01    2.775449e+02    2.489067e+01
    2.810000e-01    2.786255e+02    2.513404e+01
    2.820000e-01    2.797069e+02    2.537887e+01
    2.830000e-01    2.807892e+02    2.562515e+01
    2.840000e-01    2.818724e+02    2.587290e+01
    2.850000e-01    2.829564e+02    2.612210e+01
    2.860000e-01    2.840413e+02    2.637276e+01
    2.870000e-01    2.851271e+02    2.662488e+01
    2.880000e-01    2.862138e+02    2.687847e+01
    2.890000e-01    2.873014e+02    2.713351e+01
    2.900000e-01    2.883898e+02    2.739002e+01
    2.910000e-01    2.894792e+02    2.764799e+01
    2.920000e-01    2.905694e+02    2.790742e+01
    2.930000e-01    2.916605e+02    2.816832e+01
    2.940000e-01    2.927525e+02    2.843068e+01
    2.950000e-01    2.938454e+02    2.869450e+01
    2.960000e-01    2.949393e+02    2.895978e+01
    2.970000e-01    2.960340e+02    2.922653e+01
    2.980000e-01    2.971296e+02    2.949474e+01
    2.990000e-01    2.982261e+02    2.976442e+01
    3.000000e-01    2.993235e+02    3.003555e+01
    3.010000e-01    3.004218e+02    3.030815e+01
    3.020000e-01    3.015210e+02    3.058221e+01
    3.030000e-01    3.026212e+02    3.085774e+01
    3.040000e-01    3.037222e+02    3.113472e+01
    3.050000e-01    3.048242e+02    3.141317e+01
    3.060000e-01    3.059270e+02    3.169308e+01
    3.070000e-01    3.070308e+02    3.197444e+01
    3.080000e-01    3.081355e+02    3.225727e+01
    3.090000e-01    3.092412e+02    3.254155e+01
    3.100000e-01    3.103477e+02    3.282729e+01
    3.110000e-01    3.114552e+02    3.311449e+01
    3.120000e-01    3.125636e+02    3.340314e+01
    3.130000e-01    3.136729e+02    3.369325e+01
    3.140000e-01    3.147832e+02    3.398481e+01
    3.150000e-01    3.158944e+02    3.427783e+01
    3.160000e-01    3.170065e+02    3.457230e+01
    3.170000e-01    3.181196e+02    3.486822e+01
    3.180000e-01    3.192336e+02    3.516558e+01
    3.190000e-01    3.203485e+02    3.546440e+01
    3.200000e-01    3.214644e+02    3.576466e+01
    3.210000e-01    3.225812e+02    3.606637e+01
    3.220000e-01    3.236989e+02    3.636952e+01
    3.230000e-01    3.248176e+02    3.667411e+01
    3.240000e-01    3.259373e+02    3.698015e+01
    3.250000e-01    3.270579e+02    3.728762e+01
    3.260000e-01    3.281794e+02    3.759653e+01
    3.270000e-01    3.293019e+02    3.790688e+01
    3.280000e-01    3.304253e+02    3.821866e+01
    3.290000e-01    3.315497e+02    3.853188e+01
    3.300000e-01    3.326751e+02    3.884652e+01
    3.310000e-01    3.338014e+02    3.916259e+01
    3.320000e-01    3.349286e+02    3.948010e+01
    3.330000e-01    3.360568e+02    3.979902e+01
    3.340000e-01    3.371860e+02    4.011937e+01
    3.350000e-01    3.383162e+02    4.044114e+01
    3.360000e-01    3.394473e+02    4.076433e+01
    3.370000e-01    3.405793e+02    4.108893e+01
    3.380000e-01    3.417123e+02    4.141495e+01
    3.390000e-01    3.428463e+02    4.174239e+01
    3.400000e-01    3.439813e+02    4.207123e+01
    3.410000e-01    3.451172e+02    4.240148e+01
    3.420000e-01    3.462541e+02    4.273313e+01
    3.430000e-01    3.473920e+02    4.306619e+01
    3.440000e-01    3.485309e+02    4.340065e+01
    3.450000e-01    3.496707e+02    4.373651e+01
    3.460000e-01    3.508115e+02    4.406225e+01
    3.470000e-01    3.519532e+02    4.436006e+01
    3.480000e-01    3.530957e+02    4.464614e+01
    3.490000e-01    3.542390e+02    4.492465e+01
    3.500000e-01    3.553832e+02    4.519757e+01
    3.510000e-01    3.565281e+02    4.546609e+01
    3.520000e-01    3.576737e+02    4.573099e+01
    3.530000e-01    3.588201e+02    4.599288e+01
    3.540000e-01    3.599673e+02    4.625219e+01
    3.550000e-01    3.611152e+02    4.650926e+01
    3.560000e-01    3.622638e+02    4.676439e+01
    3.570000e-01    3.634131e+02    4.701780e+01
    3.580000e-01    3.645631e+02    4.726970e+01
    3.590000e-01    3.657138e+02    4.752024e+01
    3.600000e-01    3.668652e+02    4.776958e+01
    3.610000e-01    3.680173e+02    4.801783e+01
    3.620000e-01    3.691701e+02    4.826512e+01
    3.630000e-01    3.703236e+02    4.851153e+01
    3.640000e-01    3.714778e+02    4.875715e+01
    3.650000e-01    3.726326e+02    4.900206e+01
    3.660000e-01    3.737881e+02    4.924634e+01
    3.670000e-01    3.749442e+02    4.949004e+01
    3.680000e-01    3.761011e+02    4.973323e+01
    3.690000e-01    3.772586e+02    4.997595e+01
    3.700000e-01    3.784167e+02    5.021826e+01
    3.710000e-01    3.795755e+02    5.046021e+01
    3.720000e-01    3.807350e+02    5.070182e+01
    3.730000e-01    3.818951e+02    5.094315e+01
    3.740000e-01    3.830558e+02    5.118422e+01
    3.750000e-01    3.842172e+02    5.142507e+01
    3.760000e-01    3.853792e+02    5.166573e+01
    3.770000e-01    3.865419e+02    5.190624e+01
    3.780000e-01    3.877052e+02    5.214661e+01
    3.790000e-01    3.888692e+02    5.238687e+01
    3.800000e-01    3.900337e+02    5.262704e+01
    3.810000e-01    3.911990e+02    5.286716e+01
    3.820000e-01    3.923648e+02    5.310723e+01
    3.830000e-01    3.935313e+02    5.334729e+01
    3.840000e-01    3.946984e+02    5.358734e+01
    3.850000e-01    3.958661e+02    5.382741e+01
    3.860000e-01    3.970344e+02    5.406752e+01
    3.870000e-01    3.982034e+02    5.430767e+01
    3.880000e-01    3.993730e+02    5.454789e+01
    3.890000e-01    4.005432e+02    5.476150e+01
    3.900000e-01    4.017139e+02    5.495558e+01
    3.910000e-01    4.028851e+02    5.514232e+01
    3.920000e-01    4.040567e+02    5.532444e+01
    3.930000e-01    4.052288e+02    5.550330e+01
    3.940000e-01    4.064014e+02    5.567967e+01
    3.950000e-01    4.075744e+02    5.585410e+01
    3.960000e-01    4.087479e+02    5.602695e+01
    3.970000e-01    4.099218e+02    5.619850e+01
    3.980000e-01    4.110961e+02    5.636898e+01
    3.990000e-01    4.122708e+02    5.653856e+01
    4.000000e-01    4.134460e+02    5.670738e+01
    4.010000e-01    4.146216e+02    5.687555e+01
    4.020000e-01    4.157976e+02    5.704318e+01
    4.030000e-01    4.169741e+02    5.721035e+01
    4.040000e-01    4.181509e+02    5.737713e+01
    4.050000e-01    4.193282e+02    5.754358e+01
    4.060000e-01    4.205058e+02    5.770977e+01
    4.070000e-01    4.216839e+02    5.787575e+01
    4.080000e-01    4.228624e+02    5.804154e+01
    4.090000e-01    4.240413e+02    5.820720e+01
    4.100000e-01    4.252206e+02    5.837276e+01
    4.110000e-01    4.264003e+02    5.853826e+01
    4.120000e-01    4.275804e+02    5.870371e+01
    4.130000e-01    4.287609e+02    5.886916e+01
    4.140000e-01    4.299418e+02    5.903462e+01
    4.150000e-01    4.311231e+02    5.920011e+01
    4.160000e-01    4.323048e+02    5.936566e+01
    4.170000e-01    4.334869e+02    5.953129e+01
    4.180000e-01    4.346694e+02    5.969701e+01
    4.190000e-01    4.358523e+02    5.986283e+01
    4.200000e-01    4.370355e+02    6.002879e+01
    4.210000e-01    4.382192e+02    6.019489e+01
    4.220000e-01    4.394033e+02    6.036114e+01
    4.230000e-01    4.405878e+02    6.052755e+01
    4.240000e-01    4.417726e+02    6.069415e+01
    4.250000e-01    4.429579e+02    6.086093e+01
    4.260000e-01    4.441436e+02    6.102792e+01
    4.270000e-01    4.453296e+02    6.119511e+01
    4.280000e-01    4.465160e+02    6.136253e+01
    4.290000e-01    4.477029e+02    6.153018e+01
    4.300000e-01    4.488901e+02    6.169806e+01
    4.310000e-01    4.500777e+02    6.186619e+01
    4.320000e-01    4.512657e+02    6.203458e+01
    4.330000e-01    4.524541e+02    6.220322e+01
    4.340000e-01    4.536429e+02    6.237214e+01
    4.350000e-01    4.548320e+02    6.254133e+01
    4.360000e-01    4.560216e+02    6.271080e+01
    4.370000e-01    4.572115e+02    6.288056e+01
    4.380000e-01    4.584019e+02    6.305061e+01
    4.390000e-01    4.595926e+02    6.322096e+01
    4.400000e-01    4.607837e+02    6.339162e+01
    4.410000e-01    4.619752e+02    6.356259e+01
    4.420000e-01    4.631671e+02    6.373388e+01
    4.430000e-01    4.643594e+02    6.390548e+01
    4.440000e-01    4.655520e+02    6.407741e+01
    4.450000e-01    4.667451e+02    6.424967e+01
    4.460000e-01    4.679385e+02    6.442226e+01
    4.470000e-01    4.691324e+02    6.459519e+01
    4.480000e-01    4.703266e+02    6.476847e+01
    4.490000e-01    4.715212e+02    6.494209e+01
    4.500000e-01    4.727162e+02    6.511606e+01
    4.510000e-01    4.739116e+02    6.529038e+01
    4.520000e-01    4.751073e+02    6.546506e+01
    4.530000e-01    4.763035e+02    6.564010e+01
    4.540000e-01    4.775000e+02    6.581550e+01
    4.550000e-01    4.786969e+02    6.599127e+01
    4.560000e-01    4.798942e+02    6.616742e+01
    4.570000e-01    4.810919e+02    6.634393e+01
    4.580000e-01    4.822900e+02    6.652082e+01
    4.590000e-01    4.834885e+02    6.669809e+01
    4.600000e-01    4.846873e+02    6.687574e+01
    4.610000e-01    4.858866e+02    6.705378e+01
    4.620000e-01    4.870862e+02    6.723221e+01
    4.630000e-01    4.882862e+02    6.741102e+01
    4.640000e-01    4.894866e+02    6.759023e+01
    4.650000e-01    4.906874e+02    6.776983e+01
    4.660000e-01    4.918886e+02    6.794982e+01
    4.670000e-01    4.930902e+02    6.813022e+01
    4.680000e-01    4.942921e+02    6.831102e+01
    4.690000e-01    4.954945e+02    6.849223e+01
    4.700000e-01    4.966972e+02    6.867383e+01
    4.710000e-01    4.979003e+02    6.885585e+01
    4.720000e-01    4.991038e+02    6.903828e+01
    4.730000e-01    5.003077e+02    6.922112e+01
    4.740000e-01    5.015119e+02    6.940438e+01
    4.750000e-01    5.027166e+02    6.958805e+01
    4.760000e-01    5.039216e+02    6.977213e+01
    4.770000e-01    5.051271e+02    6.995664e+01
    4.780000e-01    5.063329e+02    7.014157e+01
    4.790000e-01    5.075391e+02    7.032693e+01
    4.800000e-01    5.087457e+02    7.051271e+01
    4.810000e-01    5.099527e+02    7.069891e+01
    4.820000e-01    5.111600e+02    7.088555e+01
    4.830000e-01    5.123678e+02    7.107261e+01
    4.840000e-01    5.135760e+02    7.126010e+01
    4.850000e-01    5.147845e+02    7.144803e+01
    4.860000e-01    5.159934e+02    7.163640e+01
    4.870000e-01    5.172027e+02    7.182520e+01
    4.880000e-01    5.184124e+02    7.201443e+01
    4.890000e-01    5.196225e+02    7.220411e+01
    4.900000e-01    5.208330e+02    7.239423e+01
    4.910000e-01    5.220438e+02    7.258479e+01
    4.920000e-01    5.232551e+02    7.277579e+01
    4.930000e-01    5.244667e+02    7.296723e+01
    4.940000e-01    5.256787e+02    7.315913e+01
    4.950000e-01    5.268912e+02    7.335146e+01
    4.960000e-01    5.281040e+02    7.354425e+01
    4.970000e-01    5.293172e+02    7.373749e+01
    4.980000e-01    5.305308e+02    7.393118e+01
    4.990000e-01    5.317447e+02    7.412532e+01
    5.000000e-01    5.329591e+02    7.431991e+01
    5.010000e-01    5.341738e+02    7.451496e+01
    5.020000e-01    5.353890e+02    7.471046e+01
    5.030000e-01    5.366045e+02    7.490642e+01
    5.040000e-01    5.378204e+02    7.510283e+01
    5.050000e-01    5.390368e+02    7.529971e+01
    5.060000e-01    5.402535e+02    7.549704e+01
    5.070000e-01    5.414705e+02    7.569484e+01
    5.080000e-01    5.426880e+02    7.589309e+01
    5.090000e-01    5.439059e+02    7.609181e+01
    5.100000e-01    5.451242e+02    7.629100e+01
    5.110000e-01    5.463428e+02    7.649065e+01
    5.120000e-01    5.475619e+02    7.669076e+01
    5.130000e-01    5.487813e+02    7.689134e+01
    5.140000e-01    5.500011e+02    7.709239e+01
    5.150000e-01    5.512214e+02    7.729390e+01
    5.160000e-01    5.524420e+02    7.749589e+01
    5.170000e-01    5.536630e+02    7.769835e+01
    5.180000e-01    5.548844e+02    7.790127e+01
    5.190000e-01    5.561062e+02    7.810467e+01
    5.200000e-01    5.573284e+02    7.830854e+01
    5.210000e-01    5.585509e+02    7.851289e+01
    5.220000e-01    5.597739e+02    7.871771e+01
    5.230000e-01    5.609973e+02    7.892300e+01
    5.240000e-01    5.622210e+02    7.912877e+01
    5.250000e-01    5.634452e+02    7.933502e+01
    5.260000e-01    5.646697e+02    7.954174e+01
    5.270000e-01    5.658946e+02    7.974895e+01
    5.280000e-01    5.671200e+02    7.995663e+01
    5.290000e-01    5.683457e+02    8.016479e+01
    5.300000e-01    5.695718e+02    8.037343e+01
    5.310000e-01    5.707983e+02    8.058255e+01
    5.320000e-01    5.720252e+02    8.079216e+01
    5.330000e-01    5.732525e+02    8.100225e+01
    5.340000e-01    5.744802e+02    8.121282e+01
    5.350000e-01    5.757083e+02    8.142387e+01
    5.360000e-01    5.769368e+02    8.163541e+01
    5.370000e-01    5.781656e+02    8.184744e+01
    5.380000e-01    5.793949e+02    8.205995e+01
    5.390000e-01    5.806246e+02    8.227294e+01
    5.400000e-01    5.818546e+02    8.248643e+01
    5.410000e-01    5.830851e+02    8.270040e+01
    5.420000e-01    5.843160e+02    8.291486e+01
    5.430000e-01    5.855472e+02    8.312981e+01
    5.440000e-01    5.867789e+02    8.334525e+01
    5.450000e-01    5.880109e+02    8.356117e+01
    5.460000e-01    5.892433e+02    8.377759e+01
    5.470000e-01    5.904762e+02    8.399450e+01
    5.480000e-01    5.917094e+02    8.421191e+01
    5.490000e-01    5.929431e+02    8.442980e+01
    5.500000e-01    5.941771e+02    8.464819e+01
    5.510000e-01    5.954115e+02    8.486707e+01
    5.520000e-01    5.966463e+02    8.508644e+01
    5.530000e-01    5.978816e+02    8.530631e+01
    5.540000e-01    5.991172e+02    8.552668e+01
    5.550000e-01    6.003532e+02    8.574754e+01
    5.560000e-01    6.015896e+02    8.596889e+01
    5.570000e-01    6.028264e+02    8.619075e+01
    5.580000e-01    6.040636e+02    8.641309e+01
    5.590000e-01    6.053013e+02    8.663594e+01
    5.600000e-01    6.065393e+02    8.685929e+01
    5.610000e-01    6.077777e+02    8.708313e+01
    5.620000e-01    6.090165e+02    8.730747e+01
    5.630000e-01    6.102557e+02    8.753231e+01
    5.640000e-01    6.114953e+02    8.775765e+01
    5.650000e-01    6.127353e+02    8.798349e+01
    5.660000e-01    6.139757e+02    8.820984e+01
    5.670000e-01    6.152165e+02    8.843668e+01
    5.680000e-01    6.164577e+02    8.866402e+01
    5.690000e-01    6.176994e+02    8.889187e+01
    5.700000e-01    6.189414e+02    8.912022e+01
    5.710000e-01    6.201838e+02    8.934907e+01
    5.720000e-01    6.214266e+02    8.957842e+01
    5.730000e-01    6.226698e+02    8.980828e+01
    5.740000e-01    6.239134e+02    9.003864e+01
    5.750000e-01    6.251575e+02    9.026951e+01
    5.760000e-01    6.264019e+02    9.050088e+01
    5.770000e-01    6.276467e+02    9.073275e+01
    5.780000e-01    6.288919e+02    9.096513e+01
    5.790000e-01    6.301376e+02    9.119802e+01
    5.800000e-01    6.313836e+02    9.143141e+01
    5.810000e-01    6.326300e+02    9.166531e+01
    5.820000e-01    6.338769e+02    9.189971e+01
    5.830000e-01    6.351241e+02    9.213463e+01
    5.840000e-01    6.363717e+02    9.237005e+01
    5.850000e-01    6.376198e+02    9.260597e+01
    5.860000e-01    6.388682e+02    9.284241e+01
    5.870000e-01    6.401171e+02    9.307935e+01
    5.880000e-01    6.413664e+02    9.331681e+01
    5.890000e-01    6.426160e+02    9.355477e+01
    5.900000e-01    6.438661e+02    9.379324e+01
    5.910000e-01    6.451166e+02    9.403222e+01
    5.920000e-01    6.463674e+02    9.427171e+01
    5.930000e-01    6.476187e+02    9.451171e+01
    5.940000e-01    6.488704e+02    9.475222e+01
    5.950000e-01    6.501225e+02    9.499325e+01
    5.960000e-01    6.513750e+02    9.523478e+01
    5.970000e-01    6.526279e+02    9.547682e+01
    5.980000e-01    6.538812e+02    9.571938e+01
    5.990000e-01    6.551349e+02    9.596245e+01
    6.000000e-01    6.563890e+02    9.620603e+01
    6.010000e-01    6.576436e+02    9.645012e+01
    6.020000e-01    6.588985e+02    9.669473e+01
    6.030000e-01    6.601539e+02    9.693984e+01
    6.040000e-01    6.614096e+02    9.718548e+01
    6.050000e-01    6.626658e+02    9.743162e+01
    6.060000e-01    6.639223e+02    9.767828e+01
    6.070000e-01    6.651793e+02    9.792545e+01
    6.080000e-01    6.664367e+02    9.817314e+01
    6.090000e-01    6.676945e+02    9.842134e+01
    6.100000e-01    6.689526e+02    9.867005e+01
    6.110000e-01    6.702113e+02    9.891928e+01
    6.120000e-01    6.714703e+02    9.916903e+01
    6.130000e-01    6.727297e+02    9.941929e+01
    6.140000e-01    6.739895e+02    9.967006e+01
    6.150000e-01    6.752497e+02    9.992135e+01
    6.160000e-01    6.765104e+02    1.001732e+02
    6.170000e-01    6.777714e+02    1.004255e+02
    6.180000e-01    6.790329e+02    1.006783e+02
    6.190000e-01    6.802948e+02    1.009317e+02
    6.200000e-01    6.815571e+02    1.011855e+02
    6.210000e-01    6.828198e+02    1.014399e+02
    6.220000e-01    6.840829e+02    1.016948e+02
    6.230000e-01    6.853464e+02    1.019503e+02
    6.240000e-01    6.866103e+02    1.022062e+02
    6.250000e-01    6.878746e+02    1.024627e+02
    6.260000e-01    6.891394e+02    1.027196e+02
    6.270000e-01    6.904045e+02    1.029771e+02
    6.280000e-01    6.916701e+02    1.032351e+02
    6.290000e-01    6.929361e+02    1.034937e+02
    6.300000e-01    6.942025e+02    1.037527e+02
    6.310000e-01    6.954693e+02    1.040123e+02
    6.320000e-01    6.967365e+02    1.042724e+02
    6.330000e-01    6.980041e+02    1.045330e+02
    6.340000e-01    6.992721e+02    1.047941e+02
    6.350000e-01    7.005406e+02    1.050557e+02
    6.360000e-01    7.018095e+02    1.053179e+02
    6.370000e-01    7.030787e+02    1.055806e+02
    6.380000e-01    7.043484e+02    1.058438e+02
    6.390000e-01    7.056185e+02    1.061075e+02
    6.400000e-01    7.068890e+02    1.063717e+02
    6.410000e-01    7.081600e+02    1.066365e+02
    6.420000e-01    7.094313e+02    1.069018e+02
    6.430000e-01    7.107031e+02    1.071676e+02
    6.440000e-01    7.119752e+02    1.074339e+02
    6.450000e-01    7.132478e+02    1.077007e+02
    6.460000e-01    7.145208e+02    1.079681e+02
    6.470000e-01    7.157942e+02    1.082359e+02
    6.480000e-01    7.170680e+02    1.085043e+02
    6.490000e-01    7.183423e+02    1.087733e+02
    6.500000e-01    7.196169e+02    1.090427e+02
    6.510000e-01    7.208920e+02    1.093127e+02
    6.520000e-01    7.221675e+02    1.095831e+02
    6.530000e-01    7.234434e+02    1.098541e+02
    6.540000e-01    7.247197e+02    1.101257e+02
    6.550000e-01    7.259964e+02    1.103977e+02
    6.560000e-01    7.272736e+02    1.106703e+02
    6.570000e-01    7.285511e+02    1.109434e+02
    6.580000e-01    7.298291e+02    1.112170e+02
    6.590000e-01    7.311075e+02    1.114911e+02
    6.600000e-01    7.323863e+02    1.117658e+02
    6.610000e-01    7.336655e+02    1.120409e+02
    6.620000e-01    7.349452e+02    1.123166e+02
    6.630000e-01    7.362252e+02    1.125928e+02
    6.640000e-01    7.375057e+02    1.128696e+02
    6.650000e-01    7.387866e+02    1.131468e+02
    6.660000e-01    7.400679e+02    1.134246e+02
    6.670000e-01    7.413496e+02    1.137029e+02
    6.680000e-01    7.426318e+02    1.139817e+02
    6.690000e-01    7.439144e+02    1.142611e+02
    6.700000e-01    7.451973e+02    1.145410e+02
    6.710000e-01    7.464807e+02    1.148214e+02
    6.720000e-01    7.477646e+02    1.151023e+02
    6.730000e-01    7.490488e+02    1.153837e+02
    6.740000e-01    7.503335e+02    1.156657e+02
    6.750000e-01    7.516185e+02    1.159482e+02
    6.760000e-01    7.529040e+02    1.162312e+02
    6.770000e-01    7.541899e+02    1.165147e+02
    6.780000e-01    7.554763e+02    1.167987e+02
    6.790000e-01    7.567630e+02    1.170833e+02
    6.800000e-01    7.580502e+02    1.173684e+02
    6.810000e-01    7.593378e+02    1.176540e+02
    6.820000e-01    7.606258e+02    1.179401e+02
    6.830000e-01    7.619142e+02    1.182268e+02
    6.840000e-01    7.632031e+02    1.185140e+02
    6.850000e-01    7.644923e+02    1.188017e+02
    6.860000e-01    7.657820e+02    1.190899e+02
    6.870000e-01    7.670721e+02    1.193787e+02
    6.880000e-01    7.683627e+02    1.196680e+02
    6.890000e-01    7.696536e+02    1.199577e+02
    6.900000e-01    7.709450e+02    1.202481e+02
    6.910000e-01    7.722368e+02    1.205389e+02
    6.920000e-01    7.735290e+02    1.208303e+02
    6.930000e-01    7.748216e+02    1.211222e+02
    6.940000e-01    7.761147e+02    1.214146e+02
    6.950000e-01    7.774082e+02    1.217075e+02
    6.960000e-01    7.787021e+02    1.220010e+02
    6.970000e-01    7.799964e+02    1.222949e+02
    6.980000e-01    7.812912e+02    1.225894e+02
    6.990000e-01    7.825863e+02    1.228845e+02
    7.000000e-01    7.838819e+02    1.231800e+02
    7.010000e-01    7.851779e+02    1.234761e+02
    7.020000e-01    7.864744e+02    1.237727e+02
    7.030000e-01    7.877712e+02    1.240698e+02
    7.040000e-01    7.890685e+02    1.243674e+02
    7.050000e-01    7.903662e+02    1.246656e+02
    7.060000e-01    7.916643e+02    1.249642e+02
    7.070000e-01    7.929629e+02    1.252635e+02
    7.080000e-01    7.942619e+02    1.255632e+02
    7.090000e-01    7.955613e+02    1.258634e+02
    7.100000e-01    7.968611e+02    1.261642e+02
    7.110000e-01    7.981613e+02    1.264655e+02
    7.120000e-01    7.994620e+02    1.267673e+02
    7.130000e-01    8.007631e+02    1.270696e+02
    7.140000e-01    8.020646e+02    1.273725e+02
    7.150000e-01    8.033666e+02    1.276759e+02
    7.160000e-01    8.046689e+02    1.279798e+02
    7.170000e-01    8.059717e+02    1.282842e+02
    7.180000e-01    8.072750e+02    1.285892e+02
    7.190000e-01    8.085786e+02    1.288946e+02
    7.200000e-01    8.098827e+02    1.292006e+02
    7.210000e-01    8.111872e+02    1.295071e+02
    7.220000e-01    8.124921e+02    1.298142e+02
    7.230000e-01    8.137974e+02    1.301177e+02
    7.240000e-01    8.151032e+02    1.304110e+02
    7.250000e-01    8.164094e+02    1.306996e+02
    7.260000e-01    8.177159e+02    1.309851e+02
    7.270000e-01    8.190229e+02    1.312681e+02
    7.280000e-01    8.203302e+02    1.315493e+02
    7.290000e-01    8.216379e+02    1.318289e+02
    7.300000e-01    8.229460e+02    1.321071e+02
    7.310000e-01    8.242545e+02    1.323842e+02
    7.320000e-01    8.255633e+02    1.326604e+02
    7.330000e-01    8.268726e+02    1.329356e+02
    7.340000e-01    8.281822e+02    1.332101e+02
    7.350000e-01    8.294922e+02    1.334840e+02
    7.360000e-01    8.308025e+02    1.337572e+02
    7.370000e-01    8.321133e+02    1.340300e+02
    7.380000e-01    8.334244e+02    1.343023e+02
    7.390000e-01    8.347358e+02    1.345741e+02
    7.400000e-01    8.360477e+02    1.348457e+02
    7.410000e-01    8.373599e+02    1.351169e+02
    7.420000e-01    8.386724e+02    1.353879e+02
    7.430000e-01    8.399854e+02    1.356586e+02
    7.440000e-01    8.412987e+02    1.359291e+02
    7.450000e-01    8.426123e+02    1.361995e+02
    7.460000e-01    8.439263e+02    1.364697e+02
    7.470000e-01    8.452407e+02    1.367398e+02
    7.480000e-01    8.465555e+02    1.370098e+02
    7.490000e-01    8.478706e+02    1.372798e+02
    7.500000e-01    8.491861e+02    1.375497e+02
    7.510000e-01    8.505019e+02    1.378195e+02
    7.520000e-01    8.518181e+02    1.380894e+02
    7.530000e-01    8.531346e+02    1.383593e+02
    7.540000e-01    8.544515e+02    1.386292e+02
    7.550000e-01    8.557688e+02    1.388991e+02
    7.560000e-01    8.570864e+02    1.391692e+02
    7.570000e-01    8.584044e+02    1.394392e+02
    7.580000e-01    8.597227e+02    1.397094e+02
    7.590000e-01    8.610414e+02    1.399797e+02
    7.600000e-01    8.623604e+02    1.402500e+02
    7.610000e-01    8.636798e+02    1.405205e+02
    7.620000e-01    8.649996e+02    1.407912e+02
    7.630000e-01    8.663197e+02    1.410619e+02
    7.640000e-01    8.676402e+02    1.413329e+02
    7.650000e-01    8.689610e+02    1.416040e+02
    7.660000e-01    8.702822e+02    1.418752e+02
    7.670000e-01    8.716037e+02    1.421467e+02
    7.680000e-01    8.729256e+02    1.424183e+02
    7.690000e-01    8.742478e+02    1.426901e+02
    7.700000e-01    8.755704e+02    1.429622e+02
    7.710000e-01    8.768934e+02    1.432344e+02
    7.720000e-01    8.782167e+02    1.435069e+02
    7.730000e-01    8.795403e+02    1.437796e+02
    7.740000e-01    8.808643e+02    1.440525e+02
    7.750000e-01    8.821887e+02    1.443257e+02
    7.760000e-01    8.835134e+02    1.445991e+02
    7.770000e-01    8.848385e+02    1.448728e+02
    7.780000e-01    8.861639e+02    1.451467e+02
    7.790000e-01    8.874897e+02    1.454209e+02
    7.800000e-01    8.888158e+02    1.456954e+02
    7.810000e-01    8.901422e+02    1.459701e+02
    7.820000e-01    8.914691e+02    1.462452e+02
    7.830000e-01    8.927963e+02    1.465205e+02
    7.840000e-01    8.941238e+02    1.467961e+02
    7.850000e-01    8.954517e+02    1.470720e+02
    7.860000e-01    8.967799e+02    1.473482e+02
    7.870000e-01    8.981085e+02    1.476247e+02
    7.880000e-01    8.994374e+02    1.479015e+02
    7.890000e-01    9.007667e+02    1.481787e+02
    7.900000e-01    9.020963e+02    1.484561e+02
    7.910000e-01    9.034263e+02    1.487339e+02
    7.920000e-01    9.047567e+02    1.490120e+02
    7.930000e-01    9.060874e+02    1.492905e+02
    7.940000e-01    9.074184e+02    1.495692e+02
    7.950000e-01    9.087498e+02    1.498484e+02
    7.960000e-01    9.100815e+02    1.501278e+02
    7.970000e-01    9.114136e+02    1.504076e+02
    7.980000e-01    9.127461e+02    1.506878e+02
    7.990000e-01    9.140789e+02    1.509683e+02
    8.000000e-01    9.154120e+02    1.512491e+02
    8.010000e-01    9.167455e+02    1.515304e+02
    8.020000e-01    9.180794e+02    1.518120e+02
    8.030000e-01    9.194136e+02    1.520939e+02
    8.040000e-01    9.207481e+02    1.523762e+02
    8.050000e-01    9.220831e+02    1.526589e+02
    8.060000e-01    9.234183e+02    1.529420e+02
    8.070000e-01    9.247539e+02    1.532254e+02
    8.080000e-01    9.260899e+02    1.535093e+02
    8.090000e-01    9.274262e+02    1.537935e+02
    8.100000e-01    9.287629e+02    1.540781e+02
    8.110000e-01    9.300999e+02    1.543630e+02
    8.120000e-01    9.314372e+02    1.546484e+02
    8.130000e-01    9.327750e+02    1.549342e+02
    8.140000e-01    9.341130e+02    1.552203e+02
    8.150000e-01    9.354515e+02    1.555069e+02
    8.160000e-01    9.367902e+02    1.557939e+02
    8.170000e-01    9.381294e+02    1.560812e+02
    8.180000e-01    9.394688e+02    1.563690e+02
    8.190000e-01    9.408087e+02    1.566572e+02
    8.200000e-01    9.421489e+02    1.569458e+02
    8.210000e-01    9.434894e+02    1.572348e+02
    8.220000e-01    9.448303e+02    1.575242e+02
    8.230000e-01    9.461715e+02    1.578140e+02
    8.240000e-01    9.475131e+02    1.581043e+02
    8.250000e-01    9.488551e+02    1.583950e+02
    8.260000e-01    9.501974e+02    1.586861e+02
    8.270000e-01    9.515400e+02    1.589776e+02
    8.280000e-01    9.528830e+02    1.592695e+02
    8.290000e-01    9.542264e+02    1.595619e+02
    8.300000e-01    9.555701e+02    1.598547e+02
    8.310000e-01    9.569141e+02    1.601480e+02
    8.320000e-01    9.582586e+02    1.604416e+02
    8.330000e-01    9.596033e+02    1.607357e+02
    8.340000e-01    9.609484e+02    1.610303e+02
    8.350000e-01    9.622939e+02    1.613253e+02
    8.360000e-01    9.636397e+02    1.616207e+02
    8.370000e-01    9.649859e+02    1.619166e+02
    8.380000e-01    9.663325e+02    1.622129e+02
    8.390000e-01    9.676794e+02    1.625097e+02
    8.400000e-01    9.690266e+02    1.628069e+02
    8.410000e-01    9.703742e+02    1.631046e+02
    8.420000e-01    9.717221e+02    1.634027e+02
    8.430000e-01    9.730705e+02    1.637013e+02
    8.440000e-01    9.744191e+02    1.640003e+02
    8.450000e-01    9.757681e+02    1.642998e+02
    8.460000e-01    9.771175e+02    1.645997e+02
    8.470000e-01    9.784672e+02    1.649001e+02
    8.480000e-01    9.798173e+02    1.652010e+02
    8.490000e-01    9.811677e+02    1.655023e+02
    8.500000e-01    9.825185e+02    1.658041e+02
    8.510000e-01    9.838697e+02    1.661063e+02
    8.520000e-01    9.852212e+02    1.664090e+02
    8.530000e-01    9.865730e+02    1.667122e+02
    8.540000e-01    9.879252e+02    1.670159e+02
    8.550000e-01    9.892778e+02    1.673200e+02
    8.560000e-01    9.906307e+02    1.676246e+02
    8.570000e-01    9.919840e+02    1.679297e+02
    8.580000e-01    9.933377e+02    1.682352e+02
    8.590000e-01    9.946916e+02    1.685412e+02
    8.600000e-01    9.960460e+02    1.688477e+02
    8.610000e-01    9.974007e+02    1.691547e+02
    8.620000e-01    9.987558e+02    1.694622e+02
    8.630000e-01    1.000111e+03    1.697701e+02
    8.640000e-01    1.001467e+03    1.700785e+02
    8.650000e-01    1.002823e+03    1.703874e+02
    8.660000e-01    1.004180e+03    1.706968e+02
    8.670000e-01    1.005536e+03    1.710067e+02
    8.680000e-01    1.006894e+03    1.713171e+02
    8.690000e-01    1.008251e+03    1.716279e+02
    8.700000e-01    1.009609e+03    1.719392e+02
    8.710000e-01    1.010967e+03    1.722511e+02
    8.720000e-01    1.012326e+03    1.725634e+02
    8.730000e-01    1.013685e+03    1.728762e+02
    8.740000e-01    1.015044e+03    1.731895e+02
    8.750000e-01    1.016404e+03    1.735033e+02
    8.760000e-01    1.017764e+03    1.738176e+02
    8.770000e-01    1.019125e+03    1.741324e+02
    8.780000e-01    1.020485e+03    1.744477e+02
    8.790000e-01    1.021847e+03    1.747635e+02
    8.800000e-01    1.023208e+03    1.750797e+02
    8.810000e-01    1.024570e+03    1.753965e+02
    8.820000e-01    1.025932e+03    1.757138e+02
    8.830000e-01    1.027295e+03    1.760316e+02
    8.840000e-01    1.028658e+03    1.763499e+02
    8.850000e-01    1.030021e+03    1.766687e+02
    8.860000e-01    1.031385e+03    1.769880e+02
    8.870000e-01    1.032749e+03    1.773078e+02
    8.880000e-01    1.034113e+03    1.776282e+02
    8.890000e-01    1.035478e+03    1.779490e+02
    8.900000e-01    1.036843e+03    1.782703e+02
    8.910000e-01    1.038208e+03    1.785922e+02
    8.920000e-01    1.039574e+03    1.789145e+02
    8.930000e-01    1.040941e+03    1.792374e+02
    8.940000e-01    1.042307e+03    1.795608e+02
    8.950000e-01    1.043674e+03    1.798847e+02
    8.960000e-01    1.045041e+03    1.802091e+02
    8.970000e-01    1.046409e+03    1.805340e+02
    8.980000e-01    1.047777e+03    1.808595e+02
    8.990000e-01    1.049145e+03    1.811854e+02
    9.000000e-01    1.050514e+03    1.815119e+02
    9.010000e-01    1.051883e+03    1.818389e+02
    9.020000e-01    1.053253e+03    1.821665e+02
    9.030000e-01    1.054622e+03    1.824945e+02
    9.040000e-01    1.055993e+03    1.828231e+02
    9.050000e-01    1.057363e+03    1.831521e+02
    9.060000e-01    1.058734e+03    1.834817e+02
    9.070000e-01    1.060105e+03    1.838119e+02
    9.080000e-01    1.061477e+03    1.841425e+02
    9.090000e-01    1.062849e+03    1.844737e+02
    9.100000e-01    1.064221e+03    1.848054e+02
    9.110000e-01    1.065594e+03    1.851377e+02
    9.120000e-01    1.066967e+03    1.854704e+02
    9.130000e-01    1.068341e+03    1.858037e+02
    9.140000e-01    1.069715e+03    1.861375e+02
    9.150000e-01    1.071089e+03    1.864719e+02
    9.160000e-01    1.072463e+03    1.868068e+02
    9.170000e-01    1.073838e+03    1.871422e+02
    9.180000e-01    1.075214e+03    1.874781e+02
    9.190000e-01    1.076589e+03    1.878146e+02
    9.200000e-01    1.077965e+03    1.881516e+02
    9.210000e-01    1.079342e+03    1.884891e+02
    9.220000e-01    1.080718e+03    1.888272e+02
    9.230000e-01    1.082096e+03    1.891658e+02
    9.240000e-01    1.083473e+03    1.895050e+02
    9.250000e-01    1.084851e+03    1.898446e+02
    9.260000e-01    1.086229e+03    1.901849e+02
    9.270000e-01    1.087608e+03    1.905256e+02
    9.280000e-01    1.088987e+03    1.908669e+02
    9.290000e-01    1.090366e+03    1.912088e+02
    9.300000e-01    1.091746e+03    1.915511e+02
    9.310000e-01    1.093126e+03    1.918940e+02
    9.320000e-01    1.094506e+03    1.922375e+02
    9.330000e-01    1.095887e+03    1.925815e+02
    9.340000e-01    1.097268e+03    1.929260e+02
    9.350000e-01    1.098650e+03    1.932711e+02
    9.360000e-01    1.100032e+03    1.936168e+02
    9.370000e-01    1.101414e+03    1.939629e+02
    9.380000e-01    1.102797e+03    1.943096e+02
    9.390000e-01    1.104180e+03    1.946569e+02
    9.400000e-01    1.105563e+03    1.950047e+02
    9.410000e-01    1.106947e+03    1.953531e+02
    9.420000e-01    1.108331e+03    1.957020e+02
    9.430000e-01    1.109716e+03    1.960514e+02
    9.440000e-01    1.111100e+03    1.964014e+02
    9.450000e-01    1.112486e+03    1.967519e+02
    9.460000e-01    1.113871e+03    1.971030e+02
    9.470000e-01    1.115257e+03    1.974547e+02
    9.480000e-01    1.116644e+03    1.978069e+02
    9.490000e-01    1.118030e+03    1.981596e+02
    9.500000e-01    1.119417e+03    1.985129e+02
    9.510000e-01    1.120805e+03    1.988668e+02
    9.520000e-01    1.122193e+03    1.992212e+02
    9.530000e-01    1.123581e+03    1.995761e+02
    9.540000e-01    1.124970e+03    1.999316e+02
    9.550000e-01    1.126359e+03    2.002877e+02
    9.560000e-01    1.127748e+03    2.006443e+02
    9.570000e-01    1.129138e+03    2.010015e+02
    9.580000e-01    1.130528e+03    2.013592e+02
    9.590000e-01    1.131918e+03    2.017175e+02
    9.600000e-01    1.133309e+03    2.020763e+02
    9.610000e-01    1.134700e+03    2.024357e+02
    9.620000e-01    1.136092e+03    2.027956e+02
    9.630000e-01    1.137484e+03    2.031561e+02
    9.640000e-01    1.138876e+03    2.035172e+02
    9.650000e-01    1.140269e+03    2.038788e+02
    9.660000e-01    1.141662e+03    2.042410e+02
    9.670000e-01    1.143055e+03    2.046038e+02
    9.680000e-01    1.144449e+03    2.049671e+02
    9.690000e-01    1.145843e+03    2.053309e+02
    9.700000e-01    1.147238e+03    2.056953e+02
    9.710000e-01    1.148633e+03    2.060603e+02
    9.720000e-01    1.150028e+03    2.064259e+02
    9.730000e-01    1.151424e+03    2.067920e+02
    9.740000e-01    1.152820e+03    2.071587e+02
    9.750000e-01    1.154217e+03    2.075259e+02
    9.760000e-01    1.155613e+03    2.078937e+02
    9.770000e-01    1.157011e+03    2.082620e+02
    9.780000e-01    1.158408e+03    2.086310e+02
    9.790000e-01    1.159806e+03    2.090005e+02
    9.800000e-01    1.161205e+03    2.093705e+02
    9.810000e-01    1.162603e+03    2.097411e+02
    9.820000e-01    1.164003e+03    2.101123e+02
    9.830000e-01    1.165402e+03    2.104841e+02
    9.840000e-01    1.166802e+03    2.108564e+02
    9.850000e-01    1.168202e+03    2.112293e+02
    9.860000e-01    1.169603e+03    2.116027e+02
    9.870000e-01    1.171004e+03    2.119767e+02
    9.880000e-01    1.172405e+03    2.123513e+02
    9.890000e-01    1.173807e+03    2.127265e+02
    9.900000e-01    1.175209e+03    2.131022e+02
    9.910000e-01    1.176612e+03    2.134785e+02
    9.920000e-01    1.178014e+03    2.138554e+02
    9.930000e-01    1.179418e+03    2.142328e+02
    9.940000e-01    1.180821e+03    2.146108e+02
    9.950000e-01    1.182225e+03    2.149894e+02
    9.960000e-01    1.183630e+03    2.153685e+02
    9.970000e-01    1.185035e+03    2.157482e+02
    9.980000e-01    1.186440e+03    2.161285e+02
    9.990000e-01    1.187845e+03    2.165094e+02
    1.000000e+00    1.189251e+03    2.168908e+02
    1.001000e+00    1.190658e+03    2.172728e+02
    1.002000e+00    1.192064e+03    2.176554e+02
    1.003000e+00    1.193472e+03    2.180385e+02
    1.004000e+00    1.194879e+03    2.184223e+02
    1.005000e+00    1.196287e+03    2.188065e+02
    1.006000e+00    1.197695e+03    2.191914e+02
    1.007000e+00    1.199104e+03    2.195769e+02
    1.008000e+00    1.200513e+03    2.199629e+02
    1.009000e+00    1.201922e+03    2.203495e+02
    1.010000e+00    1.203332e+03    2.207366e+02
    1.011000e+00    1.204742e+03    2.211244e+02
    1.012000e+00    1.206153e+03    2.215127e+02
    1.013000e+00    1.207564e+03    2.219016e+02
    1.014000e+00    1.208975e+03    2.222911e+02
    1.015000e+00    1.210387e+03    2.226811e+02
    1.016000e+00    1.211799e+03    2.230717e+02
    1.017000e+00    1.213211e+03    2.234629e+02
    1.018000e+00    1.214624e+03    2.238547e+02
    1.019000e+00    1.216037e+03    2.242471e+02
    1.020000e+00    1.217451e+03    2.246400e+02
    1.021000e+00    1.218865e+03    2.250335e+02
    1.022000e+00    1.220279e+03    2.254276e+02
    1.023000e+00    1.221694e+03    2.258223e+02
    1.024000e+00    1.223109e+03    2.262175e+02
    1.025000e+00    1.224525e+03    2.266134e+02
    1.026000e+00    1.225941e+03    2.270098e+02
    1.027000e+00    1.227357e+03    2.274068e+02
    1.028000e+00    1.228774e+03    2.278043e+02
    1.029000e+00    1.230191e+03    2.282025e+02
    1.030000e+00    1.231608e+03    2.286012e+02
    1.031000e+00    1.233026e+03    2.290005e+02
    1.032000e+00    1.234444e+03    2.294004e+02
    1.033000e+00    1.235863e+03    2.298009e+02
    1.034000e+00    1.237282e+03    2.302019e+02
    1.035000e+00    1.238702e+03    2.306035e+02
    1.036000e+00    1.240121e+03    2.310057e+02
    1.037000e+00    1.241542e+03    2.314085e+02
    1.038000e+00    1.242962e+03    2.318119e+02
    1.039000e+00    1.244383e+03    2.322159e+02
    1.040000e+00    1.245804e+03    2.326204e+02
    1.041000e+00    1.247226e+03    2.330255e+02
    1.042000e+00    1.248648e+03    2.334312e+02
    1.043000e+00    1.250071e+03    2.338375e+02
    1.044000e+00    1.251494e+03    2.342444e+02
    1.045000e+00    1.252917e+03    2.346519e+02
    1.046000e+00    1.254341e+03    2.350599e+02
    1.047000e+00    1.255765e+03    2.354685e+02
    1.048000e+00    1.257189e+03    2.358777e+02
    1.049000e+00    1.258614e+03    2.362875e+02
    1.050000e+00    1.260040e+03    2.366979e+02
    1.051000e+00    1.261465e+03    2.371089e+02
    1.052000e+00    1.262891e+03    2.375204e+02
    1.053000e+00    1.264318e+03    2.379325e+02
    1.054000e+00    1.265745e+03    2.383453e+02
    1.055000e+00    1.267172e+03    2.387586e+02
    1.056000e+00    1.268599e+03    2.391724e+02
    1.057000e+00    1.270027e+03    2.395869e+02
    1.058000e+00    1.271456e+03    2.400020e+02
    1.059000e+00    1.272885e+03    2.404176e+02
    1.060000e+00    1.274314e+03    2.408338e+02
    1.061000e+00    1.275743e+03    2.412506e+02
    1.062000e+00    1.277173e+03    2.416680e+02
    1.063000e+00    1.278604e+03    2.420860e+02
    1.064000e+00    1.280035e+03    2.425046e+02
    1.065000e+00    1.281466e+03    2.429238e+02
    1.066000e+00    1.282897e+03    2.433435e+02
    1.067000e+00    1.284329e+03    2.437638e+02
    1.068000e+00    1.285762e+03    2.441847e+02
    1.069000e+00    1.287194e+03    2.446062e+02
    1.070000e+00    1.288627e+03    2.450283e+02
    1.071000e+00    1.290061e+03    2.454510e+02
    1.072000e+00    1.291495e+03    2.458743e+02
    1.073000e+00    1.292929e+03    2.462981e+02
    1.074000e+00    1.294364e+03    2.467226e+02
    1.075000e+00    1.295799e+03    2.471476e+02
    1.076000e+00    1.297234e+03    2.475732e+02
    1.077000e+00    1.298670e+03    2.479994e+02
    1.078000e+00    1.300107e+03    2.484262e+02
    1.079000e+00    1.301543e+03    2.488536e+02
    1.080000e+00    1.302980e+03    2.492816e+02
    1.081000e+00    1.304418e+03    2.497101e+02
    1.082000e+00    1.305856e+03    2.501393e+02
    1.083000e+00    1.307294e+03    2.505690e+02
    1.084000e+00    1.308733e+03    2.509993e+02
    1.085000e+00    1.310172e+03    2.514302e+02
    1.086000e+00    1.311611e+03    2.518617e+02
    1.087000e+00    1.313051e+03    2.522938e+02
    1.088000e+00    1.314491e+03    2.527265e+02
    1.089000e+00    1.315932e+03    2.531598e+02
    1.090000e+00    1.317373e+03    2.535936e+02
    1.091000e+00    1.318814e+03    2.540281e+02
    1.092000e+00    1.320256e+03    2.544631e+02
    1.093000e+00    1.321699e+03    2.548987e+02
    1.094000e+00    1.323141e+03    2.553349e+02
    1.095000e+00    1.324584e+03    2.557717e+02
    1.096000e+00    1.326028e+03    2.562091e+02
    1.097000e+00    1.327472e+03    2.566471e+02
    1.098000e+00    1.328916e+03    2.570857e+02
    1.099000e+00    1.330360e+03    2.575248e+02
    1.100000e+00    1.331805e+03    2.579646e+02
    1.101000e+00    1.333251e+03    2.584049e+02
    1.102000e+00    1.334697e+03    2.588458e+02
    1.103000e+00    1.336143e+03    2.592874e+02
    1.104000e+00    1.337590e+03    2.597295e+02
    1.105000e+00    1.339037e+03    2.601722e+02
    1.106000e+00    1.340484e+03    2.606155e+02
    1.107000e+00    1.341932e+03    2.610593e+02
    1.108000e+00    1.343380e+03    2.615038e+02
    1.109000e+00    1.344829e+03    2.619489e+02
    1.110000e+00    1.346278e+03    2.623945e+02
    1.111000e+00    1.347727e+03    2.628407e+02
    1.112000e+00    1.349177e+03    2.632876e+02
    1.113000e+00    1.350628e+03    2.637350e+02
    1.114000e+00    1.352078e+03    2.641830e+02
    1.115000e+00    1.353529e+03    2.646316e+02
    1.116000e+00    1.354981e+03    2.650808e+02
    1.117000e+00    1.356433e+03    2.655305e+02
    1.118000e+00    1.357885e+03    2.659809e+02
    1.119000e+00    1.359338e+03    2.664319e+02
    1.120000e+00    1.360791e+03    2.668834e+02
    1.121000e+00    1.362244e+03    2.673355e+02
    1.122000e+00    1.363698e+03    2.677883e+02
    1.123000e+00    1.365152e+03    2.682416e+02
    1.124000e+00    1.366607e+03    2.686955e+02
    1.125000e+00    1.368062e+03    2.691500e+02
    1.126000e+00    1.369518e+03    2.696051e+02
    1.127000e+00    1.370974e+03    2.700607e+02
    1.128000e+00    1.372430e+03    2.705170e+02
    1.129000e+00    1.373887e+03    2.709739e+02
    1.130000e+00    1.375344e+03    2.714313e+02
    1.131000e+00    1.376801e+03    2.718893e+02
    1.132000e+00    1.378259e+03    2.723480e+02
    1.133000e+00    1.379717e+03    2.728072e+02
    1.134000e+00    1.381176e+03    2.732670e+02
    1.135000e+00    1.382635e+03    2.737274e+02
    1.136000e+00    1.384095e+03    2.741884e+02
    1.137000e+00    1.385555e+03    2.746500e+02
    1.138000e+00    1.387015e+03    2.751121e+02
    1.139000e+00    1.388476e+03    2.755749e+02
    1.140000e+00    1.389937e+03    2.760382e+02
    1.141000e+00    1.391399e+03    2.765022e+02
    1.142000e+00    1.392861e+03    2.769667e+02
    1.143000e+00    1.394323e+03    2.774318e+02
    1.144000e+00    1.395786e+03    2.778975e+02
    1.145000e+00    1.397249e+03    2.783638e+02
    1.146000e+00    1.398713e+03    2.788307e+02
    1.147000e+00    1.400177e+03    2.792981e+02
    1.148000e+00    1.401641e+03    2.797662e+02
    1.149000e+00    1.403106e+03    2.802349e+02
    1.150000e+00    1.404571e+03    2.807041e+02
    1.151000e+00    1.406037e+03    2.811739e+02
    1.152000e+00    1.407503e+03    2.816443e+02
    1.153000e+00    1.408970e+03    2.821153e+02
    1.154000e+00    1.410436e+03    2.825869e+02
    1.155000e+00    1.411904e+03    2.830591e+02
    1.156000e+00    1.413371e+03    2.835319e+02
    1.157000e+00    1.414840e+03    2.840053e+02
    1.158000e+00    1.416308e+03    2.844792e+02
    1.159000e+00    1.417777e+03    2.849538e+02
    1.160000e+00    1.419246e+03    2.854289e+02
    1.161000e+00    1.420716e+03    2.859046e+02
    1.162000e+00    1.422186e+03    2.863809e+02
    1.163000e+00    1.423657e+03    2.868578e+02
    1.164000e+00    1.425128e+03    2.873353e+02
    1.165000e+00    1.426599e+03    2.878134e+02
    1.166000e+00    1.428071e+03    2.882920e+02
    1.167000e+00    1.429543e+03    2.887713e+02
    1.168000e+00    1.431016e+03    2.892511e+02
    1.169000e+00    1.432489e+03    2.897315e+02
    1.170000e+00    1.433962e+03    2.902125e+02
    1.171000e+00    1.435436e+03    2.906941e+02
    1.172000e+00    1.436910e+03    2.911763e+02
    1.173000e+00    1.438385e+03    2.916591e+02
    1.174000e+00    1.439860e+03    2.921424e+02
    1.175000e+00    1.441336e+03    2.926264e+02
    1.176000e+00    1.442812e+03    2.931109e+02
    1.177000e+00    1.444288e+03    2.935961e+02
    1.178000e+00    1.445765e+03    2.940818e+02
    1.179000e+00    1.447242e+03    2.945681e+02
    1.180000e+00    1.448719e+03    2.950549e+02
    1.181000e+00    1.450197e+03    2.955424e+02
    1.182000e+00    1.451676e+03    2.960305e+02
    1.183000e+00    1.453155e+03    2.965191e+02
    1.184000e+00    1.454634e+03    2.970083e+02
    1.185000e+00    1.456114e+03    2.974982e+02
    1.186000e+00    1.457594e+03    2.979886e+02
    1.187000e+00    1.459074e+03    2.984796e+02
    1.188000e+00    1.460555e+03    2.989711e+02
    1.189000e+00    1.462036e+03    2.994633e+02
    1.190000e+00    1.463518e+03    2.999560e+02
    1.191000e+00    1.465000e+03    3.004494e+02
    1.192000e+00    1.466483e+03    3.009433e+02
    1.193000e+00    1.467965e+03    3.014378e+02
    1.194000e+00    1.469449e+03    3.019329e+02
    1.195000e+00    1.470933e+03    3.024285e+02
    1.196000e+00    1.472417e+03    3.029248e+02
    1.197000e+00    1.473901e+03    3.034216e+02
    1.198000e+00    1.475386e+03    3.039191e+02
    1.199000e+00    1.476872e+03    3.044171e+02
    1.200000e+00    1.478358e+03    3.049157e+02
    1.201000e+00    1.479844e+03    3.054149e+02
    1.202000e+00    1.481331e+03    3.059146e+02
    1.203000e+00    1.482818e+03    3.064150e+02
    1.204000e+00    1.484305e+03    3.069159e+02
    1.205000e+00    1.485793e+03    3.074174e+02
    1.206000e+00    1.487282e+03    3.079195e+02
    1.207000e+00    1.488770e+03    3.084222e+02
    1.208000e+00    1.490260e+03    3.089255e+02
    1.209000e+00    1.491749e+03    3.094293e+02
    1.210000e+00    1.493239e+03    3.099337e+02
    1.211000e+00    1.494730e+03    3.104387e+02
    1.212000e+00    1.496220e+03    3.109443e+02
    1.213000e+00    1.497712e+03    3.114505e+02
    1.214000e+00    1.499203e+03    3.119573e+02
    1.215000e+00    1.500696e+03    3.124646e+02
    1.216000e+00    1.502188e+03    3.129726e+02
    1.217000e+00    1.503681e+03    3.134811e+02
    1.218000e+00    1.505174e+03    3.139901e+02
    1.219000e+00    1.506668e+03    3.144998e+02
    1.220000e+00    1.508162e+03    3.150101e+02
    1.221000e+00    1.509657e+03    3.155209e+02
    1.222000e+00    1.511152e+03    3.160323e+02
    1.223000e+00    1.512647e+03    3.165443e+02
    1.224000e+00    1.514143e+03    3.170569e+02
    1.225000e+00    1.515640e+03    3.175700e+02
    1.226000e+00    1.517136e+03    3.180838e+02
    1.227000e+00    1.518633e+03    3.185981e+02
    1.228000e+00    1.520131e+03    3.191130e+02
    1.229000e+00    1.521629e+03    3.196285e+02
    1.230000e+00    1.523127e+03    3.201445e+02
    1.231000e+00    1.524626e+03    3.206611e+02
    1.232000e+00    1.526125e+03    3.211784e+02
    1.233000e+00    1.527625e+03    3.216961e+02
    1.234000e+00    1.529125e+03    3.222145e+02
    1.235000e+00    1.530626e+03    3.227335e+02
    1.236000e+00    1.532126e+03    3.232530e+02
    1.237000e+00    1.533628e+03    3.237731e+02
    1.238000e+00    1.535129e+03    3.242938e+02
    1.239000e+00    1.536632e+03    3.248150e+02
    1.240000e+00    1.538134e+03    3.253369e+02
    1.241000e+00    1.539637e+03    3.258593e+02
    1.242000e+00    1.541141e+03    3.263823e+02
    1.243000e+00    1.542645e+03    3.269059e+02
    1.244000e+00    1.544149e+03    3.274300e+02
    1.245000e+00    1.545654e+03    3.279547e+02
    1.246000e+00    1.547159e+03    3.284800e+02
    1.247000e+00    1.548664e+03    3.290059e+02
    1.248000e+00    1.550170e+03    3.295324e+02
    1.249000e+00    1.551677e+03    3.300594e+02
    1.250000e+00    1.553183e+03    3.305870e+02
    1.251000e+00    1.554691e+03    3.311152e+02
    1.252000e+00    1.556198e+03    3.316439e+02
    1.253000e+00    1.557706e+03    3.321732e+02
    1.254000e+00    1.559215e+03    3.327032e+02
    1.255000e+00    1.560724e+03    3.332336e+02
    1.256000e+00    1.562233e+03    3.337647e+02
    1.257000e+00    1.563743e+03    3.342963e+02
    1.258000e+00    1.565253e+03    3.348285e+02
    1.259000e+00    1.566764e+03    3.353613e+02
    1.260000e+00    1.568275e+03    3.358946e+02
    1.261000e+00    1.569786e+03    3.364286e+02
    1.262000e+00    1.571298e+03    3.369631e+02
    1.263000e+00    1.572810e+03    3.374981e+02
    1.264000e+00    1.574323e+03    3.380338e+02
    1.265000e+00    1.575836e+03    3.385700e+02
    1.266000e+00    1.577350e+03    3.391068e+02
    1.267000e+00    1.578864e+03    3.396441e+02
    1.268000e+00    1.580378e+03    3.401820e+02
    1.269000e+00    1.581893e+03    3.407205e+02
    1.270000e+00    1.583408e+03    3.412596e+02
    1.271000e+00    1.584924e+03    3.417992e+02
    1.272000e+00    1.586440e+03    3.423395e+02
    1.273000e+00    1.587957e+03    3.428802e+02
    1.274000e+00    1.589474e+03    3.434216e+02
    1.275000e+00    1.590991e+03    3.439635e+02
    1.276000e+00    1.592509e+03    3.445060e+02
    1.277000e+00    1.594027e+03    3.450491e+02
    1.278000e+00    1.595546e+03    3.455927e+02
    1.279000e+00    1.597065e+03    3.461369e+02
    1.280000e+00    1.598584e+03    3.466817e+02
    1.281000e+00    1.600104e+03    3.472270e+02
    1.282000e+00    1.601625e+03    3.477729e+02
    1.283000e+00    1.603146e+03    3.483194e+02
    1.284000e+00    1.604667e+03    3.488664e+02
    1.285000e+00    1.606188e+03    3.494140e+02
    1.286000e+00    1.607710e+03    3.499622e+02
    1.287000e+00    1.609233e+03    3.505110e+02
    1.288000e+00    1.610756e+03    3.510603e+02
    1.289000e+00    1.612279e+03    3.516101e+02
    1.290000e+00    1.613803e+03    3.521606e+02
    1.291000e+00    1.615327e+03    3.527116e+02
    1.292000e+00    1.616852e+03    3.532632e+02
    1.293000e+00    1.618377e+03    3.538153e+02
    1.294000e+00    1.619903e+03    3.543680e+02
    1.295000e+00    1.621428e+03    3.549213e+02
    1.296000e+00    1.622955e+03    3.554751e+02
    1.297000e+00    1.624482e+03    3.560295e+02
    1.298000e+00    1.626009e+03    3.565845e+02
    1.299000e+00    1.627536e+03    3.571400e+02
    1.300000e+00    1.629064e+03    3.576961e+02
