    3.000000e-03    2.820893e+00    3.480070e-03
    4.000000e-03    3.762581e+00    5.080103e-03
    5.000000e-03    4.704699e+00    6.820138e-03
    6.000000e-03    5.647176e+00    8.690176e-03
    7.000000e-03    6.589974e+00    1.064022e-02
    8.000000e-03    7.533053e+00    1.268026e-02
    9.000000e-03    8.476399e+00    1.479030e-02
    1.000000e-02    9.419977e+00    1.694034e-02
    1.100000e-02    1.036378e+01    1.914039e-02
    1.200000e-02    1.130777e+01    2.139043e-02
    1.300000e-02    1.225196e+01    2.365048e-02
    1.400000e-02    1.319633e+01    2.596053e-02
    1.500000e-02    1.414086e+01    2.830057e-02
    1.600000e-02    1.508555e+01    3.066062e-02
    1.700000e-02    1.603038e+01    3.302067e-02
    1.800000e-02    1.697536e+01    3.544072e-02
    1.900000e-02    1.792047e+01    3.788077e-02
    2.000000e-02    1.886571e+01    4.032082e-02
    2.100000e-02    1.981107e+01    4.282087e-02
    2.200000e-02    2.075655e+01    4.534092e-02
    2.300000e-02    2.170215e+01    4.786097e-02
    2.400000e-02    2.264786e+01    5.045102e-02
    2.500000e-02    2.359367e+01    5.308108e-02
    2.600000e-02    2.453959e+01    5.572113e-02
    2.700000e-02    2.548562e+01    5.843118e-02
    2.800000e-02    2.643175e+01    6.119124e-02
    2.900000e-02    2.737798e+01    6.396130e-02
    3.000000e-02    2.832429e+01    6.683136e-02
    3.100000e-02    2.927071e+01    6.972141e-02
    3.200000e-02    3.021723e+01    7.272147e-02
    3.300000e-02    3.116384e+01    7.578153e-02
    3.400000e-02    3.211054e+01    7.888160e-02
    3.500000e-02    3.305733e+01    8.210166e-02
    3.600000e-02    3.400422e+01    8.536173e-02
    3.700000e-02    3.495136e+01    8.822179e-02
    3.800000e-02    3.589843e+01    9.173186e-02
    3.900000e-02    3.684558e+01    9.524192e-02
    4.000000e-02    3.779282e+01    9.895200e-02
    4.100000e-02    3.874017e+01    1.026821e-01
    4.200000e-02    3.968760e+01    1.066222e-01
    4.300000e-02    4.063513e+01    1.106822e-01
    4.400000e-02    4.158275e+01    1.147623e-01
    4.500000e-02    4.253047e+01    1.190824e-01
    4.600000e-02    4.347829e+01    1.235225e-01
    4.700000e-02    4.442620e+01    1.280126e-01
    4.800000e-02    4.537422e+01    1.326427e-01
    4.900000e-02    4.632232e+01    1.375228e-01
    5.000000e-02    4.727053e+01    1.425529e-01
    5.100000e-02    4.821885e+01    1.476430e-01
    5.200000e-02    4.916726e+01    1.529931e-01
    5.300000e-02    5.011578e+01    1.584932e-01
    5.400000e-02    5.106441e+01    1.640833e-01
    5.500000e-02    5.201313e+01    1.699234e-01
    5.600000e-02    5.296197e+01    1.759336e-01
    5.700000e-02    5.391092e+01    1.821237e-01
    5.800000e-02    5.485997e+01    1.884738e-01
    5.900000e-02    5.580914e+01    1.949939e-01
    6.000000e-02    5.675842e+01    2.016941e-01
    6.100000e-02    5.770783e+01    2.085842e-01
    6.200000e-02    5.865734e+01    2.139143e-01
    6.300000e-02    5.960694e+01    2.214045e-01
    6.400000e-02    6.055665e+01    2.290346e-01
    6.500000e-02    6.150652e+01    2.368548e-01
    6.609267e-02    6.258354e+01    2.381836e-01
    6.759250e-02    6.400927e+01    2.525544e-01
    6.909233e-02    6.543533e+01    2.676911e-01
    7.059217e-02    6.686173e+01    2.836181e-01
    7.209200e-02    6.828847e+01    3.003596e-01
    7.359183e-02    6.971556e+01    3.179399e-01
    7.509167e-02    7.114302e+01    3.363830e-01
    7.659150e-02    7.257085e+01    3.557130e-01
    7.809133e-02    7.399908e+01    3.759541e-01
    7.959117e-02    7.542769e+01    3.971302e-01
    8.109100e-02    7.685671e+01    4.192655e-01
    8.259083e-02    7.828615e+01    4.423839e-01
    8.409067e-02    7.971602e+01    4.665096e-01
    8.559050e-02    8.114632e+01    4.916665e-01
    8.709033e-02    8.257707e+01    5.178788e-01
    8.859017e-02    8.400829e+01    5.451707e-01
    9.009000e-02    8.543997e+01    5.735664e-01
    9.158983e-02    8.687213e+01    6.030900e-01
    9.308967e-02    8.830478e+01    6.337659e-01
    9.458950e-02    8.973793e+01    6.656185e-01
    9.608933e-02    9.117160e+01    6.986722e-01
    9.758917e-02    9.260578e+01    7.329515e-01
    9.908900e-02    9.404051e+01    7.684812e-01
    1.005888e-01    9.547578e+01    8.052859e-01
    1.020887e-01    9.691160e+01    8.433905e-01
    1.035885e-01    9.834800e+01    8.828198e-01
    1.050883e-01    9.978497e+01    9.235990e-01
    1.065882e-01    1.012225e+02    9.657533e-01
    1.080880e-01    1.026607e+02    1.009308e+00
    1.095878e-01    1.040995e+02    1.054288e+00
    1.110877e-01    1.055389e+02    1.100720e+00
    1.125875e-01    1.069789e+02    1.148628e+00
    1.140873e-01    1.084196e+02    1.198040e+00
    1.155872e-01    1.098609e+02    1.248980e+00
    1.170870e-01    1.113029e+02    1.301469e+00
    1.185868e-01    1.127456e+02    1.355001e+00
    1.200867e-01    1.141890e+02    1.409741e+00
    1.215865e-01    1.156330e+02    1.465851e+00
    1.230863e-01    1.170778e+02    1.523404e+00
    1.245862e-01    1.185232e+02    1.582457e+00
    1.260860e-01    1.199694e+02    1.643052e+00
    1.275858e-01    1.214163e+02    1.705229e+00
    1.290857e-01    1.228640e+02    1.769026e+00
    1.305855e-01    1.243124e+02    1.834476e+00
    1.320853e-01    1.257615e+02    1.901613e+00
    1.335852e-01    1.272115e+02    1.970468e+00
    1.350850e-01    1.286622e+02    2.041073e+00
    1.365848e-01    1.301137e+02    2.113459e+00
    1.380847e-01    1.315660e+02    2.187656e+00
    1.395845e-01    1.330191e+02    2.263694e+00
    1.410843e-01    1.344730e+02    2.341604e+00
    1.425842e-01    1.359278e+02    2.421415e+00
    1.440840e-01    1.373835e+02    2.503158e+00
    1.455838e-01    1.388399e+02    2.586861e+00
    1.470837e-01    1.402973e+02    2.672554e+00
    1.485835e-01    1.417555e+02    2.760268e+00
    1.500833e-01    1.432147e+02    2.850031e+00
    1.515832e-01    1.446747e+02    2.941874e+00
    1.530830e-01    1.461357e+02    3.035826e+00
    1.545828e-01    1.475975e+02    3.131917e+00
    1.560827e-01    1.490604e+02    3.230176e+00
    1.575825e-01    1.505242e+02    3.330635e+00
    1.590823e-01    1.519889e+02    3.433322e+00
    1.605822e-01    1.534546e+02    3.538268e+00
    1.620820e-01    1.549213e+02    3.645503e+00
    1.635818e-01    1.563890e+02    3.755057e+00
    1.650817e-01    1.578578e+02    3.866961e+00
    1.665815e-01    1.593275e+02    3.981244e+00
    1.680813e-01    1.607983e+02    4.097938e+00
    1.695812e-01    1.622701e+02    4.217072e+00
    1.710810e-01    1.637430e+02    4.338677e+00
    1.725808e-01    1.652170e+02    4.462784e+00
    1.740807e-01    1.666921e+02    4.589424e+00
    1.755805e-01    1.681682e+02    4.718626e+00
    1.770803e-01    1.696455e+02    4.850423e+00
    1.785802e-01    1.711239e+02    4.984845e+00
    1.800800e-01    1.726035e+02    5.121923e+00
    1.815798e-01    1.740842e+02    5.261688e+00
    1.830797e-01    1.755660e+02    5.404170e+00
    1.845795e-01    1.770491e+02    5.549401e+00
    1.860793e-01    1.785333e+02    5.697412e+00
    1.875792e-01    1.800187e+02    5.848234e+00
    1.890790e-01    1.815053e+02    6.001898e+00
    1.905788e-01    1.829932e+02    6.158435e+00
    1.920787e-01    1.844823e+02    6.317876e+00
    1.935785e-01    1.859727e+02    6.480253e+00
    1.950783e-01    1.874643e+02    6.645596e+00
    1.965782e-01    1.889572e+02    6.813937e+00
    1.980780e-01    1.904515e+02    6.985306e+00
    1.995778e-01    1.919470e+02    7.159735e+00
    2.010777e-01    1.934438e+02    7.337254e+00
    2.025775e-01    1.949420e+02    7.517895e+00
    2.040773e-01    1.964415e+02    7.701688e+00
    2.055772e-01    1.979424e+02    7.888664e+00
    2.070770e-01    1.994446e+02    8.078854e+00
    2.085768e-01    2.009483e+02    8.272289e+00
    2.100767e-01    2.024533e+02    8.468998e+00
    2.115765e-01    2.039598e+02    8.669014e+00
    2.130763e-01    2.054677e+02    8.872366e+00
    2.145762e-01    2.069770e+02    9.079084e+00
    2.160760e-01    2.084878e+02    9.289199e+00
    2.175758e-01    2.100001e+02    9.502740e+00
    2.190757e-01    2.115138e+02    9.719738e+00
    2.205755e-01    2.130290e+02    9.940222e+00
    2.220753e-01    2.145458e+02    1.016422e+01
    2.235752e-01    2.160640e+02    1.039177e+01
    2.250750e-01    2.175838e+02    1.062289e+01
    2.265748e-01    2.191052e+02    1.085761e+01
    2.280747e-01    2.206281e+02    1.109597e+01
    2.295745e-01    2.221526e+02    1.133799e+01
    2.310743e-01    2.236787e+02    1.158370e+01
    2.325742e-01    2.252064e+02    1.183313e+01
    2.340740e-01    2.267357e+02    1.208631e+01
    2.355738e-01    2.282667e+02    1.234326e+01
    2.370737e-01    2.297992e+02    1.260401e+01
    2.385735e-01    2.313335e+02    1.286859e+01
    2.400733e-01    2.328694e+02    1.313703e+01
    2.415732e-01    2.344070e+02    1.340936e+01
    2.430730e-01    2.359464e+02    1.368560e+01
    2.445728e-01    2.374874e+02    1.396577e+01
    2.460727e-01    2.390302e+02    1.424991e+01
    2.475725e-01    2.405747e+02    1.453804e+01
    2.490723e-01    2.421209e+02    1.483019e+01
    2.505722e-01    2.436690e+02    1.512637e+01
    2.520720e-01    2.452188e+02    1.542663e+01
    2.535718e-01    2.467704e+02    1.573097e+01
    2.550717e-01    2.483238e+02    1.603943e+01
    2.565715e-01    2.498791e+02    1.635203e+01
    2.580713e-01    2.514362e+02    1.666880e+01
    2.595712e-01    2.529951e+02    1.698975e+01
    2.610710e-01    2.545559e+02    1.731491e+01
    2.625708e-01    2.561186e+02    1.764431e+01
    2.640707e-01    2.576832e+02    1.797796e+01
    2.655705e-01    2.592497e+02    1.831589e+01
    2.670703e-01    2.608181e+02    1.865813e+01
    2.685702e-01    2.623884e+02    1.900468e+01
    2.700700e-01    2.639607e+02    1.935558e+01
    2.715698e-01    2.655349e+02    1.971084e+01
    2.730697e-01    2.671111e+02    2.007049e+01
    2.745695e-01    2.686893e+02    2.043454e+01
    2.760693e-01    2.702695e+02    2.080302e+01
    2.775692e-01    2.718518e+02    2.117594e+01
    2.790690e-01    2.734360e+02    2.155332e+01
    2.805688e-01    2.750223e+02    2.193519e+01
    2.820687e-01    2.766106e+02    2.232155e+01
    2.835685e-01    2.782010e+02    2.271244e+01
    2.850683e-01    2.797935e+02    2.310786e+01
    2.865682e-01    2.813881e+02    2.350783e+01
    2.880680e-01    2.829847e+02    2.391237e+01
    2.895678e-01    2.845835e+02    2.432149e+01
    2.910677e-01    2.861845e+02    2.473522e+01
    2.925675e-01    2.877875e+02    2.515357e+01
    2.940673e-01    2.893927e+02    2.557654e+01
    2.955672e-01    2.910001e+02    2.600417e+01
    2.970670e-01    2.926097e+02    2.643645e+01
    2.985668e-01    2.942215e+02    2.687341e+01
    3.000667e-01    2.958354e+02    2.731506e+01
    3.015665e-01    2.974516e+02    2.776141e+01
    3.030663e-01    2.990701e+02    2.821248e+01
    3.045662e-01    3.006907e+02    2.866827e+01
    3.060660e-01    3.023136e+02    2.912881e+01
    3.075658e-01    3.039388e+02    2.959409e+01
    3.090657e-01    3.055663e+02    3.006414e+01
    3.105655e-01    3.071961e+02    3.053896e+01
    3.120653e-01    3.088281e+02    3.101856e+01
    3.135652e-01    3.104625e+02    3.150296e+01
    3.150650e-01    3.120992e+02    3.199216e+01
    3.165648e-01    3.137382e+02    3.248617e+01
    3.180647e-01    3.153796e+02    3.298501e+01
    3.195645e-01    3.170234e+02    3.348867e+01
    3.210643e-01    3.186695e+02    3.399718e+01
    3.225642e-01    3.203181e+02    3.451053e+01
    3.240640e-01    3.219690e+02    3.502873e+01
    3.255638e-01    3.236223e+02    3.555180e+01
    3.270637e-01    3.252781e+02    3.607973e+01
    3.285635e-01    3.269362e+02    3.661254e+01
    3.300633e-01    3.285969e+02    3.715022e+01
    3.315632e-01    3.302599e+02    3.769280e+01
    3.330630e-01    3.319255e+02    3.824026e+01
    3.345628e-01    3.335935e+02    3.879262e+01
    3.360627e-01    3.352640e+02    3.934988e+01
    3.375625e-01    3.369370e+02    3.991204e+01
    3.390623e-01    3.386125e+02    4.047911e+01
    3.405622e-01    3.402906e+02    4.105110e+01
    3.420620e-01    3.419711e+02    4.162800e+01
    3.435618e-01    3.436542e+02    4.220982e+01
    3.450617e-01    3.453399e+02    4.279656e+01
    3.465615e-01    3.470281e+02    4.338823e+01
    3.480613e-01    3.487189e+02    4.398482e+01
    3.495612e-01    3.504122e+02    4.458633e+01
    3.510610e-01    3.521082e+02    4.519278e+01
    3.525608e-01    3.538067e+02    4.580415e+01
    3.540607e-01    3.555079e+02    4.642046e+01
    3.555605e-01    3.572117e+02    4.704170e+01
    3.570603e-01    3.589181e+02    4.766787e+01
    3.585602e-01    3.606271e+02    4.829897e+01
    3.600600e-01    3.623389e+02    4.893500e+01
    3.615598e-01    3.640532e+02    4.957596e+01
    3.630597e-01    3.657703e+02    5.022186e+01
    3.645595e-01    3.674900e+02    5.087268e+01
    3.660593e-01    3.692124e+02    5.152843e+01
    3.675592e-01    3.709375e+02    5.218910e+01
    3.690590e-01    3.726653e+02    5.285470e+01
    3.705588e-01    3.743958e+02    5.352522e+01
    3.720587e-01    3.761290e+02    5.420066e+01
    3.735585e-01    3.778650e+02    5.488102e+01
    3.750583e-01    3.796037e+02    5.556629e+01
    3.765582e-01    3.813452e+02    5.625647e+01
    3.780580e-01    3.830894e+02    5.695156e+01
    3.795578e-01    3.848364e+02    5.765156e+01
    3.810577e-01    3.865862e+02    5.835646e+01
    3.825575e-01    3.883387e+02    5.906625e+01
    3.840573e-01    3.900941e+02    5.978094e+01
    3.855572e-01    3.918522e+02    6.050052e+01
    3.870570e-01    3.936131e+02    6.122498e+01
    3.885568e-01    3.953769e+02    6.195432e+01
    3.900567e-01    3.971435e+02    6.268854e+01
    3.915565e-01    3.989129e+02    6.342763e+01
    3.930563e-01    4.006852e+02    6.417159e+01
    3.945562e-01    4.024603e+02    6.492040e+01
    3.960560e-01    4.042383e+02    6.567407e+01
    3.975558e-01    4.060191e+02    6.643259e+01
    3.990557e-01    4.078028e+02    6.719595e+01
    4.005555e-01    4.095894e+02    6.796416e+01
    4.020553e-01    4.113788e+02    6.873719e+01
    4.035552e-01    4.131712e+02    6.951505e+01
    4.050550e-01    4.149665e+02    7.029773e+01
    4.065548e-01    4.167646e+02    7.108522e+01
    4.080547e-01    4.185657e+02    7.187752e+01
    4.095545e-01    4.203697e+02    7.267461e+01
    4.110543e-01    4.221766e+02    7.347650e+01
    4.125542e-01    4.239865e+02    7.428318e+01
    4.140540e-01    4.257993e+02    7.509464e+01
    4.155538e-01    4.276150e+02    7.591087e+01
    4.170537e-01    4.294337e+02    7.673186e+01
    4.185535e-01    4.312554e+02    7.755762e+01
    4.200533e-01    4.330800e+02    7.838812e+01
    4.215532e-01    4.349076e+02    7.922336e+01
    4.230530e-01    4.367382e+02    8.006334e+01
    4.245528e-01    4.385718e+02    8.090805e+01
    4.260527e-01    4.404084e+02    8.175748e+01
    4.275525e-01    4.422479e+02    8.261162e+01
    4.290523e-01    4.440905e+02    8.347047e+01
    4.305522e-01    4.459361e+02    8.433401e+01
    4.320520e-01    4.477847e+02    8.520224e+01
    4.335518e-01    4.496363e+02    8.607516e+01
    4.350517e-01    4.514909e+02    8.695274e+01
    4.365515e-01    4.533486e+02    8.783499e+01
    4.380513e-01    4.552093e+02    8.872189e+01
    4.395512e-01    4.570731e+02    8.961344e+01
    4.410510e-01    4.589399e+02    9.050963e+01
    4.425508e-01    4.608098e+02    9.141045e+01
    4.440507e-01    4.626827e+02    9.231590e+01
    4.455505e-01    4.645587e+02    9.322596e+01
    4.470503e-01    4.664377e+02    9.414062e+01
    4.485502e-01    4.683199e+02    9.505988e+01
    4.500500e-01    4.702051e+02    9.598373e+01
    4.515498e-01    4.720934e+02    9.691215e+01
    4.530497e-01    4.739848e+02    9.784515e+01
    4.545495e-01    4.758793e+02    9.878271e+01
    4.560493e-01    4.777769e+02    9.972483e+01
    4.575492e-01    4.796776e+02    1.006715e+02
    4.590490e-01    4.815814e+02    1.016227e+02
    4.605488e-01    4.834883e+02    1.025784e+02
    4.620487e-01    4.853984e+02    1.035386e+02
    4.635485e-01    4.873116e+02    1.045034e+02
    4.650483e-01    4.892279e+02    1.054727e+02
    4.665482e-01    4.911473e+02    1.064464e+02
    4.680480e-01    4.930699e+02    1.074246e+02
    4.695478e-01    4.949956e+02    1.084073e+02
    4.710477e-01    4.969244e+02    1.093945e+02
    4.725475e-01    4.988564e+02    1.103861e+02
    4.740473e-01    5.007916e+02    1.113822e+02
    4.755472e-01    5.027299e+02    1.123827e+02
    4.770470e-01    5.046714e+02    1.133876e+02
    4.785468e-01    5.066161e+02    1.143970e+02
    4.800467e-01    5.085639e+02    1.154108e+02
    4.815465e-01    5.105149e+02    1.164290e+02
    4.830463e-01    5.124691e+02    1.174515e+02
    4.845462e-01    5.144264e+02    1.184785e+02
    4.860460e-01    5.163869e+02    1.195098e+02
    4.875458e-01    5.183507e+02    1.205455e+02
    4.890457e-01    5.203176e+02    1.215856e+02
    4.905455e-01    5.222877e+02    1.226300e+02
    4.920453e-01    5.242610e+02    1.236788e+02
    4.935452e-01    5.262376e+02    1.247319e+02
    4.950450e-01    5.282173e+02    1.257893e+02
    4.965448e-01    5.302002e+02    1.268510e+02
    4.980447e-01    5.321864e+02    1.279170e+02
    4.995445e-01    5.341757e+02    1.289874e+02
    5.010443e-01    5.361683e+02    1.300620e+02
    5.025442e-01    5.381641e+02    1.311409e+02
    5.040440e-01    5.401632e+02    1.322241e+02
    5.055438e-01    5.421655e+02    1.333115e+02
    5.070437e-01    5.441710e+02    1.344032e+02
    5.085435e-01    5.461797e+02    1.354992e+02
    5.100433e-01    5.481917e+02    1.365994e+02
    5.115432e-01    5.502069e+02    1.377038e+02
    5.130430e-01    5.522253e+02    1.388124e+02
    5.145428e-01    5.542470e+02    1.399253e+02
    5.160427e-01    5.562720e+02    1.410423e+02
    5.175425e-01    5.583002e+02    1.421636e+02
    5.190423e-01    5.603317e+02    1.432890e+02
    5.205422e-01    5.623664e+02    1.444186e+02
    5.220420e-01    5.644044e+02    1.455524e+02
    5.235418e-01    5.664456e+02    1.466903e+02
    5.250417e-01    5.684901e+02    1.478324e+02
    5.265415e-01    5.705379e+02    1.489787e+02
    5.280413e-01    5.725890e+02    1.501291e+02
    5.295412e-01    5.746433e+02    1.512836e+02
    5.310410e-01    5.767009e+02    1.524422e+02
    5.325408e-01    5.787618e+02    1.536049e+02
    5.340407e-01    5.808259e+02    1.547718e+02
    5.355405e-01    5.828934e+02    1.559428e+02
    5.370403e-01    5.849641e+02    1.571178e+02
    5.385402e-01    5.870381e+02    1.582969e+02
    5.400400e-01    5.891154e+02    1.594801e+02
    5.415398e-01    5.911960e+02    1.606674e+02
    5.430397e-01    5.932799e+02    1.618587e+02
    5.445395e-01    5.953671e+02    1.630540e+02
    5.460393e-01    5.974576e+02    1.642535e+02
    5.475392e-01    5.995514e+02    1.654569e+02
    5.490390e-01    6.016485e+02    1.666644e+02
    5.505388e-01    6.037489e+02    1.678759e+02
    5.520387e-01    6.058525e+02    1.690914e+02
    5.535385e-01    6.079596e+02    1.703109e+02
    5.550383e-01    6.100699e+02    1.715344e+02
    5.565382e-01    6.121835e+02    1.727618e+02
    5.580380e-01    6.143004e+02    1.739933e+02
    5.595378e-01    6.164207e+02    1.752287e+02
    5.610377e-01    6.185442e+02    1.764682e+02
    5.625375e-01    6.206711e+02    1.777115e+02
    5.640373e-01    6.228013e+02    1.789588e+02
    5.655372e-01    6.249349e+02    1.802101e+02
    5.670370e-01    6.270717e+02    1.814653e+02
    5.685368e-01    6.292119e+02    1.827244e+02
    5.700367e-01    6.313554e+02    1.839875e+02
    5.715365e-01    6.335023e+02    1.852544e+02
    5.730363e-01    6.356524e+02    1.865253e+02
    5.745362e-01    6.378059e+02    1.878000e+02
    5.760360e-01    6.399627e+02    1.890787e+02
    5.775358e-01    6.421229e+02    1.903613e+02
    5.790357e-01    6.442864e+02    1.916477e+02
    5.805355e-01    6.464532e+02    1.929380e+02
    5.820353e-01    6.486234e+02    1.942321e+02
    5.835352e-01    6.507969e+02    1.955302e+02
    5.850350e-01    6.529738e+02    1.968320e+02
    5.865348e-01    6.551540e+02    1.981378e+02
    5.880347e-01    6.573375e+02    1.994473e+02
    5.895345e-01    6.595244e+02    2.007607e+02
    5.910343e-01    6.617146e+02    2.020779e+02
    5.925342e-01    6.639082e+02    2.033989e+02
    5.940340e-01    6.661051e+02    2.047238e+02
    5.955338e-01    6.683054e+02    2.060524e+02
    5.970337e-01    6.705091e+02    2.073849e+02
    5.985335e-01    6.727160e+02    2.087211e+02
    6.000333e-01    6.749264e+02    2.100611e+02
    6.015332e-01    6.771401e+02    2.114049e+02
    6.030330e-01    6.793571e+02    2.127525e+02
    6.045328e-01    6.815775e+02    2.141038e+02
    6.060327e-01    6.838013e+02    2.154589e+02
    6.075325e-01    6.860284e+02    2.168178e+02
    6.090323e-01    6.882588e+02    2.181804e+02
    6.105322e-01    6.904927e+02    2.195467e+02
    6.120320e-01    6.927299e+02    2.209167e+02
    6.135318e-01    6.949704e+02    2.222905e+02
    6.150317e-01    6.972144e+02    2.236681e+02
    6.165315e-01    6.994616e+02    2.250493e+02
    6.180313e-01    7.017123e+02    2.264342e+02
    6.195312e-01    7.039663e+02    2.278229e+02
    6.210310e-01    7.062237e+02    2.292152e+02
    6.225308e-01    7.084844e+02    2.306112e+02
    6.240307e-01    7.107486e+02    2.320109e+02
    6.255305e-01    7.130160e+02    2.334143e+02
    6.270303e-01    7.152869e+02    2.348214e+02
    6.285302e-01    7.175611e+02    2.362321e+02
    6.300300e-01    7.198387e+02    2.376465e+02
    6.315298e-01    7.221197e+02    2.390646e+02
    6.330297e-01    7.244040e+02    2.404863e+02
    6.345295e-01    7.266917e+02    2.419116e+02
    6.360293e-01    7.289828e+02    2.433406e+02
    6.375292e-01    7.312773e+02    2.447732e+02
    6.390290e-01    7.335751e+02    2.462095e+02
    6.405288e-01    7.358763e+02    2.476493e+02
    6.420287e-01    7.381809e+02    2.490928e+02
    6.435285e-01    7.404888e+02    2.505399e+02
    6.450283e-01    7.428002e+02    2.519906e+02
    6.465282e-01    7.451149e+02    2.534449e+02
    6.480280e-01    7.474330e+02    2.549027e+02
    6.495278e-01    7.497545e+02    2.563642e+02
    6.510277e-01    7.520793e+02    2.578293e+02
    6.525275e-01    7.544075e+02    2.592979e+02
    6.540273e-01    7.567391e+02    2.607701e+02
    6.555272e-01    7.590741e+02    2.622459e+02
    6.570270e-01    7.614125e+02    2.637252e+02
    6.585268e-01    7.637542e+02    2.652081e+02
    6.600267e-01    7.660994e+02    2.666945e+02
    6.615265e-01    7.684479e+02    2.681845e+02
    6.630263e-01    7.707998e+02    2.696780e+02
    6.645262e-01    7.731550e+02    2.711751e+02
    6.660260e-01    7.755137e+02    2.726757e+02
    6.675258e-01    7.778758e+02    2.741798e+02
    6.690257e-01    7.802412e+02    2.756874e+02
    6.705255e-01    7.826100e+02    2.771985e+02
    6.720253e-01    7.849822e+02    2.787132e+02
    6.735252e-01    7.873578e+02    2.802313e+02
    6.750250e-01    7.897367e+02    2.817530e+02
    6.765248e-01    7.921191e+02    2.832781e+02
    6.780247e-01    7.945048e+02    2.848068e+02
    6.795245e-01    7.968939e+02    2.863389e+02
    6.810243e-01    7.992864e+02    2.878745e+02
    6.825242e-01    8.016823e+02    2.894136e+02
    6.840240e-01    8.040816e+02    2.909561e+02
    6.855238e-01    8.064842e+02    2.925021e+02
    6.870237e-01    8.088903e+02    2.940516e+02
    6.885235e-01    8.112997e+02    2.956045e+02
    6.900233e-01    8.137125e+02    2.971609e+02
    6.915232e-01    8.161287e+02    2.987207e+02
    6.930230e-01    8.185483e+02    3.002840e+02
    6.945228e-01    8.209713e+02    3.018507e+02
    6.960227e-01    8.233977e+02    3.034208e+02
    6.975225e-01    8.258274e+02    3.049944e+02
    6.990223e-01    8.282606e+02    3.065714e+02
    7.005222e-01    8.306971e+02    3.081518e+02
    7.020220e-01    8.331370e+02    3.097356e+02
    7.035218e-01    8.355803e+02    3.113228e+02
    7.050217e-01    8.380270e+02    3.129134e+02
    7.065215e-01    8.404771e+02    3.145075e+02
    7.080213e-01    8.429306e+02    3.161049e+02
    7.095212e-01    8.453874e+02    3.177057e+02
    7.110210e-01    8.478476e+02    3.193099e+02
    7.125208e-01    8.503113e+02    3.209175e+02
    7.140207e-01    8.527783e+02    3.225284e+02
    7.155205e-01    8.552487e+02    3.241427e+02
    7.170203e-01    8.577225e+02    3.257604e+02
    7.185202e-01    8.601997e+02    3.273815e+02
    7.200200e-01    8.626802e+02    3.290059e+02
    7.215198e-01    8.651642e+02    3.306337e+02
    7.230197e-01    8.676515e+02    3.322648e+02
    7.245195e-01    8.701422e+02    3.338993e+02
    7.260193e-01    8.726363e+02    3.355371e+02
    7.275192e-01    8.751338e+02    3.371783e+02
    7.290190e-01    8.776347e+02    3.388228e+02
    7.305188e-01    8.801390e+02    3.404706e+02
    7.320187e-01    8.826467e+02    3.421217e+02
    7.335185e-01    8.851577e+02    3.437762e+02
    7.350183e-01    8.876721e+02    3.454340e+02
    7.365182e-01    8.901900e+02    3.470951e+02
    7.380180e-01    8.927112e+02    3.487595e+02
    7.395178e-01    8.952357e+02    3.504272e+02
    7.410177e-01    8.977637e+02    3.520983e+02
    7.425175e-01    9.002951e+02    3.537726e+02
    7.440173e-01    9.028298e+02    3.554502e+02
    7.455172e-01    9.053680e+02    3.571311e+02
    7.470170e-01    9.079095e+02    3.588153e+02
    7.485168e-01    9.104544e+02    3.605027e+02
    7.500167e-01    9.130027e+02    3.621935e+02
    7.515165e-01    9.155543e+02    3.638875e+02
    7.530163e-01    9.181094e+02    3.655848e+02
    7.545162e-01    9.206678e+02    3.672853e+02
    7.560160e-01    9.232296e+02    3.689891e+02
    7.575158e-01    9.257948e+02    3.706962e+02
    7.590157e-01    9.283634e+02    3.724065e+02
    7.605155e-01    9.309354e+02    3.741201e+02
    7.620153e-01    9.335108e+02    3.758369e+02
    7.635152e-01    9.360895e+02    3.775570e+02
    7.650150e-01    9.386716e+02    3.792803e+02
    7.665148e-01    9.412571e+02    3.810068e+02
    7.680147e-01    9.438460e+02    3.827366e+02
    7.695145e-01    9.464382e+02    3.844696e+02
    7.710143e-01    9.490339e+02    3.862058e+02
    7.725142e-01    9.516329e+02    3.879453e+02
    7.740140e-01    9.542353e+02    3.896879e+02
    7.755138e-01    9.568411e+02    3.914338e+02
    7.770137e-01    9.594502e+02    3.931829e+02
    7.785135e-01    9.620628e+02    3.949352e+02
    7.800133e-01    9.646787e+02    3.966907e+02
    7.815132e-01    9.672980e+02    3.984493e+02
    7.830130e-01    9.699207e+02    4.002112e+02
    7.845128e-01    9.725467e+02    4.019763e+02
    7.860127e-01    9.751762e+02    4.037445e+02
    7.875125e-01    9.778090e+02    4.055160e+02
    7.890123e-01    9.804452e+02    4.072906e+02
    7.905122e-01    9.830847e+02    4.090684e+02
    7.920120e-01    9.857277e+02    4.108494e+02
    7.935118e-01    9.883740e+02    4.126335e+02
    7.950117e-01    9.910237e+02    4.144208e+02
    7.965115e-01    9.936767e+02    4.162113e+02
    7.980113e-01    9.963332e+02    4.180049e+02
    7.995112e-01    9.989930e+02    4.198017e+02
    8.010110e-01    1.001656e+03    4.216016e+02
    8.025108e-01    1.004323e+03    4.234047e+02
    8.040107e-01    1.006993e+03    4.252109e+02
    8.055105e-01    1.009666e+03    4.270203e+02
    8.070103e-01    1.012343e+03    4.288328e+02
    8.085102e-01    1.015023e+03    4.306484e+02
    8.100100e-01    1.017706e+03    4.324672e+02
    8.115098e-01    1.020393e+03    4.342891e+02
    8.130097e-01    1.023083e+03    4.361141e+02
    8.145095e-01    1.025777e+03    4.379423e+02
    8.160093e-01    1.028473e+03    4.397735e+02
    8.175092e-01    1.031174e+03    4.416079e+02
    8.190090e-01    1.033877e+03    4.434454e+02
    8.205088e-01    1.036584e+03    4.452860e+02
    8.220087e-01    1.039295e+03    4.471297e+02
    8.235085e-01    1.042008e+03    4.489765e+02
    8.250083e-01    1.044726e+03    4.508264e+02
    8.265082e-01    1.047446e+03    4.526794e+02
    8.280080e-01    1.050170e+03    4.545355e+02
    8.295078e-01    1.052897e+03    4.563946e+02
    8.310077e-01    1.055628e+03    4.582569e+02
    8.325075e-01    1.058362e+03    4.601222e+02
    8.340073e-01    1.061099e+03    4.619906e+02
    8.355072e-01    1.063839e+03    4.638621e+02
    8.370070e-01    1.066583e+03    4.657367e+02
    8.385068e-01    1.069331e+03    4.676143e+02
    8.400067e-01    1.072082e+03    4.694950e+02
    8.415065e-01    1.074836e+03    4.713788e+02
    8.430063e-01    1.077593e+03    4.732656e+02
    8.445062e-01    1.080354e+03    4.751555e+02
    8.460060e-01    1.083118e+03    4.770484e+02
    8.475058e-01    1.085886e+03    4.789444e+02
    8.490057e-01    1.088657e+03    4.808434e+02
    8.505055e-01    1.091431e+03    4.827455e+02
    8.520053e-01    1.094208e+03    4.846506e+02
    8.535052e-01    1.096989e+03    4.865587e+02
    8.550050e-01    1.099774e+03    4.884699e+02
    8.565048e-01    1.102561e+03    4.903841e+02
    8.580047e-01    1.105352e+03    4.923013e+02
    8.595045e-01    1.108147e+03    4.942216e+02
    8.610043e-01    1.110945e+03    4.961449e+02
    8.625042e-01    1.113746e+03    4.980712e+02
    8.640040e-01    1.116550e+03    5.000005e+02
    8.655038e-01    1.119358e+03    5.019328e+02
    8.670037e-01    1.122169e+03    5.038681e+02
    8.685035e-01    1.124983e+03    5.058065e+02
    8.700033e-01    1.127801e+03    5.077478e+02
    8.715032e-01    1.130623e+03    5.096921e+02
    8.730030e-01    1.133447e+03    5.116395e+02
    8.745028e-01    1.136275e+03    5.135898e+02
    8.760027e-01    1.139106e+03    5.155431e+02
    8.775025e-01    1.141941e+03    5.174995e+02
    8.790023e-01    1.144779e+03    5.194587e+02
    8.805022e-01    1.147620e+03    5.214210e+02
    8.820020e-01    1.150465e+03    5.233863e+02
    8.835018e-01    1.153313e+03    5.253545e+02
    8.850017e-01    1.156164e+03    5.273257e+02
    8.865015e-01    1.159019e+03    5.292999e+02
    8.880013e-01    1.161877e+03    5.312770e+02
    8.895012e-01    1.164738e+03    5.332571e+02
    8.910010e-01    1.167603e+03    5.352402e+02
    8.925008e-01    1.170471e+03    5.372262e+02
    8.940007e-01    1.173342e+03    5.392152e+02
    8.955005e-01    1.176217e+03    5.412071e+02
    8.970003e-01    1.179095e+03    5.432020e+02
    8.985002e-01    1.181976e+03    5.451998e+02
    9.000000e-01    1.184861e+03    5.472006e+02
