    3.000000e-04    2.813900e-01    4.500000e-04
    4.000000e-04    3.753200e-01    5.100000e-04
    5.000000e-04    4.692500e-01    5.700000e-04
    6.000000e-04    5.631800e-01    6.400000e-04
    7.000000e-04    6.571100e-01    7.100000e-04
    8.000000e-04    7.510400e-01    7.800000e-04
    9.000000e-04    8.451600e-01    8.500000e-04
    1.000000e-03    9.390900e-01    9.200000e-04
    1.500000e-03    1.409130e+00    1.330000e-03
    2.000000e-03    1.879370e+00    1.760000e-03
    2.500000e-03    2.349810e+00    2.220000e-03
    3.000000e-03    2.820240e+00    2.690000e-03
    3.500000e-03    3.290870e+00    3.170000e-03
    4.000000e-03    3.761310e+00    3.660000e-03
    4.500000e-03    4.232140e+00    4.160000e-03
    5.000000e-03    4.702770e+00    4.640000e-03
    5.500000e-03    5.173600e+00    5.140000e-03
    6.000000e-03    5.644430e+00    5.630000e-03
    6.500000e-03    6.115260e+00    6.110000e-03
    7.000000e-03    6.586090e+00    6.590000e-03
    7.500000e-03    7.057110e+00    7.080000e-03
    8.000000e-03    7.527940e+00    7.570000e-03
    8.500000e-03    7.998970e+00    8.040000e-03
    9.000000e-03    8.470000e+00    8.520000e-03
    9.500000e-03    8.941020e+00    9.000000e-03
    1.000000e-02    9.412050e+00    9.470000e-03
    1.200000e-02    1.130385e+01    1.159000e-02
    1.400000e-02    1.318993e+01    1.365000e-02
    1.600000e-02    1.507621e+01    1.592000e-02
    1.800000e-02    1.696288e+01    1.852000e-02
    2.000000e-02    1.884995e+01    2.155000e-02
    2.200000e-02    2.073721e+01    2.516000e-02
    2.400000e-02    2.262487e+01    2.941000e-02
    2.600000e-02    2.451292e+01    3.444000e-02
    2.800000e-02    2.640137e+01    4.034000e-02
    3.000000e-02    2.829041e+01    4.723000e-02
    3.200000e-02    3.017985e+01    5.520000e-02
    3.400000e-02    3.206987e+01    6.441000e-02
    3.600000e-02    3.396030e+01    7.483000e-02
    3.800000e-02    3.585151e+01    8.661000e-02
    4.000000e-02    3.774331e+01    9.981000e-02
    4.200000e-02    3.963590e+01    1.145200e-01
    4.400000e-02    4.152909e+01    1.308800e-01
    4.600000e-02    4.342306e+01    1.487800e-01
    4.800000e-02    4.531802e+01    1.683900e-01
    5.000000e-02    4.721357e+01    1.897000e-01
    5.200000e-02    4.911011e+01    2.127700e-01
    5.400000e-02    5.100763e+01    2.377000e-01
    5.600000e-02    5.290615e+01    2.642700e-01
    5.800000e-02    5.480564e+01    2.925400e-01
    5.900000e-02    5.566175e+01    3.050768e-01
    6.000000e-02    5.661048e+01    3.211217e-01
    6.100000e-02    5.755948e+01    3.377272e-01
    6.200000e-02    5.850875e+01    3.549009e-01
    6.300000e-02    5.945830e+01    3.726505e-01
    6.400000e-02    6.040815e+01    3.909833e-01
    6.500000e-02    6.135828e+01    4.099067e-01
    6.600000e-02    6.230871e+01    4.294279e-01
    6.700000e-02    6.325944e+01    4.495540e-01
    6.800000e-02    6.421047e+01    4.702920e-01
    6.900000e-02    6.516181e+01    4.916489e-01
    7.000000e-02    6.611347e+01    5.136314e-01
    7.100000e-02    6.706545e+01    5.362462e-01
    7.200000e-02    6.801774e+01    5.595000e-01
    7.300000e-02    6.897037e+01    5.833994e-01
    7.400000e-02    6.992333e+01    6.079507e-01
    7.500000e-02    7.087662e+01    6.331602e-01
    7.600000e-02    7.183026e+01    6.590343e-01
    7.700000e-02    7.278424e+01    6.855792e-01
    7.800000e-02    7.373857e+01    7.128009e-01
    7.900000e-02    7.469325e+01    7.407055e-01
    8.000000e-02    7.564829e+01    7.692990e-01
    8.100000e-02    7.660369e+01    7.985871e-01
    8.200000e-02    7.755946e+01    8.285758e-01
    8.300000e-02    7.851559e+01    8.592707e-01
    8.400000e-02    7.947211e+01    8.906775e-01
    8.500000e-02    8.042899e+01    9.228020e-01
    8.600000e-02    8.138627e+01    9.556495e-01
    8.700000e-02    8.234392e+01    9.892256e-01
    8.800000e-02    8.330197e+01    1.023536e+00
    8.900000e-02    8.426041e+01    1.058585e+00
    9.000000e-02    8.521925e+01    1.094380e+00
    9.100000e-02    8.617850e+01    1.130924e+00
    9.200000e-02    8.713814e+01    1.168223e+00
    9.300000e-02    8.809820e+01    1.206283e+00
    9.400000e-02    8.905867e+01    1.245109e+00
    9.500000e-02    9.001956e+01    1.284705e+00
    9.600000e-02    9.098087e+01    1.325076e+00
    9.700000e-02    9.194260e+01    1.366229e+00
    9.800000e-02    9.290476e+01    1.408167e+00
    9.900000e-02    9.386736e+01    1.450895e+00
    1.000000e-01    9.483039e+01    1.494419e+00
    1.010000e-01    9.579385e+01    1.538744e+00
    1.020000e-01    9.675776e+01    1.583873e+00
    1.030000e-01    9.772212e+01    1.629812e+00
    1.040000e-01    9.868693e+01    1.676567e+00
    1.050000e-01    9.965219e+01    1.724140e+00
    1.060000e-01    1.006179e+02    1.772538e+00
    1.070000e-01    1.015841e+02    1.821764e+00
    1.080000e-01    1.025507e+02    1.871824e+00
    1.090000e-01    1.035178e+02    1.922722e+00
    1.100000e-01    1.044854e+02    1.973870e+00
    1.110000e-01    1.054535e+02    2.025170e+00
    1.120000e-01    1.064220e+02    2.076915e+00
    1.130000e-01    1.073909e+02    2.129192e+00
    1.140000e-01    1.083604e+02    2.182050e+00
    1.150000e-01    1.093303e+02    2.235523e+00
    1.160000e-01    1.103007e+02    2.289636e+00
    1.170000e-01    1.112715e+02    2.344409e+00
    1.180000e-01    1.122428e+02    2.399859e+00
    1.190000e-01    1.132146e+02    2.456000e+00
    1.200000e-01    1.141869e+02    2.512845e+00
    1.210000e-01    1.151596e+02    2.570405e+00
    1.220000e-01    1.161328e+02    2.628691e+00
    1.230000e-01    1.171065e+02    2.687713e+00
    1.240000e-01    1.180807e+02    2.747479e+00
    1.250000e-01    1.190553e+02    2.807997e+00
    1.260000e-01    1.200305e+02    2.869277e+00
    1.270000e-01    1.210061e+02    2.931326e+00
    1.280000e-01    1.219823e+02    2.994151e+00
    1.290000e-01    1.229589e+02    3.057760e+00
    1.300000e-01    1.239360e+02    3.122158e+00
    1.310000e-01    1.249136e+02    3.187355e+00
    1.320000e-01    1.258918e+02    3.253355e+00
    1.330000e-01    1.268704e+02    3.320165e+00
    1.340000e-01    1.278495e+02    3.387793e+00
    1.350000e-01    1.288291e+02    3.456243e+00
    1.360000e-01    1.298093e+02    3.525523e+00
    1.370000e-01    1.307899e+02    3.595638e+00
    1.380000e-01    1.317711e+02    3.666595e+00
    1.390000e-01    1.327528e+02    3.738399e+00
    1.400000e-01    1.337350e+02    3.811057e+00
    1.410000e-01    1.347178e+02    3.884574e+00
    1.420000e-01    1.357010e+02    3.958956e+00
    1.430000e-01    1.366848e+02    4.034209e+00
    1.440000e-01    1.376691e+02    4.110338e+00
    1.450000e-01    1.386540e+02    4.187350e+00
    1.460000e-01    1.396393e+02    4.265250e+00
    1.470000e-01    1.406253e+02    4.344044e+00
    1.480000e-01    1.416117e+02    4.423737e+00
    1.490000e-01    1.425987e+02    4.504335e+00
    1.500000e-01    1.435863e+02    4.585844e+00
    1.510000e-01    1.445743e+02    4.668270e+00
    1.520000e-01    1.455630e+02    4.751617e+00
    1.530000e-01    1.465522e+02    4.835892e+00
    1.540000e-01    1.475419e+02    4.921100e+00
    1.550000e-01    1.485322e+02    5.007246e+00
    1.560000e-01    1.495231e+02    5.094337e+00
    1.570000e-01    1.505145e+02    5.182377e+00
    1.580000e-01    1.515065e+02    5.271373e+00
    1.590000e-01    1.524990e+02    5.361329e+00
    1.600000e-01    1.534921e+02    5.452252e+00
    1.610000e-01    1.544858e+02    5.544147e+00
    1.620000e-01    1.554801e+02    5.637019e+00
    1.630000e-01    1.564749e+02    5.730875e+00
    1.640000e-01    1.574703e+02    5.825718e+00
    1.650000e-01    1.584663e+02    5.921556e+00
    1.660000e-01    1.594629e+02    6.018393e+00
    1.670000e-01    1.604601e+02    6.116235e+00
    1.680000e-01    1.614578e+02    6.215088e+00
    1.690000e-01    1.624562e+02    6.314957e+00
    1.700000e-01    1.634551e+02    6.415847e+00
    1.710000e-01    1.644547e+02    6.517764e+00
    1.720000e-01    1.654548e+02    6.620714e+00
    1.730000e-01    1.664556e+02    6.724701e+00
    1.740000e-01    1.674569e+02    6.829733e+00
    1.750000e-01    1.684588e+02    6.935813e+00
    1.760000e-01    1.694614e+02    7.042947e+00
    1.770000e-01    1.704646e+02    7.151141e+00
    1.780000e-01    1.714684e+02    7.260401e+00
    1.790000e-01    1.724728e+02    7.370731e+00
    1.800000e-01    1.734778e+02    7.482138e+00
    1.810000e-01    1.744834e+02    7.594626e+00
    1.820000e-01    1.754897e+02    7.708201e+00
    1.830000e-01    1.764966e+02    7.822868e+00
    1.840000e-01    1.775041e+02    7.938634e+00
    1.850000e-01    1.785123e+02    8.055503e+00
    1.860000e-01    1.795211e+02    8.173480e+00
    1.870000e-01    1.805305e+02    8.292572e+00
    1.880000e-01    1.815406e+02    8.412783e+00
    1.890000e-01    1.825513e+02    8.534118e+00
    1.900000e-01    1.835626e+02    8.656584e+00
    1.910000e-01    1.845746e+02    8.780185e+00
    1.920000e-01    1.855873e+02    8.904926e+00
    1.930000e-01    1.866006e+02    9.030814e+00
    1.940000e-01    1.876146e+02    9.157853e+00
    1.950000e-01    1.886292e+02    9.286048e+00
    1.960000e-01    1.896445e+02    9.415406e+00
    1.970000e-01    1.906604e+02    9.545930e+00
    1.980000e-01    1.916770e+02    9.677626e+00
    1.990000e-01    1.926943e+02    9.810499e+00
    2.000000e-01    1.937123e+02    9.944555e+00
    2.010000e-01    1.947309e+02    1.007980e+01
    2.020000e-01    1.957502e+02    1.021624e+01
    2.030000e-01    1.967701e+02    1.035387e+01
    2.040000e-01    1.977908e+02    1.049271e+01
    2.050000e-01    1.988121e+02    1.063275e+01
    2.060000e-01    1.998342e+02    1.077401e+01
    2.070000e-01    2.008569e+02    1.091648e+01
    2.080000e-01    2.018803e+02    1.106018e+01
    2.090000e-01    2.029044e+02    1.120511e+01
    2.100000e-01    2.039292e+02    1.135127e+01
    2.110000e-01    2.049547e+02    1.149866e+01
    2.120000e-01    2.059809e+02    1.164730e+01
    2.130000e-01    2.070078e+02    1.179719e+01
    2.140000e-01    2.080354e+02    1.194832e+01
    2.150000e-01    2.090637e+02    1.210072e+01
    2.160000e-01    2.100927e+02    1.225437e+01
    2.170000e-01    2.111225e+02    1.240929e+01
    2.180000e-01    2.121529e+02    1.256548e+01
    2.190000e-01    2.131841e+02    1.272295e+01
    2.200000e-01    2.142160e+02    1.288170e+01
    2.210000e-01    2.152486e+02    1.304173e+01
    2.220000e-01    2.162820e+02    1.320304e+01
    2.230000e-01    2.173161e+02    1.336566e+01
    2.240000e-01    2.183509e+02    1.352956e+01
    2.250000e-01    2.193864e+02    1.369478e+01
    2.260000e-01    2.204227e+02    1.386129e+01
    2.270000e-01    2.214597e+02    1.402912e+01
    2.280000e-01    2.224975e+02    1.419826e+01
    2.290000e-01    2.235360e+02    1.436872e+01
    2.300000e-01    2.245753e+02    1.454050e+01
    2.310000e-01    2.256153e+02    1.471361e+01
    2.320000e-01    2.266560e+02    1.488805e+01
    2.330000e-01    2.276976e+02    1.506382e+01
    2.340000e-01    2.287398e+02    1.524093e+01
    2.350000e-01    2.297829e+02    1.541939e+01
    2.360000e-01    2.308267e+02    1.559919e+01
    2.370000e-01    2.318712e+02    1.578034e+01
    2.380000e-01    2.329166e+02    1.596285e+01
    2.390000e-01    2.339626e+02    1.614671e+01
    2.400000e-01    2.350095e+02    1.633193e+01
    2.410000e-01    2.360572e+02    1.651852e+01
    2.420000e-01    2.371056e+02    1.670647e+01
    2.430000e-01    2.381548e+02    1.689580e+01
    2.440000e-01    2.392048e+02    1.708650e+01
    2.450000e-01    2.402555e+02    1.727858e+01
    2.460000e-01    2.413071e+02    1.747204e+01
    2.470000e-01    2.423594e+02    1.766688e+01
    2.480000e-01    2.434126e+02    1.786311e+01
    2.490000e-01    2.444665e+02    1.806073e+01
    2.500000e-01    2.455212e+02    1.825975e+01
    2.510000e-01    2.465767e+02    1.846016e+01
    2.520000e-01    2.476331e+02    1.866198e+01
    2.530000e-01    2.486902e+02    1.886519e+01
    2.540000e-01    2.497481e+02    1.906981e+01
    2.550000e-01    2.508069e+02    1.927584e+01
    2.560000e-01    2.518664e+02    1.948327e+01
    2.570000e-01    2.529268e+02    1.969212e+01
    2.580000e-01    2.539880e+02    1.990239e+01
    2.590000e-01    2.550500e+02    2.011407e+01
    2.600000e-01    2.561128e+02    2.032718e+01
    2.610000e-01    2.571764e+02    2.054171e+01
    2.620000e-01    2.582409e+02    2.075766e+01
    2.630000e-01    2.593062e+02    2.097504e+01
    2.640000e-01    2.603723e+02    2.119385e+01
    2.650000e-01    2.614393e+02    2.141409e+01
    2.660000e-01    2.625071e+02    2.163576e+01
    2.670000e-01    2.635757e+02    2.185887e+01
    2.680000e-01    2.646451e+02    2.208342e+01
    2.690000e-01    2.657155e+02    2.230940e+01
    2.700000e-01    2.667866e+02    2.253683e+01
    2.710000e-01    2.678586e+02    2.276569e+01
    2.720000e-01    2.689314e+02    2.299601e+01
    2.730000e-01    2.700051e+02    2.322777e+01
    2.740000e-01    2.710797e+02    2.346097e+01
    2.750000e-01    2.721550e+02    2.369562e+01
    2.760000e-01    2.732313e+02    2.393173e+01
    2.770000e-01    2.743084e+02    2.416928e+01
    2.780000e-01    2.753864e+02    2.440829e+01
    2.790000e-01    2.764652e+02    2.464875e+01
    2.800000e-01    2.775449e+02    2.489067e+01
    2.810000e-01    2.786255e+02    2.513404e+01
    2.820000e-01    2.797069e+02    2.537887e+01
    2.830000e-01    2.807892e+02    2.562515e+01
    2.840000e-01    2.818724e+02    2.587290e+01
    2.850000e-01    2.829564e+02    2.612210e+01
    2.860000e-01    2.840413e+02    2.637276e+01
    2.870000e-01    2.851271e+02    2.662488e+01
    2.880000e-01    2.862138e+02    2.687847e+01
    2.890000e-01    2.873014e+02    2.713351e+01
    2.900000e-01    2.883898e+02    2.739002e+01
    2.910000e-01    2.894792e+02    2.764799e+01
    2.920000e-01    2.905694e+02    2.790742e+01
    2.930000e-01    2.916605e+02    2.816832e+01
    2.940000e-01    2.927525e+02    2.843068e+01
    2.950000e-01    2.938454e+02    2.869450e+01
    2.960000e-01    2.949393e+02    2.895978e+01
    2.970000e-01    2.960340e+02    2.922653e+01
    2.980000e-01    2.971296e+02    2.949474e+01
    2.990000e-01    2.982261e+02    2.976442e+01
    3.000000e-01    2.993235e+02    3.003555e+01
    3.010000e-01    3.004218e+02    3.030815e+01
    3.020000e-01    3.015210e+02    3.058221e+01
    3.030000e-01    3.026212e+02    3.085774e+01
    3.040000e-01    3.037222e+02    3.113472e+01
    3.050000e-01    3.048242e+02    3.141317e+01
    3.060000e-01    3.059270e+02    3.169308e+01
    3.070000e-01    3.070308e+02    3.197444e+01
    3.080000e-01    3.081355e+02    3.225727e+01
    3.090000e-01    3.092412e+02    3.254155e+01
    3.100000e-01    3.103477e+02    3.282729e+01
    3.110000e-01    3.114552e+02    3.311449e+01
    3.120000e-01    3.125636e+02    3.340314e+01
    3.130000e-01    3.136729e+02    3.369325e+01
    3.140000e-01    3.147832e+02    3.398481e+01
    3.150000e-01    3.158944e+02    3.427783e+01
    3.160000e-01    3.170065e+02    3.457230e+01
    3.170000e-01    3.181196e+02    3.486822e+01
    3.180000e-01    3.192336e+02    3.516558e+01
    3.190000e-01    3.203485e+02    3.546440e+01
    3.200000e-01    3.214644e+02    3.576466e+01
    3.210000e-01    3.225812e+02    3.606637e+01
    3.220000e-01    3.236989e+02    3.636952e+01
    3.230000e-01    3.248176e+02    3.667411e+01
    3.240000e-01    3.259373e+02    3.698015e+01
    3.250000e-01    3.270579e+02    3.728762e+01
    3.260000e-01    3.281794e+02    3.759653e+01
    3.270000e-01    3.293019e+02    3.790688e+01
    3.280000e-01    3.304253e+02    3.821866e+01
    3.290000e-01    3.315497e+02    3.853188e+01
    3.300000e-01    3.326751e+02    3.884652e+01
    3.310000e-01    3.338014e+02    3.916259e+01
    3.320000e-01    3.349286e+02    3.948010e+01
    3.330000e-01    3.360568e+02    3.979902e+01
    3.340000e-01    3.371860e+02    4.011937e+01
    3.350000e-01    3.383162e+02    4.044114e+01
    3.360000e-01    3.394473e+02    4.076433e+01
    3.370000e-01    3.405793e+02    4.108893e+01
    3.380000e-01    3.417123e+02    4.141495e+01
    3.390000e-01    3.428463e+02    4.174239e+01
    3.400000e-01    3.439813e+02    4.207123e+01
    3.410000e-01    3.451172e+02    4.240148e+01
    3.420000e-01    3.462541e+02    4.273313e+01
    3.430000e-01    3.473920e+02    4.306619e+01
    3.440000e-01    3.485309e+02    4.340065e+01
    3.450000e-01    3.496707e+02    4.373651e+01
    3.460000e-01    3.508115e+02    4.406270e+01
    3.470000e-01    3.519532e+02    4.436317e+01
    3.480000e-01    3.530957e+02    4.465366e+01
    3.490000e-01    3.542391e+02    4.493802e+01
    3.500000e-01    3.553833e+02    4.521799e+01
    3.510000e-01    3.565282e+02    4.549463e+01
    3.520000e-01    3.576740e+02    4.576862e+01
    3.530000e-01    3.588205e+02    4.604047e+01
    3.540000e-01    3.599678e+02    4.631054e+01
    3.550000e-01    3.611159e+02    4.657913e+01
    3.560000e-01    3.622647e+02    4.684646e+01
    3.570000e-01    3.634143e+02    4.711275e+01
    3.580000e-01    3.645646e+02    4.737813e+01
    3.590000e-01    3.657156e+02    4.764276e+01
    3.600000e-01    3.668674e+02    4.790673e+01
    3.610000e-01    3.680199e+02    4.817016e+01
    3.620000e-01    3.691731e+02    4.843314e+01
    3.630000e-01    3.703271e+02    4.869573e+01
    3.640000e-01    3.714818e+02    4.895801e+01
    3.650000e-01    3.726372e+02    4.922004e+01
    3.660000e-01    3.737934e+02    4.948187e+01
    3.670000e-01    3.749502e+02    4.974356e+01
    3.680000e-01    3.761078e+02    5.000515e+01
    3.690000e-01    3.772660e+02    5.026667e+01
    3.700000e-01    3.784250e+02    5.052817e+01
    3.710000e-01    3.795847e+02    5.078968e+01
    3.720000e-01    3.807451e+02    5.105124e+01
    3.730000e-01    3.819062e+02    5.131286e+01
    3.740000e-01    3.830680e+02    5.157458e+01
    3.750000e-01    3.842305e+02    5.183642e+01
    3.760000e-01    3.853937e+02    5.209841e+01
    3.770000e-01    3.865576e+02    5.236057e+01
    3.780000e-01    3.877222e+02    5.262291e+01
    3.790000e-01    3.888874e+02    5.288546e+01
    3.800000e-01    3.900534e+02    5.314823e+01
    3.810000e-01    3.912201e+02    5.341124e+01
    3.820000e-01    3.923874e+02    5.367450e+01
    3.830000e-01    3.935555e+02    5.393804e+01
    3.840000e-01    3.947242e+02    5.420185e+01
    3.850000e-01    3.958936e+02    5.446596e+01
    3.860000e-01    3.970637e+02    5.473038e+01
    3.870000e-01    3.982345e+02    5.499512e+01
    3.880000e-01    3.994060e+02    5.526019e+01
    3.890000e-01    4.005782e+02    5.552560e+01
    3.900000e-01    4.017510e+02    5.579136e+01
    3.910000e-01    4.029245e+02    5.605747e+01
    3.920000e-01    4.040988e+02    5.632396e+01
    3.930000e-01    4.052736e+02    5.659082e+01
    3.940000e-01    4.064492e+02    5.685807e+01
    3.950000e-01    4.076255e+02    5.712571e+01
    3.960000e-01    4.088024e+02    5.739374e+01
    3.970000e-01    4.099800e+02    5.766219e+01
    3.980000e-01    4.111583e+02    5.793104e+01
    3.990000e-01    4.123372e+02    5.820032e+01
    4.000000e-01    4.135168e+02    5.847002e+01
    4.010000e-01    4.146971e+02    5.874015e+01
    4.020000e-01    4.158781e+02    5.900378e+01
    4.030000e-01    4.170597e+02    5.925796e+01
    4.040000e-01    4.182420e+02    5.950957e+01
    4.050000e-01    4.194248e+02    5.975990e+01
    4.060000e-01    4.206083e+02    6.000950e+01
    4.070000e-01    4.217924e+02    6.025869e+01
    4.080000e-01    4.229771e+02    6.050767e+01
    4.090000e-01    4.241624e+02    6.075658e+01
    4.100000e-01    4.253484e+02    6.100553e+01
    4.110000e-01    4.265349e+02    6.125461e+01
    4.120000e-01    4.277220e+02    6.150387e+01
    4.130000e-01    4.289098e+02    6.175336e+01
    4.140000e-01    4.300981e+02    6.200313e+01
    4.150000e-01    4.312871e+02    6.225321e+01
    4.160000e-01    4.324766e+02    6.250364e+01
    4.170000e-01    4.336668e+02    6.275444e+01
    4.180000e-01    4.348575e+02    6.300563e+01
    4.190000e-01    4.360489e+02    6.325722e+01
    4.200000e-01    4.372409e+02    6.350925e+01
    4.210000e-01    4.384334e+02    6.376172e+01
    4.220000e-01    4.396266e+02    6.401464e+01
    4.230000e-01    4.408204e+02    6.426804e+01
    4.240000e-01    4.420147e+02    6.452191e+01
    4.250000e-01    4.432097e+02    6.477627e+01
    4.260000e-01    4.444052e+02    6.503114e+01
    4.270000e-01    4.456014e+02    6.528650e+01
    4.280000e-01    4.467982e+02    6.554238e+01
    4.290000e-01    4.479955e+02    6.579878e+01
    4.300000e-01    4.491935e+02    6.605571e+01
    4.310000e-01    4.503920e+02    6.631317e+01
    4.320000e-01    4.515912e+02    6.657117e+01
    4.330000e-01    4.527909e+02    6.682971e+01
    4.340000e-01    4.539913e+02    6.708880e+01
    4.350000e-01    4.551922e+02    6.734844e+01
    4.360000e-01    4.563938e+02    6.760864e+01
    4.370000e-01    4.575959e+02    6.786940e+01
    4.380000e-01    4.587986e+02    6.813071e+01
    4.390000e-01    4.600020e+02    6.839260e+01
    4.400000e-01    4.612059e+02    6.865505e+01
    4.410000e-01    4.624104e+02    6.891807e+01
    4.420000e-01    4.636155e+02    6.918167e+01
    4.430000e-01    4.648213e+02    6.944584e+01
    4.440000e-01    4.660276e+02    6.971060e+01
    4.450000e-01    4.672345e+02    6.997593e+01
    4.460000e-01    4.684420e+02    7.024185e+01
    4.470000e-01    4.696501e+02    7.050835e+01
    4.480000e-01    4.708588e+02    7.077544e+01
    4.490000e-01    4.720681e+02    7.104311e+01
    4.500000e-01    4.732780e+02    7.131138e+01
    4.510000e-01    4.744885e+02    7.158023e+01
    4.520000e-01    4.756996e+02    7.184968e+01
    4.530000e-01    4.769113e+02    7.211973e+01
    4.540000e-01    4.781236e+02    7.239037e+01
    4.550000e-01    4.793365e+02    7.266160e+01
    4.560000e-01    4.805500e+02    7.293343e+01
    4.570000e-01    4.817641e+02    7.320586e+01
    4.580000e-01    4.829787e+02    7.347889e+01
    4.590000e-01    4.841940e+02    7.375252e+01
    4.600000e-01    4.854099e+02    7.402676e+01
    4.610000e-01    4.866263e+02    7.430159e+01
    4.620000e-01    4.878434e+02    7.457702e+01
    4.630000e-01    4.890611e+02    7.485306e+01
    4.640000e-01    4.902793e+02    7.512971e+01
    4.650000e-01    4.914982e+02    7.540695e+01
    4.660000e-01    4.927176e+02    7.568481e+01
    4.670000e-01    4.939377e+02    7.596326e+01
    4.680000e-01    4.951583e+02    7.624233e+01
    4.690000e-01    4.963795e+02    7.652200e+01
    4.700000e-01    4.976014e+02    7.680227e+01
    4.710000e-01    4.988238e+02    7.708316e+01
    4.720000e-01    5.000468e+02    7.736465e+01
    4.730000e-01    5.012705e+02    7.764675e+01
    4.740000e-01    5.024947e+02    7.792946e+01
    4.750000e-01    5.037195e+02    7.821278e+01
    4.760000e-01    5.049449e+02    7.849670e+01
    4.770000e-01    5.061710e+02    7.878124e+01
    4.780000e-01    5.073976e+02    7.906638e+01
    4.790000e-01    5.086248e+02    7.935213e+01
    4.800000e-01    5.098526e+02    7.963849e+01
    4.810000e-01    5.110810e+02    7.992547e+01
    4.820000e-01    5.123100e+02    8.021305e+01
    4.830000e-01    5.135396e+02    8.050124e+01
    4.840000e-01    5.147698e+02    8.079004e+01
    4.850000e-01    5.160006e+02    8.107945e+01
    4.860000e-01    5.172320e+02    8.136947e+01
    4.870000e-01    5.184640e+02    8.166010e+01
    4.880000e-01    5.196965e+02    8.195134e+01
    4.890000e-01    5.209297e+02    8.224319e+01
    4.900000e-01    5.221635e+02    8.253565e+01
    4.910000e-01    5.233979e+02    8.282872e+01
    4.920000e-01    5.246329e+02    8.312240e+01
    4.930000e-01    5.258684e+02    8.341669e+01
    4.940000e-01    5.271046e+02    8.371159e+01
    4.950000e-01    5.283414e+02    8.400710e+01
    4.960000e-01    5.295787e+02    8.430322e+01
    4.970000e-01    5.308167e+02    8.459995e+01
    4.980000e-01    5.320553e+02    8.489728e+01
    4.990000e-01    5.332944e+02    8.519523e+01
    5.000000e-01    5.345342e+02    8.549378e+01
    5.010000e-01    5.357745e+02    8.579294e+01
    5.020000e-01    5.370155e+02    8.609271e+01
    5.030000e-01    5.382570e+02    8.639309e+01
    5.040000e-01    5.394992e+02    8.669408e+01
    5.050000e-01    5.407419e+02    8.699567e+01
    5.060000e-01    5.419853e+02    8.729787e+01
    5.070000e-01    5.432292e+02    8.760068e+01
    5.080000e-01    5.444738e+02    8.790410e+01
    5.090000e-01    5.457189e+02    8.820812e+01
    5.100000e-01    5.469646e+02    8.851275e+01
    5.110000e-01    5.482110e+02    8.881799e+01
    5.120000e-01    5.494579e+02    8.912383e+01
    5.130000e-01    5.507054e+02    8.943027e+01
    5.140000e-01    5.519536e+02    8.973733e+01
    5.150000e-01    5.532023e+02    9.004498e+01
    5.160000e-01    5.544516e+02    9.035325e+01
    5.170000e-01    5.557015e+02    9.066211e+01
    5.180000e-01    5.569520e+02    9.097158e+01
    5.190000e-01    5.582032e+02    9.128166e+01
    5.200000e-01    5.594549e+02    9.159234e+01
    5.210000e-01    5.607072e+02    9.190362e+01
    5.220000e-01    5.619601e+02    9.221550e+01
    5.230000e-01    5.632136e+02    9.252799e+01
    5.240000e-01    5.644677e+02    9.284108e+01
    5.250000e-01    5.657224e+02    9.315477e+01
    5.260000e-01    5.669777e+02    9.346906e+01
    5.270000e-01    5.682336e+02    9.378396e+01
    5.280000e-01    5.694901e+02    9.409945e+01
    5.290000e-01    5.707472e+02    9.441554e+01
    5.300000e-01    5.720049e+02    9.473224e+01
    5.310000e-01    5.732632e+02    9.504953e+01
    5.320000e-01    5.745221e+02    9.536743e+01
    5.330000e-01    5.757816e+02    9.568592e+01
    5.340000e-01    5.770417e+02    9.600501e+01
    5.350000e-01    5.783024e+02    9.632470e+01
    5.360000e-01    5.795637e+02    9.664498e+01
    5.370000e-01    5.808255e+02    9.696586e+01
    5.380000e-01    5.820880e+02    9.728734e+01
    5.390000e-01    5.833511e+02    9.760942e+01
    5.400000e-01    5.846148e+02    9.793209e+01
    5.410000e-01    5.858790e+02    9.825536e+01
    5.420000e-01    5.871439e+02    9.857922e+01
    5.430000e-01    5.884094e+02    9.890368e+01
    5.440000e-01    5.896755e+02    9.922873e+01
    5.450000e-01    5.909421e+02    9.955437e+01
    5.460000e-01    5.922094e+02    9.988061e+01
    5.470000e-01    5.934773e+02    1.002074e+02
    5.480000e-01    5.947457e+02    1.005349e+02
    5.490000e-01    5.960148e+02    1.008629e+02
    5.500000e-01    5.972844e+02    1.011915e+02
    5.510000e-01    5.985547e+02    1.015207e+02
    5.520000e-01    5.998255e+02    1.018505e+02
    5.530000e-01    6.010970e+02    1.021808e+02
    5.540000e-01    6.023690e+02    1.025118e+02
    5.550000e-01    6.036417e+02    1.028434e+02
    5.560000e-01    6.049149e+02    1.031755e+02
    5.570000e-01    6.061888e+02    1.035083e+02
    5.580000e-01    6.074632e+02    1.038416e+02
    5.590000e-01    6.087383e+02    1.041755e+02
    5.600000e-01    6.100139e+02    1.045100e+02
    5.610000e-01    6.112901e+02    1.048451e+02
    5.620000e-01    6.125670e+02    1.051807e+02
    5.630000e-01    6.138444e+02    1.055170e+02
    5.640000e-01    6.151224e+02    1.058538e+02
    5.650000e-01    6.164010e+02    1.061912e+02
    5.660000e-01    6.176803e+02    1.065292e+02
    5.670000e-01    6.189601e+02    1.068678e+02
    5.680000e-01    6.202405e+02    1.072070e+02
    5.690000e-01    6.215215e+02    1.075468e+02
    5.700000e-01    6.228031e+02    1.078871e+02
    5.710000e-01    6.240853e+02    1.082280e+02
    5.720000e-01    6.253682e+02    1.085695e+02
    5.730000e-01    6.266516e+02    1.089116e+02
    5.740000e-01    6.279356e+02    1.092543e+02
    5.750000e-01    6.292202e+02    1.095975e+02
    5.760000e-01    6.305054e+02    1.099413e+02
    5.770000e-01    6.317912e+02    1.102857e+02
    5.780000e-01    6.330776e+02    1.106307e+02
    5.790000e-01    6.343645e+02    1.109762e+02
    5.800000e-01    6.356521e+02    1.113224e+02
    5.810000e-01    6.369403e+02    1.116691e+02
    5.820000e-01    6.382291e+02    1.120163e+02
    5.830000e-01    6.395185e+02    1.123642e+02
    5.840000e-01    6.408085e+02    1.127126e+02
    5.850000e-01    6.420990e+02    1.130616e+02
    5.860000e-01    6.433902e+02    1.134112e+02
    5.870000e-01    6.446820e+02    1.137614e+02
    5.880000e-01    6.459743e+02    1.141121e+02
    5.890000e-01    6.472673e+02    1.144634e+02
    5.900000e-01    6.485609e+02    1.148153e+02
    5.910000e-01    6.498550e+02    1.151677e+02
    5.920000e-01    6.511498e+02    1.155207e+02
    5.930000e-01    6.524451e+02    1.158743e+02
    5.940000e-01    6.537411e+02    1.162284e+02
    5.950000e-01    6.550376e+02    1.165832e+02
    5.960000e-01    6.563348e+02    1.169384e+02
    5.970000e-01    6.576325e+02    1.172943e+02
    5.980000e-01    6.589308e+02    1.176507e+02
    5.990000e-01    6.602298e+02    1.180077e+02
    6.000000e-01    6.615293e+02    1.183653e+02
    6.010000e-01    6.628294e+02    1.187234e+02
    6.020000e-01    6.641301e+02    1.190821e+02
    6.030000e-01    6.654314e+02    1.194413e+02
    6.040000e-01    6.667333e+02    1.198011e+02
    6.050000e-01    6.680359e+02    1.201615e+02
    6.060000e-01    6.693390e+02    1.205225e+02
    6.070000e-01    6.706427e+02    1.208840e+02
    6.080000e-01    6.719470e+02    1.212460e+02
    6.090000e-01    6.732518e+02    1.216087e+02
    6.100000e-01    6.745573e+02    1.219719e+02
    6.110000e-01    6.758634e+02    1.223356e+02
    6.120000e-01    6.771701e+02    1.226999e+02
    6.130000e-01    6.784774e+02    1.230648e+02
    6.140000e-01    6.797852e+02    1.234302e+02
    6.150000e-01    6.810937e+02    1.237962e+02
    6.160000e-01    6.824028e+02    1.241628e+02
    6.170000e-01    6.837124e+02    1.245299e+02
    6.180000e-01    6.850227e+02    1.248975e+02
    6.190000e-01    6.863335e+02    1.252657e+02
    6.200000e-01    6.876450e+02    1.256345e+02
    6.210000e-01    6.889570e+02    1.260038e+02
    6.220000e-01    6.902696e+02    1.263737e+02
    6.230000e-01    6.915829e+02    1.267441e+02
    6.240000e-01    6.928967e+02    1.271151e+02
    6.250000e-01    6.942111e+02    1.274867e+02
    6.260000e-01    6.955261e+02    1.278588e+02
    6.270000e-01    6.968417e+02    1.282314e+02
    6.280000e-01    6.981579e+02    1.286046e+02
    6.290000e-01    6.994747e+02    1.289784e+02
    6.300000e-01    7.007921e+02    1.293527e+02
    6.310000e-01    7.021101e+02    1.297275e+02
    6.320000e-01    7.034287e+02    1.301029e+02
    6.330000e-01    7.047479e+02    1.304789e+02
    6.340000e-01    7.060676e+02    1.308554e+02
    6.350000e-01    7.073880e+02    1.312324e+02
    6.360000e-01    7.087090e+02    1.316100e+02
    6.370000e-01    7.100305e+02    1.319881e+02
    6.380000e-01    7.113527e+02    1.323668e+02
    6.390000e-01    7.126754e+02    1.327460e+02
    6.400000e-01    7.139987e+02    1.331258e+02
    6.410000e-01    7.153227e+02    1.335061e+02
    6.420000e-01    7.166472e+02    1.338870e+02
    6.430000e-01    7.179723e+02    1.342684e+02
    6.440000e-01    7.192980e+02    1.346503e+02
    6.450000e-01    7.206243e+02    1.350328e+02
    6.460000e-01    7.219512e+02    1.354159e+02
    6.470000e-01    7.232787e+02    1.357994e+02
    6.480000e-01    7.246068e+02    1.361836e+02
    6.490000e-01    7.259355e+02    1.365682e+02
    6.500000e-01    7.272647e+02    1.369534e+02
    6.510000e-01    7.285946e+02    1.373391e+02
    6.520000e-01    7.299251e+02    1.377254e+02
    6.530000e-01    7.312561e+02    1.381122e+02
    6.540000e-01    7.325878e+02    1.384996e+02
    6.550000e-01    7.339200e+02    1.388874e+02
    6.560000e-01    7.352528e+02    1.392759e+02
    6.570000e-01    7.365862e+02    1.396648e+02
    6.580000e-01    7.379202e+02    1.400543e+02
    6.590000e-01    7.392549e+02    1.404443e+02
    6.600000e-01    7.405900e+02    1.408349e+02
    6.610000e-01    7.419258e+02    1.412260e+02
    6.620000e-01    7.432622e+02    1.416176e+02
    6.630000e-01    7.445992e+02    1.420098e+02
    6.640000e-01    7.459368e+02    1.424025e+02
    6.650000e-01    7.472749e+02    1.427957e+02
    6.660000e-01    7.486137e+02    1.431894e+02
    6.670000e-01    7.499530e+02    1.435837e+02
    6.680000e-01    7.512929e+02    1.439785e+02
    6.690000e-01    7.526335e+02    1.443739e+02
    6.700000e-01    7.539746e+02    1.447698e+02
    6.710000e-01    7.553163e+02    1.451662e+02
    6.720000e-01    7.566586e+02    1.455631e+02
    6.730000e-01    7.580015e+02    1.459605e+02
    6.740000e-01    7.593449e+02    1.463585e+02
    6.750000e-01    7.606890e+02    1.467570e+02
    6.760000e-01    7.620337e+02    1.471561e+02
    6.770000e-01    7.633789e+02    1.475556e+02
    6.780000e-01    7.647248e+02    1.479557e+02
    6.790000e-01    7.660712e+02    1.483563e+02
    6.800000e-01    7.674182e+02    1.487574e+02
    6.810000e-01    7.687658e+02    1.491591e+02
    6.820000e-01    7.701140e+02    1.495613e+02
    6.830000e-01    7.714628e+02    1.499640e+02
    6.840000e-01    7.728122e+02    1.503672e+02
    6.850000e-01    7.741622e+02    1.507709e+02
    6.860000e-01    7.755127e+02    1.511752e+02
    6.870000e-01    7.768639e+02    1.515800e+02
    6.880000e-01    7.782156e+02    1.519853e+02
    6.890000e-01    7.795680e+02    1.523911e+02
    6.900000e-01    7.809209e+02    1.527974e+02
    6.910000e-01    7.822744e+02    1.532043e+02
    6.920000e-01    7.836285e+02    1.536117e+02
    6.930000e-01    7.849832e+02    1.540196e+02
    6.940000e-01    7.863384e+02    1.544280e+02
    6.950000e-01    7.876943e+02    1.548369e+02
    6.960000e-01    7.890508e+02    1.552463e+02
    6.970000e-01    7.904078e+02    1.556563e+02
    6.980000e-01    7.917654e+02    1.560667e+02
    6.990000e-01    7.931237e+02    1.564777e+02
    7.000000e-01    7.944825e+02    1.568892e+02
    7.010000e-01    7.958419e+02    1.573012e+02
    7.020000e-01    7.972019e+02    1.577137e+02
    7.030000e-01    7.985624e+02    1.581268e+02
    7.040000e-01    7.999236e+02    1.585403e+02
    7.050000e-01    8.012853e+02    1.589544e+02
    7.060000e-01    8.026477e+02    1.593689e+02
    7.070000e-01    8.040106e+02    1.597840e+02
    7.080000e-01    8.053741e+02    1.601996e+02
    7.090000e-01    8.067382e+02    1.606157e+02
    7.100000e-01    8.081029e+02    1.610323e+02
    7.110000e-01    8.094682e+02    1.614494e+02
    7.120000e-01    8.108340e+02    1.618670e+02
    7.130000e-01    8.122005e+02    1.622851e+02
    7.140000e-01    8.135675e+02    1.627037e+02
    7.150000e-01    8.149351e+02    1.631228e+02
    7.160000e-01    8.163033e+02    1.635425e+02
    7.170000e-01    8.176721e+02    1.639626e+02
    7.180000e-01    8.190415e+02    1.643833e+02
    7.190000e-01    8.204115e+02    1.648044e+02
    7.200000e-01    8.217820e+02    1.652260e+02
    7.210000e-01    8.231532e+02    1.656482e+02
    7.220000e-01    8.245249e+02    1.660709e+02
    7.230000e-01    8.258972e+02    1.664940e+02
    7.240000e-01    8.272701e+02    1.669177e+02
    7.250000e-01    8.286436e+02    1.673418e+02
    7.260000e-01    8.300176e+02    1.677665e+02
    7.270000e-01    8.313923e+02    1.681916e+02
    7.280000e-01    8.327675e+02    1.686173e+02
    7.290000e-01    8.341433e+02    1.690434e+02
    7.300000e-01    8.355197e+02    1.694701e+02
    7.310000e-01    8.368967e+02    1.698972e+02
    7.320000e-01    8.382743e+02    1.703249e+02
    7.330000e-01    8.396525e+02    1.707530e+02
    7.340000e-01    8.410312e+02    1.711816e+02
    7.350000e-01    8.424105e+02    1.716108e+02
    7.360000e-01    8.437904e+02    1.720404e+02
    7.370000e-01    8.451709e+02    1.724705e+02
    7.380000e-01    8.465520e+02    1.729011e+02
    7.390000e-01    8.479337e+02    1.733322e+02
    7.400000e-01    8.493159e+02    1.737638e+02
    7.410000e-01    8.506988e+02    1.741959e+02
    7.420000e-01    8.520822e+02    1.746285e+02
    7.430000e-01    8.534662e+02    1.750612e+02
    7.440000e-01    8.548508e+02    1.754942e+02
    7.450000e-01    8.562359e+02    1.759276e+02
    7.460000e-01    8.576217e+02    1.763614e+02
    7.470000e-01    8.590080e+02    1.767956e+02
    7.480000e-01    8.603949e+02    1.772302e+02
    7.490000e-01    8.617824e+02    1.776653e+02
    7.500000e-01    8.631705e+02    1.781007e+02
    7.510000e-01    8.645591e+02    1.785366e+02
    7.520000e-01    8.659484e+02    1.789730e+02
    7.530000e-01    8.673382e+02    1.794097e+02
    7.540000e-01    8.687286e+02    1.798469e+02
    7.550000e-01    8.701195e+02    1.802846e+02
    7.560000e-01    8.715111e+02    1.807227e+02
    7.570000e-01    8.729032e+02    1.811612e+02
    7.580000e-01    8.742959e+02    1.816002e+02
    7.590000e-01    8.756892e+02    1.820396e+02
    7.600000e-01    8.770831e+02    1.824795e+02
    7.610000e-01    8.784776e+02    1.829198e+02
    7.620000e-01    8.798726e+02    1.833606e+02
    7.630000e-01    8.812682e+02    1.838018e+02
    7.640000e-01    8.826644e+02    1.842435e+02
    7.650000e-01    8.840611e+02    1.846857e+02
    7.660000e-01    8.854585e+02    1.851282e+02
    7.670000e-01    8.868564e+02    1.855713e+02
    7.680000e-01    8.882549e+02    1.860148e+02
    7.690000e-01    8.896540e+02    1.864587e+02
    7.700000e-01    8.910536e+02    1.869031e+02
    7.710000e-01    8.924539e+02    1.873480e+02
    7.720000e-01    8.938547e+02    1.877933e+02
    7.730000e-01    8.952561e+02    1.882390e+02
    7.740000e-01    8.966580e+02    1.886852e+02
    7.750000e-01    8.980606e+02    1.891319e+02
    7.760000e-01    8.994637e+02    1.895790e+02
    7.770000e-01    9.008674e+02    1.900266e+02
    7.780000e-01    9.022717e+02    1.904746e+02
    7.790000e-01    9.036765e+02    1.909231e+02
    7.800000e-01    9.050819e+02    1.913720e+02
    7.810000e-01    9.064879e+02    1.918214e+02
    7.820000e-01    9.078945e+02    1.922712e+02
    7.830000e-01    9.093016e+02    1.927215e+02
    7.840000e-01    9.107094e+02    1.931722e+02
    7.850000e-01    9.121177e+02    1.936234e+02
    7.860000e-01    9.135265e+02    1.940751e+02
    7.870000e-01    9.149360e+02    1.945272e+02
    7.880000e-01    9.163460e+02    1.949797e+02
    7.890000e-01    9.177566e+02    1.954327e+02
    7.900000e-01    9.191678e+02    1.958862e+02
    7.910000e-01    9.205795e+02    1.963401e+02
    7.920000e-01    9.219919e+02    1.967944e+02
    7.930000e-01    9.234048e+02    1.972492e+02
    7.940000e-01    9.248182e+02    1.977045e+02
    7.950000e-01    9.262323e+02    1.981602e+02
    7.960000e-01    9.276469e+02    1.986163e+02
    7.970000e-01    9.290621e+02    1.990729e+02
    7.980000e-01    9.304778e+02    1.995300e+02
    7.990000e-01    9.318942e+02    1.999875e+02
    8.000000e-01    9.333111e+02    2.004455e+02
    8.010000e-01    9.347286e+02    2.009039e+02
    8.020000e-01    9.361466e+02    2.013627e+02
    8.030000e-01    9.375653e+02    2.018220e+02
    8.040000e-01    9.389845e+02    2.022817e+02
    8.050000e-01    9.404042e+02    2.027419e+02
    8.060000e-01    9.418246e+02    2.032026e+02
    8.070000e-01    9.432455e+02    2.036637e+02
    8.080000e-01    9.446670e+02    2.041252e+02
    8.090000e-01    9.460890e+02    2.045872e+02
    8.100000e-01    9.475117e+02    2.050496e+02
    8.110000e-01    9.489349e+02    2.055125e+02
    8.120000e-01    9.503586e+02    2.059758e+02
    8.130000e-01    9.517830e+02    2.064396e+02
    8.140000e-01    9.532079e+02    2.069038e+02
    8.150000e-01    9.546334e+02    2.073684e+02
    8.160000e-01    9.560594e+02    2.078335e+02
    8.170000e-01    9.574860e+02    2.082991e+02
    8.180000e-01    9.589132e+02    2.087650e+02
    8.190000e-01    9.603410e+02    2.092315e+02
    8.200000e-01    9.617693e+02    2.096983e+02
    8.210000e-01    9.631982e+02    2.101656e+02
    8.220000e-01    9.646277e+02    2.106334e+02
    8.230000e-01    9.660578e+02    2.111016e+02
    8.240000e-01    9.674884e+02    2.115702e+02
    8.250000e-01    9.689196e+02    2.120393e+02
    8.260000e-01    9.703513e+02    2.125088e+02
    8.270000e-01    9.717836e+02    2.129788e+02
    8.280000e-01    9.732165e+02    2.134492e+02
    8.290000e-01    9.746500e+02    2.139200e+02
    8.300000e-01    9.760840e+02    2.143913e+02
    8.310000e-01    9.775186e+02    2.148630e+02
    8.320000e-01    9.789537e+02    2.153352e+02
    8.330000e-01    9.803895e+02    2.158078e+02
    8.340000e-01    9.818258e+02    2.162808e+02
    8.350000e-01    9.832626e+02    2.167543e+02
    8.360000e-01    9.847001e+02    2.172282e+02
    8.370000e-01    9.861380e+02    2.177025e+02
    8.380000e-01    9.875766e+02    2.181773e+02
    8.390000e-01    9.890157e+02    2.186525e+02
    8.400000e-01    9.904554e+02    2.191282e+02
    8.410000e-01    9.918957e+02    2.196043e+02
    8.420000e-01    9.933365e+02    2.200808e+02
    8.430000e-01    9.947779e+02    2.205577e+02
    8.440000e-01    9.962199e+02    2.210351e+02
    8.450000e-01    9.976624e+02    2.215130e+02
    8.460000e-01    9.991055e+02    2.219912e+02
    8.470000e-01    1.000549e+03    2.224699e+02
    8.480000e-01    1.001993e+03    2.229490e+02
    8.490000e-01    1.003438e+03    2.234286e+02
    8.500000e-01    1.004884e+03    2.239086e+02
    8.510000e-01    1.006329e+03    2.243890e+02
    8.520000e-01    1.007776e+03    2.248699e+02
    8.530000e-01    1.009223e+03    2.253512e+02
    8.540000e-01    1.010671e+03    2.258329e+02
    8.550000e-01    1.012119e+03    2.263150e+02
    8.560000e-01    1.013568e+03    2.267976e+02
    8.570000e-01    1.015017e+03    2.272806e+02
    8.580000e-01    1.016467e+03    2.277640e+02
    8.590000e-01    1.017917e+03    2.282479e+02
    8.600000e-01    1.019368e+03    2.287322e+02
    8.610000e-01    1.020820e+03    2.292169e+02
    8.620000e-01    1.022272e+03    2.297021e+02
    8.630000e-01    1.023725e+03    2.301877e+02
    8.640000e-01    1.025178e+03    2.306737e+02
    8.650000e-01    1.026632e+03    2.311601e+02
    8.660000e-01    1.028086e+03    2.316470e+02
    8.670000e-01    1.029541e+03    2.321342e+02
    8.680000e-01    1.030996e+03    2.326219e+02
    8.690000e-01    1.032452e+03    2.331101e+02
    8.700000e-01    1.033909e+03    2.335986e+02
    8.710000e-01    1.035366e+03    2.340876e+02
    8.720000e-01    1.036824e+03    2.345770e+02
    8.730000e-01    1.038282e+03    2.350669e+02
    8.740000e-01    1.039741e+03    2.355571e+02
    8.750000e-01    1.041201e+03    2.360478e+02
    8.760000e-01    1.042661e+03    2.365389e+02
    8.770000e-01    1.044121e+03    2.370304e+02
    8.780000e-01    1.045582e+03    2.375224e+02
    8.790000e-01    1.047044e+03    2.380148e+02
    8.800000e-01    1.048506e+03    2.385075e+02
    8.810000e-01    1.049969e+03    2.390008e+02
    8.820000e-01    1.051432e+03    2.394944e+02
    8.830000e-01    1.052896e+03    2.399884e+02
    8.840000e-01    1.054361e+03    2.404829e+02
    8.850000e-01    1.055826e+03    2.409778e+02
    8.860000e-01    1.057291e+03    2.414731e+02
    8.870000e-01    1.058758e+03    2.419688e+02
    8.880000e-01    1.060224e+03    2.424650e+02
    8.890000e-01    1.061692e+03    2.429616e+02
    8.900000e-01    1.063159e+03    2.434585e+02
    8.910000e-01    1.064628e+03    2.439559e+02
    8.920000e-01    1.066097e+03    2.444538e+02
    8.930000e-01    1.067566e+03    2.449520e+02
    8.940000e-01    1.069036e+03    2.454507e+02
    8.950000e-01    1.070507e+03    2.459497e+02
    8.960000e-01    1.071978e+03    2.464492e+02
    8.970000e-01    1.073450e+03    2.469491e+02
    8.980000e-01    1.074922e+03    2.474494e+02
    8.990000e-01    1.076395e+03    2.479501e+02
    9.000000e-01    1.077868e+03    2.484513e+02
    9.010000e-01    1.079342e+03    2.489528e+02
    9.020000e-01    1.080817e+03    2.494548e+02
    9.030000e-01    1.082292e+03    2.499572e+02
    9.040000e-01    1.083768e+03    2.504600e+02
    9.050000e-01    1.085244e+03    2.509632e+02
    9.060000e-01    1.086720e+03    2.514668e+02
    9.070000e-01    1.088198e+03    2.519709e+02
    9.080000e-01    1.089676e+03    2.524753e+02
    9.090000e-01    1.091154e+03    2.529802e+02
    9.100000e-01    1.092633e+03    2.534854e+02
    9.110000e-01    1.094113e+03    2.539911e+02
    9.120000e-01    1.095593e+03    2.544972e+02
    9.130000e-01    1.097073e+03    2.550037e+02
    9.140000e-01    1.098555e+03    2.555106e+02
    9.150000e-01    1.100036e+03    2.560179e+02
    9.160000e-01    1.101519e+03    2.565256e+02
    9.170000e-01    1.103001e+03    2.570337e+02
    9.180000e-01    1.104485e+03    2.575423e+02
    9.190000e-01    1.105969e+03    2.580512e+02
    9.200000e-01    1.107453e+03    2.585606e+02
    9.210000e-01    1.108938e+03    2.590703e+02
    9.220000e-01    1.110424e+03    2.595805e+02
    9.230000e-01    1.111910e+03    2.600911e+02
    9.240000e-01    1.113397e+03    2.606020e+02
    9.250000e-01    1.114884e+03    2.611134e+02
    9.260000e-01    1.116372e+03    2.616252e+02
    9.270000e-01    1.117860e+03    2.621374e+02
    9.280000e-01    1.119349e+03    2.626500e+02
    9.290000e-01    1.120839e+03    2.631630e+02
    9.300000e-01    1.122329e+03    2.636764e+02
    9.310000e-01    1.123820e+03    2.641902e+02
    9.320000e-01    1.125311e+03    2.647044e+02
    9.330000e-01    1.126802e+03    2.652190e+02
    9.340000e-01    1.128295e+03    2.657341e+02
    9.350000e-01    1.129788e+03    2.662495e+02
    9.360000e-01    1.131281e+03    2.667653e+02
    9.370000e-01    1.132775e+03    2.672815e+02
    9.380000e-01    1.134269e+03    2.677981e+02
    9.390000e-01    1.135764e+03    2.683152e+02
    9.400000e-01    1.137260e+03    2.688326e+02
    9.410000e-01    1.138756e+03    2.693504e+02
    9.420000e-01    1.140253e+03    2.698686e+02
    9.430000e-01    1.141750e+03    2.703873e+02
    9.440000e-01    1.143248e+03    2.709063e+02
    9.450000e-01    1.144746e+03    2.714257e+02
    9.460000e-01    1.146245e+03    2.719455e+02
    9.470000e-01    1.147744e+03    2.724657e+02
    9.480000e-01    1.149244e+03    2.729863e+02
    9.490000e-01    1.150745e+03    2.735074e+02
    9.500000e-01    1.152246e+03    2.740288e+02
    9.510000e-01    1.153747e+03    2.745506e+02
    9.520000e-01    1.155250e+03    2.750728e+02
    9.530000e-01    1.156752e+03    2.755954e+02
    9.540000e-01    1.158256e+03    2.761183e+02
    9.550000e-01    1.159759e+03    2.766417e+02
    9.560000e-01    1.161264e+03    2.771655e+02
    9.570000e-01    1.162769e+03    2.776897e+02
    9.580000e-01    1.164274e+03    2.782143e+02
    9.590000e-01    1.165780e+03    2.787392e+02
    9.600000e-01    1.167287e+03    2.792646e+02
    9.610000e-01    1.168794e+03    2.797903e+02
    9.620000e-01    1.170301e+03    2.803165e+02
    9.630000e-01    1.171810e+03    2.808430e+02
    9.640000e-01    1.173318e+03    2.813699e+02
    9.650000e-01    1.174828e+03    2.818973e+02
    9.660000e-01    1.176337e+03    2.824250e+02
    9.670000e-01    1.177848e+03    2.829531e+02
    9.680000e-01    1.179359e+03    2.834816e+02
    9.690000e-01    1.180870e+03    2.840105e+02
    9.700000e-01    1.182382e+03    2.845397e+02
    9.710000e-01    1.183895e+03    2.850694e+02
    9.720000e-01    1.185408e+03    2.855994e+02
    9.730000e-01    1.186922e+03    2.861299e+02
    9.740000e-01    1.188436e+03    2.866607e+02
    9.750000e-01    1.189950e+03    2.871919e+02
    9.760000e-01    1.191466e+03    2.877236e+02
    9.770000e-01    1.192982e+03    2.882555e+02
    9.780000e-01    1.194498e+03    2.887879e+02
    9.790000e-01    1.196015e+03    2.893207e+02
    9.800000e-01    1.197532e+03    2.898539e+02
    9.810000e-01    1.199050e+03    2.903874e+02
    9.820000e-01    1.200569e+03    2.909213e+02
    9.830000e-01    1.202088e+03    2.914557e+02
    9.840000e-01    1.203608e+03    2.919904e+02
    9.850000e-01    1.205128e+03    2.925255e+02
    9.860000e-01    1.206649e+03    2.930609e+02
    9.870000e-01    1.208170e+03    2.935968e+02
    9.880000e-01    1.209692e+03    2.941330e+02
    9.890000e-01    1.211214e+03    2.946697e+02
    9.900000e-01    1.212737e+03    2.952067e+02
    9.910000e-01    1.214260e+03    2.957441e+02
    9.920000e-01    1.215784e+03    2.962818e+02
    9.930000e-01    1.217309e+03    2.968200e+02
    9.940000e-01    1.218834e+03    2.973586e+02
    9.950000e-01    1.220360e+03    2.978975e+02
    9.960000e-01    1.221886e+03    2.984368e+02
    9.970000e-01    1.223412e+03    2.989765e+02
    9.980000e-01    1.224940e+03    2.995166e+02
    9.990000e-01    1.226467e+03    3.000570e+02
    1.000000e+00    1.227996e+03    3.005978e+02
    1.001000e+00    1.229525e+03    3.011391e+02
    1.002000e+00    1.231054e+03    3.016806e+02
    1.003000e+00    1.232584e+03    3.022226e+02
    1.004000e+00    1.234115e+03    3.027650e+02
    1.005000e+00    1.235646e+03    3.033077e+02
    1.006000e+00    1.237177e+03    3.038508e+02
    1.007000e+00    1.238709e+03    3.043943e+02
    1.008000e+00    1.240242e+03    3.049382e+02
    1.009000e+00    1.241775e+03    3.054824e+02
    1.010000e+00    1.243309e+03    3.060270e+02
    1.011000e+00    1.244843e+03    3.065720e+02
    1.012000e+00    1.246378e+03    3.071174e+02
    1.013000e+00    1.247913e+03    3.076632e+02
    1.014000e+00    1.249449e+03    3.082093e+02
    1.015000e+00    1.250986e+03    3.087558e+02
    1.016000e+00    1.252522e+03    3.093027e+02
    1.017000e+00    1.254060e+03    3.098499e+02
    1.018000e+00    1.255598e+03    3.103976e+02
    1.019000e+00    1.257137e+03    3.109456e+02
    1.020000e+00    1.258676e+03    3.114940e+02
    1.021000e+00    1.260215e+03    3.120427e+02
    1.022000e+00    1.261756e+03    3.125919e+02
    1.023000e+00    1.263296e+03    3.131414e+02
    1.024000e+00    1.264838e+03    3.136912e+02
    1.025000e+00    1.266379e+03    3.142415e+02
    1.026000e+00    1.267922e+03    3.147921e+02
    1.027000e+00    1.269465e+03    3.153431e+02
    1.028000e+00    1.271008e+03    3.158945e+02
    1.029000e+00    1.272552e+03    3.164462e+02
    1.030000e+00    1.274096e+03    3.169983e+02
    1.031000e+00    1.275641e+03    3.175508e+02
    1.032000e+00    1.277187e+03    3.181037e+02
    1.033000e+00    1.278733e+03    3.186569e+02
    1.034000e+00    1.280280e+03    3.192105e+02
    1.035000e+00    1.281827e+03    3.197645e+02
    1.036000e+00    1.283375e+03    3.203188e+02
    1.037000e+00    1.284923e+03    3.208735e+02
    1.038000e+00    1.286472e+03    3.214286e+02
    1.039000e+00    1.288021e+03    3.219840e+02
    1.040000e+00    1.289571e+03    3.225398e+02
    1.041000e+00    1.291121e+03    3.230960e+02
    1.042000e+00    1.292672e+03    3.236525e+02
    1.043000e+00    1.294223e+03    3.242095e+02
    1.044000e+00    1.295775e+03    3.247667e+02
    1.045000e+00    1.297328e+03    3.253244e+02
    1.046000e+00    1.298881e+03    3.258824e+02
    1.047000e+00    1.300435e+03    3.264408e+02
    1.048000e+00    1.301989e+03    3.269995e+02
    1.049000e+00    1.303543e+03    3.275586e+02
    1.050000e+00    1.305098e+03    3.281181e+02
    1.051000e+00    1.306654e+03    3.286780e+02
    1.052000e+00    1.308210e+03    3.292382e+02
    1.053000e+00    1.309767e+03    3.297988e+02
    1.054000e+00    1.311324e+03    3.303597e+02
    1.055000e+00    1.312882e+03    3.309210e+02
    1.056000e+00    1.314441e+03    3.314827e+02
    1.057000e+00    1.316000e+03    3.320447e+02
    1.058000e+00    1.317559e+03    3.326071e+02
    1.059000e+00    1.319119e+03    3.331699e+02
    1.060000e+00    1.320680e+03    3.337330e+02
    1.061000e+00    1.322241e+03    3.342965e+02
    1.062000e+00    1.323802e+03    3.348603e+02
    1.063000e+00    1.325364e+03    3.354245e+02
    1.064000e+00    1.326927e+03    3.359891e+02
    1.065000e+00    1.328490e+03    3.365540e+02
    1.066000e+00    1.330054e+03    3.371193e+02
    1.067000e+00    1.331618e+03    3.376850e+02
    1.068000e+00    1.333183e+03    3.382510e+02
    1.069000e+00    1.334748e+03    3.388174e+02
    1.070000e+00    1.336314e+03    3.393841e+02
    1.071000e+00    1.337880e+03    3.399512e+02
    1.072000e+00    1.339447e+03    3.405186e+02
    1.073000e+00    1.341014e+03    3.410865e+02
    1.074000e+00    1.342582e+03    3.416546e+02
    1.075000e+00    1.344151e+03    3.422232e+02
    1.076000e+00    1.345720e+03    3.427921e+02
    1.077000e+00    1.347289e+03    3.433613e+02
    1.078000e+00    1.348859e+03    3.439309e+02
    1.079000e+00    1.350430e+03    3.445009e+02
    1.080000e+00    1.352001e+03    3.450712e+02
    1.081000e+00    1.353573e+03    3.456419e+02
    1.082000e+00    1.355145e+03    3.462129e+02
    1.083000e+00    1.356717e+03    3.467843e+02
    1.084000e+00    1.358291e+03    3.473560e+02
    1.085000e+00    1.359864e+03    3.479281e+02
    1.086000e+00    1.361439e+03    3.485006e+02
    1.087000e+00    1.363013e+03    3.490734e+02
    1.088000e+00    1.364589e+03    3.496466e+02
    1.089000e+00    1.366165e+03    3.502201e+02
    1.090000e+00    1.367741e+03    3.507940e+02
    1.091000e+00    1.369318e+03    3.513682e+02
    1.092000e+00    1.370895e+03    3.519428e+02
    1.093000e+00    1.372473e+03    3.525177e+02
    1.094000e+00    1.374052e+03    3.530930e+02
    1.095000e+00    1.375631e+03    3.536687e+02
    1.096000e+00    1.377210e+03    3.542447e+02
    1.097000e+00    1.378790e+03    3.548210e+02
    1.098000e+00    1.380371e+03    3.553977e+02
    1.099000e+00    1.381952e+03    3.559748e+02
    1.100000e+00    1.383534e+03    3.565522e+02
    1.101000e+00    1.385116e+03    3.571299e+02
    1.102000e+00    1.386698e+03    3.577080e+02
    1.103000e+00    1.388282e+03    3.582865e+02
    1.104000e+00    1.389865e+03    3.588653e+02
    1.105000e+00    1.391450e+03    3.594445e+02
    1.106000e+00    1.393034e+03    3.600240e+02
    1.107000e+00    1.394620e+03    3.606039e+02
    1.108000e+00    1.396206e+03    3.611841e+02
    1.109000e+00    1.397792e+03    3.617646e+02
    1.110000e+00    1.399379e+03    3.623455e+02
    1.111000e+00    1.400966e+03    3.629268e+02
    1.112000e+00    1.402554e+03    3.635084e+02
    1.113000e+00    1.404143e+03    3.640904e+02
    1.114000e+00    1.405732e+03    3.646727e+02
    1.115000e+00    1.407321e+03    3.652553e+02
    1.116000e+00    1.408911e+03    3.658383e+02
    1.117000e+00    1.410502e+03    3.664217e+02
    1.118000e+00    1.412093e+03    3.670054e+02
    1.119000e+00    1.413684e+03    3.675894e+02
    1.120000e+00    1.415276e+03    3.681738e+02
    1.121000e+00    1.416869e+03    3.687585e+02
    1.122000e+00    1.418462e+03    3.693436e+02
    1.123000e+00    1.420056e+03    3.699290e+02
    1.124000e+00    1.421650e+03    3.705148e+02
    1.125000e+00    1.423245e+03    3.711009e+02
    1.126000e+00    1.424840e+03    3.716874e+02
    1.127000e+00    1.426436e+03    3.722742e+02
    1.128000e+00    1.428032e+03    3.728614e+02
    1.129000e+00    1.429629e+03    3.734489e+02
    1.130000e+00    1.431226e+03    3.740367e+02
    1.131000e+00    1.432824e+03    3.746249e+02
    1.132000e+00    1.434422e+03    3.752134e+02
    1.133000e+00    1.436021e+03    3.758023e+02
    1.134000e+00    1.437621e+03    3.763915e+02
    1.135000e+00    1.439220e+03    3.769811e+02
    1.136000e+00    1.440821e+03    3.775710e+02
    1.137000e+00    1.442422e+03    3.781612e+02
    1.138000e+00    1.444023e+03    3.787518e+02
    1.139000e+00    1.445625e+03    3.793427e+02
    1.140000e+00    1.447228e+03    3.799340e+02
    1.141000e+00    1.448831e+03    3.805256e+02
    1.142000e+00    1.450434e+03    3.811175e+02
    1.143000e+00    1.452038e+03    3.817098e+02
    1.144000e+00    1.453643e+03    3.823024e+02
    1.145000e+00    1.455248e+03    3.828954e+02
    1.146000e+00    1.456854e+03    3.834887e+02
    1.147000e+00    1.458460e+03    3.840824e+02
    1.148000e+00    1.460067e+03    3.846764e+02
    1.149000e+00    1.461674e+03    3.852707e+02
    1.150000e+00    1.463281e+03    3.858654e+02
    1.151000e+00    1.464890e+03    3.864604e+02
    1.152000e+00    1.466498e+03    3.870557e+02
    1.153000e+00    1.468108e+03    3.876514e+02
    1.154000e+00    1.469717e+03    3.882474e+02
    1.155000e+00    1.471328e+03    3.888438e+02
    1.156000e+00    1.472939e+03    3.894405e+02
    1.157000e+00    1.474550e+03    3.900375e+02
    1.158000e+00    1.476162e+03    3.906349e+02
    1.159000e+00    1.477774e+03    3.912326e+02
    1.160000e+00    1.479387e+03    3.918306e+02
    1.161000e+00    1.481000e+03    3.924290e+02
    1.162000e+00    1.482614e+03    3.930277e+02
    1.163000e+00    1.484229e+03    3.936268e+02
    1.164000e+00    1.485843e+03    3.942262e+02
    1.165000e+00    1.487459e+03    3.948259e+02
    1.166000e+00    1.489075e+03    3.954260e+02
    1.167000e+00    1.490691e+03    3.960264e+02
    1.168000e+00    1.492308e+03    3.966271e+02
    1.169000e+00    1.493926e+03    3.972282e+02
    1.170000e+00    1.495544e+03    3.978295e+02
    1.171000e+00    1.497162e+03    3.984313e+02
    1.172000e+00    1.498781e+03    3.990333e+02
    1.173000e+00    1.500401e+03    3.996357e+02
    1.174000e+00    1.502021e+03    4.002385e+02
    1.175000e+00    1.503642e+03    4.008415e+02
    1.176000e+00    1.505263e+03    4.014449e+02
    1.177000e+00    1.506884e+03    4.020487e+02
    1.178000e+00    1.508506e+03    4.026527e+02
    1.179000e+00    1.510129e+03    4.032571e+02
    1.180000e+00    1.511752e+03    4.038618e+02
    1.181000e+00    1.513376e+03    4.044669e+02
    1.182000e+00    1.515000e+03    4.050723e+02
    1.183000e+00    1.516625e+03    4.056780e+02
    1.184000e+00    1.518250e+03    4.062841e+02
    1.185000e+00    1.519876e+03    4.068904e+02
    1.186000e+00    1.521502e+03    4.074972e+02
    1.187000e+00    1.523129e+03    4.081042e+02
    1.188000e+00    1.524756e+03    4.087116e+02
    1.189000e+00    1.526384e+03    4.093193e+02
    1.190000e+00    1.528012e+03    4.099273e+02
    1.191000e+00    1.529641e+03    4.105357e+02
    1.192000e+00    1.531270e+03    4.111444e+02
    1.193000e+00    1.532900e+03    4.117534e+02
    1.194000e+00    1.534530e+03    4.123627e+02
    1.195000e+00    1.536161e+03    4.129724e+02
    1.196000e+00    1.537792e+03    4.135824e+02
    1.197000e+00    1.539424e+03    4.141927e+02
    1.198000e+00    1.541056e+03    4.148034e+02
    1.199000e+00    1.542689e+03    4.154144e+02
    1.200000e+00    1.544323e+03    4.160257e+02
    1.201000e+00    1.545956e+03    4.166373e+02
    1.202000e+00    1.547591e+03    4.172493e+02
    1.203000e+00    1.549226e+03    4.178616e+02
    1.204000e+00    1.550861e+03    4.184742e+02
    1.205000e+00    1.552497e+03    4.190872e+02
    1.206000e+00    1.554133e+03    4.197004e+02
    1.207000e+00    1.555770e+03    4.203140e+02
    1.208000e+00    1.557408e+03    4.209279e+02
    1.209000e+00    1.559046e+03    4.215422e+02
    1.210000e+00    1.560684e+03    4.221568e+02
    1.211000e+00    1.562323e+03    4.227717e+02
    1.212000e+00    1.563963e+03    4.233869e+02
    1.213000e+00    1.565603e+03    4.240024e+02
    1.214000e+00    1.567243e+03    4.246183e+02
    1.215000e+00    1.568884e+03    4.252345e+02
    1.216000e+00    1.570526e+03    4.258510e+02
    1.217000e+00    1.572168e+03    4.264678e+02
    1.218000e+00    1.573810e+03    4.270850e+02
    1.219000e+00    1.575453e+03    4.277025e+02
    1.220000e+00    1.577097e+03    4.283203e+02
    1.221000e+00    1.578741e+03    4.289384e+02
    1.222000e+00    1.580385e+03    4.295569e+02
    1.223000e+00    1.582030e+03    4.301757e+02
    1.224000e+00    1.583676e+03    4.307948e+02
    1.225000e+00    1.585322e+03    4.314142e+02
    1.226000e+00    1.586969e+03    4.320339e+02
    1.227000e+00    1.588616e+03    4.326540e+02
    1.228000e+00    1.590263e+03    4.332744e+02
    1.229000e+00    1.591911e+03    4.338951e+02
    1.230000e+00    1.593560e+03    4.345161e+02
    1.231000e+00    1.595209e+03    4.351374e+02
    1.232000e+00    1.596859e+03    4.357591e+02
    1.233000e+00    1.598509e+03    4.363811e+02
    1.234000e+00    1.600159e+03    4.370034e+02
    1.235000e+00    1.601810e+03    4.376260e+02
    1.236000e+00    1.603462e+03    4.382490e+02
    1.237000e+00    1.605114e+03    4.388722e+02
    1.238000e+00    1.606767e+03    4.394958e+02
    1.239000e+00    1.608420e+03    4.401197e+02
    1.240000e+00    1.610073e+03    4.407439e+02
    1.241000e+00    1.611728e+03    4.413684e+02
    1.242000e+00    1.613382e+03    4.419933e+02
    1.243000e+00    1.615037e+03    4.426185e+02
    1.244000e+00    1.616693e+03    4.432440e+02
    1.245000e+00    1.618349e+03    4.438698e+02
    1.246000e+00    1.620006e+03    4.444959e+02
    1.247000e+00    1.621663e+03    4.451223e+02
    1.248000e+00    1.623321e+03    4.457491e+02
    1.249000e+00    1.624979e+03    4.463761e+02
    1.250000e+00    1.626637e+03    4.470035e+02
    1.251000e+00    1.628297e+03    4.476312e+02
    1.252000e+00    1.629956e+03    4.482593e+02
    1.253000e+00    1.631616e+03    4.488876e+02
    1.254000e+00    1.633277e+03    4.495162e+02
    1.255000e+00    1.634938e+03    4.501452e+02
    1.256000e+00    1.636600e+03    4.507745e+02
    1.257000e+00    1.638262e+03    4.514041e+02
    1.258000e+00    1.639925e+03    4.520340e+02
    1.259000e+00    1.641588e+03    4.526642e+02
    1.260000e+00    1.643252e+03    4.532948e+02
    1.261000e+00    1.644916e+03    4.539256e+02
    1.262000e+00    1.646581e+03    4.545568e+02
    1.263000e+00    1.648246e+03    4.551883e+02
    1.264000e+00    1.649911e+03    4.558200e+02
    1.265000e+00    1.651578e+03    4.564522e+02
    1.266000e+00    1.653244e+03    4.570846e+02
    1.267000e+00    1.654911e+03    4.577173e+02
    1.268000e+00    1.656579e+03    4.583503e+02
    1.269000e+00    1.658247e+03    4.589837e+02
    1.270000e+00    1.659916e+03    4.596174e+02
    1.271000e+00    1.661585e+03    4.602513e+02
    1.272000e+00    1.663255e+03    4.608856e+02
    1.273000e+00    1.664925e+03    4.615202e+02
    1.274000e+00    1.666596e+03    4.621552e+02
    1.275000e+00    1.668267e+03    4.627904e+02
    1.276000e+00    1.669938e+03    4.634259e+02
    1.277000e+00    1.671611e+03    4.640618e+02
    1.278000e+00    1.673283e+03    4.646979e+02
    1.279000e+00    1.674956e+03    4.653344e+02
    1.280000e+00    1.676630e+03    4.659712e+02
    1.281000e+00    1.678304e+03    4.666082e+02
    1.282000e+00    1.679979e+03    4.672456e+02
    1.283000e+00    1.681654e+03    4.678833e+02
    1.284000e+00    1.683330e+03    4.685214e+02
    1.285000e+00    1.685006e+03    4.691597e+02
    1.286000e+00    1.686683e+03    4.697983e+02
    1.287000e+00    1.688360e+03    4.704372e+02
    1.288000e+00    1.690037e+03    4.710765e+02
    1.289000e+00    1.691715e+03    4.717161e+02
    1.290000e+00    1.693394e+03    4.723559e+02
    1.291000e+00    1.695073e+03    4.729961e+02
    1.292000e+00    1.696753e+03    4.736366e+02
    1.293000e+00    1.698433e+03    4.742774e+02
    1.294000e+00    1.700114e+03    4.749185e+02
    1.295000e+00    1.701795e+03    4.755599e+02
    1.296000e+00    1.703476e+03    4.762016e+02
    1.297000e+00    1.705158e+03    4.768436e+02
    1.298000e+00    1.706841e+03    4.774859e+02
    1.299000e+00    1.708524e+03    4.781285e+02
    1.300000e+00    1.710208e+03    4.787715e+02
