    3.000000e-04    2.813900e-01    5.100000e-04
    4.000000e-04    3.753200e-01    5.900000e-04
    5.000000e-04    4.694500e-01    6.600000e-04
    6.000000e-04    5.633800e-01    7.200000e-04
    7.000000e-04    6.575000e-01    7.800000e-04
    8.000000e-04    7.514300e-01    8.500000e-04
    9.000000e-04    8.455600e-01    9.200000e-04
    1.000000e-03    9.394900e-01    1.000000e-03
    1.500000e-03    1.409920e+00    1.370000e-03
    2.000000e-03    1.880360e+00    1.760000e-03
    2.500000e-03    2.350990e+00    2.160000e-03
    3.000000e-03    2.821620e+00    2.560000e-03
    3.500000e-03    3.292450e+00    2.960000e-03
    4.000000e-03    3.763280e+00    3.360000e-03
    4.500000e-03    4.234110e+00    3.740000e-03
    5.000000e-03    4.704940e+00    4.120000e-03
    5.500000e-03    5.175970e+00    4.480000e-03
    6.000000e-03    5.646990e+00    4.840000e-03
    6.500000e-03    6.117820e+00    5.190000e-03
    7.000000e-03    6.588850e+00    5.520000e-03
    7.500000e-03    7.059880e+00    5.860000e-03
    8.000000e-03    7.531100e+00    6.180000e-03
    8.500000e-03    8.002130e+00    6.490000e-03
    9.000000e-03    8.473150e+00    6.810000e-03
    9.500000e-03    8.944380e+00    7.120000e-03
    1.000000e-02    9.415400e+00    7.420000e-03
    1.200000e-02    1.130010e+01    8.680000e-03
    1.400000e-02    1.318500e+01    1.010000e-02
    1.600000e-02    1.507029e+01    1.178000e-02
    1.800000e-02    1.695558e+01    1.388000e-02
    2.000000e-02    1.884127e+01    1.654000e-02
    2.200000e-02    2.072715e+01    1.987000e-02
    2.400000e-02    2.261343e+01    2.401000e-02
    2.600000e-02    2.450010e+01    2.909000e-02
    2.800000e-02    2.638716e+01    3.518000e-02
    3.000000e-02    2.827463e+01    4.240000e-02
    3.200000e-02    3.016268e+01    5.084000e-02
    3.400000e-02    3.205133e+01    6.060000e-02
    3.600000e-02    3.394056e+01    7.176000e-02
    3.800000e-02    3.583059e+01    8.446000e-02
    4.000000e-02    3.772121e+01    9.864000e-02
    4.200000e-02    3.961262e+01    1.144300e-01
    4.400000e-02    4.150481e+01    1.318900e-01
    4.600000e-02    4.339780e+01    1.510500e-01
    4.800000e-02    4.529158e+01    1.719500e-01
    5.000000e-02    4.718634e+01    1.946100e-01
    5.200000e-02    4.908209e+01    2.190100e-01
    5.400000e-02    5.097882e+01    2.450600e-01
    5.600000e-02    5.287635e+01    2.698600e-01
    5.700000e-02    5.379012e+01    2.864145e-01
    5.800000e-02    5.473896e+01    3.022375e-01
    5.900000e-02    5.568809e+01    3.186128e-01
    6.000000e-02    5.663750e+01    3.355469e-01
    6.100000e-02    5.758719e+01    3.530466e-01
    6.200000e-02    5.853718e+01    3.711184e-01
    6.300000e-02    5.948746e+01    3.897685e-01
    6.400000e-02    6.043805e+01    4.090034e-01
    6.500000e-02    6.138893e+01    4.288293e-01
    6.600000e-02    6.234013e+01    4.492523e-01
    6.700000e-02    6.329164e+01    4.702784e-01
    6.800000e-02    6.424347e+01    4.919137e-01
    6.900000e-02    6.519563e+01    5.141642e-01
    7.000000e-02    6.614811e+01    5.370355e-01
    7.100000e-02    6.710092e+01    5.605337e-01
    7.200000e-02    6.805406e+01    5.846643e-01
    7.300000e-02    6.900755e+01    6.094331e-01
    7.400000e-02    6.996138e+01    6.348458e-01
    7.500000e-02    7.091556e+01    6.609079e-01
    7.600000e-02    7.187009e+01    6.876249e-01
    7.700000e-02    7.282497e+01    7.150025e-01
    7.800000e-02    7.378022e+01    7.430461e-01
    7.900000e-02    7.473583e+01    7.717612e-01
    8.000000e-02    7.569180e+01    8.011531e-01
    8.100000e-02    7.664815e+01    8.312274e-01
    8.200000e-02    7.760488e+01    8.619893e-01
    8.300000e-02    7.856198e+01    8.934444e-01
    8.400000e-02    7.951947e+01    9.255978e-01
    8.500000e-02    8.047734e+01    9.584551e-01
    8.600000e-02    8.143560e+01    9.920216e-01
    8.700000e-02    8.239426e+01    1.026303e+00
    8.800000e-02    8.335332e+01    1.061304e+00
    8.900000e-02    8.431278e+01    1.097030e+00
    9.000000e-02    8.527264e+01    1.133487e+00
    9.100000e-02    8.623292e+01    1.170679e+00
    9.200000e-02    8.719360e+01    1.208614e+00
    9.300000e-02    8.815470e+01    1.247295e+00
    9.400000e-02    8.911623e+01    1.286729e+00
    9.500000e-02    9.007817e+01    1.326920e+00
    9.600000e-02    9.104055e+01    1.367875e+00
    9.700000e-02    9.200335e+01    1.409599e+00
    9.800000e-02    9.296659e+01    1.452097e+00
    9.900000e-02    9.393026e+01    1.495376e+00
    1.000000e-01    9.489438e+01    1.539440e+00
    1.010000e-01    9.585894e+01    1.584296e+00
    1.020000e-01    9.682395e+01    1.629950e+00
    1.030000e-01    9.778941e+01    1.676406e+00
    1.040000e-01    9.875532e+01    1.723672e+00
    1.050000e-01    9.972170e+01    1.771753e+00
    1.060000e-01    1.006885e+02    1.820656e+00
    1.070000e-01    1.016558e+02    1.870385e+00
    1.080000e-01    1.026236e+02    1.920949e+00
    1.090000e-01    1.035918e+02    1.972352e+00
    1.100000e-01    1.045606e+02    2.024601e+00
    1.110000e-01    1.055298e+02    2.077599e+00
    1.120000e-01    1.064994e+02    2.130565e+00
    1.130000e-01    1.074696e+02    2.183864e+00
    1.140000e-01    1.084402e+02    2.237649e+00
    1.150000e-01    1.094113e+02    2.291993e+00
    1.160000e-01    1.103829e+02    2.346940e+00
    1.170000e-01    1.113549e+02    2.402521e+00
    1.180000e-01    1.123274e+02    2.458763e+00
    1.190000e-01    1.133004e+02    2.515686e+00
    1.200000e-01    1.142739e+02    2.573309e+00
    1.210000e-01    1.152479e+02    2.631648e+00
    1.220000e-01    1.162224e+02    2.690718e+00
    1.230000e-01    1.171973e+02    2.750533e+00
    1.240000e-01    1.181727e+02    2.811106e+00
    1.250000e-01    1.191486e+02    2.872449e+00
    1.260000e-01    1.201251e+02    2.934575e+00
    1.270000e-01    1.211020e+02    2.997496e+00
    1.280000e-01    1.220794e+02    3.061222e+00
    1.290000e-01    1.230573e+02    3.125765e+00
    1.300000e-01    1.240357e+02    3.191137e+00
    1.310000e-01    1.250146e+02    3.257349e+00
    1.320000e-01    1.259941e+02    3.324411e+00
    1.330000e-01    1.269740e+02    3.392335e+00
    1.340000e-01    1.279545e+02    3.461132e+00
    1.350000e-01    1.289354e+02    3.530814e+00
    1.360000e-01    1.299169e+02    3.601391e+00
    1.370000e-01    1.308989e+02    3.672874e+00
    1.380000e-01    1.318815e+02    3.745276e+00
    1.390000e-01    1.328645e+02    3.818608e+00
    1.400000e-01    1.338481e+02    3.892882e+00
    1.410000e-01    1.348323e+02    3.968109e+00
    1.420000e-01    1.358169e+02    4.044301e+00
    1.430000e-01    1.368022e+02    4.121472e+00
    1.440000e-01    1.377879e+02    4.199632e+00
    1.450000e-01    1.387742e+02    4.278795e+00
    1.460000e-01    1.397611e+02    4.358974e+00
    1.470000e-01    1.407485e+02    4.440181e+00
    1.480000e-01    1.417364e+02    4.522430e+00
    1.490000e-01    1.427249e+02    4.605733e+00
    1.500000e-01    1.437140e+02    4.690106e+00
    1.510000e-01    1.447036e+02    4.775561e+00
    1.520000e-01    1.456939e+02    4.862112e+00
    1.530000e-01    1.466846e+02    4.949775e+00
    1.540000e-01    1.476760e+02    5.038563e+00
    1.550000e-01    1.486680e+02    5.128492e+00
    1.560000e-01    1.496605e+02    5.219577e+00
    1.570000e-01    1.506536e+02    5.311832e+00
    1.580000e-01    1.516473e+02    5.405274e+00
    1.590000e-01    1.526416e+02    5.499919e+00
    1.600000e-01    1.536365e+02    5.595783e+00
    1.610000e-01    1.546320e+02    5.692882e+00
    1.620000e-01    1.556281e+02    5.791234e+00
    1.630000e-01    1.566248e+02    5.890855e+00
    1.640000e-01    1.576222e+02    5.991763e+00
    1.650000e-01    1.586201e+02    6.093975e+00
    1.660000e-01    1.596187e+02    6.197510e+00
    1.670000e-01    1.606179e+02    6.302386e+00
    1.680000e-01    1.616178e+02    6.408622e+00
    1.690000e-01    1.626182e+02    6.516236e+00
    1.700000e-01    1.636194e+02    6.625248e+00
    1.710000e-01    1.646211e+02    6.735678e+00
    1.720000e-01    1.656235e+02    6.847546e+00
    1.730000e-01    1.666266e+02    6.960871e+00
    1.740000e-01    1.676303e+02    7.075675e+00
    1.750000e-01    1.686347e+02    7.191978e+00
    1.760000e-01    1.696398e+02    7.309802e+00
    1.770000e-01    1.706455e+02    7.429168e+00
    1.780000e-01    1.716519e+02    7.550099e+00
    1.790000e-01    1.726590e+02    7.672616e+00
    1.800000e-01    1.736668e+02    7.796743e+00
    1.810000e-01    1.746753e+02    7.922502e+00
    1.820000e-01    1.756845e+02    8.049917e+00
    1.830000e-01    1.766943e+02    8.179011e+00
    1.840000e-01    1.777049e+02    8.309808e+00
    1.850000e-01    1.787162e+02    8.442333e+00
    1.860000e-01    1.797283e+02    8.576610e+00
    1.870000e-01    1.807410e+02    8.712665e+00
    1.880000e-01    1.817545e+02    8.850522e+00
    1.890000e-01    1.827687e+02    8.990207e+00
    1.900000e-01    1.837837e+02    9.131746e+00
    1.910000e-01    1.847994e+02    9.275166e+00
    1.920000e-01    1.858159e+02    9.420493e+00
    1.930000e-01    1.868331e+02    9.567754e+00
    1.940000e-01    1.878512e+02    9.716977e+00
    1.950000e-01    1.888699e+02    9.868188e+00
    1.960000e-01    1.898895e+02    1.002142e+01
    1.970000e-01    1.909098e+02    1.017669e+01
    1.980000e-01    1.919310e+02    1.033403e+01
    1.990000e-01    1.929529e+02    1.049348e+01
    2.000000e-01    1.939757e+02    1.065506e+01
    2.010000e-01    1.949992e+02    1.081880e+01
    2.020000e-01    1.960236e+02    1.098472e+01
    2.030000e-01    1.970488e+02    1.115287e+01
    2.040000e-01    1.980749e+02    1.132327e+01
    2.050000e-01    1.991018e+02    1.149594e+01
    2.060000e-01    2.001295e+02    1.167092e+01
    2.070000e-01    2.011581e+02    1.184825e+01
    2.080000e-01    2.021875e+02    1.202794e+01
    2.090000e-01    2.032178e+02    1.221004e+01
    2.100000e-01    2.042490e+02    1.239457e+01
    2.110000e-01    2.052811e+02    1.258156e+01
    2.120000e-01    2.063141e+02    1.277105e+01
    2.130000e-01    2.073480e+02    1.296306e+01
    2.140000e-01    2.083827e+02    1.315763e+01
    2.150000e-01    2.094184e+02    1.335480e+01
    2.160000e-01    2.104550e+02    1.355458e+01
    2.170000e-01    2.114926e+02    1.375702e+01
    2.180000e-01    2.125311e+02    1.396215e+01
    2.190000e-01    2.135705e+02    1.416999e+01
    2.200000e-01    2.146109e+02    1.438058e+01
    2.210000e-01    2.156523e+02    1.459395e+01
    2.220000e-01    2.166946e+02    1.481014e+01
    2.230000e-01    2.177379e+02    1.502917e+01
    2.240000e-01    2.187822e+02    1.525108e+01
    2.250000e-01    2.198275e+02    1.547590e+01
    2.260000e-01    2.208738e+02    1.570366e+01
    2.270000e-01    2.219211e+02    1.593439e+01
    2.280000e-01    2.229694e+02    1.616813e+01
    2.290000e-01    2.240188e+02    1.640490e+01
    2.300000e-01    2.250692e+02    1.664474e+01
    2.310000e-01    2.261206e+02    1.688767e+01
    2.320000e-01    2.271732e+02    1.713374e+01
    2.330000e-01    2.282267e+02    1.738296e+01
    2.340000e-01    2.292814e+02    1.763537e+01
    2.350000e-01    2.303371e+02    1.789100e+01
    2.360000e-01    2.313940e+02    1.814989e+01
    2.370000e-01    2.324519e+02    1.841205e+01
    2.380000e-01    2.335110e+02    1.867752e+01
    2.390000e-01    2.345712e+02    1.894632e+01
    2.400000e-01    2.356325e+02    1.921850e+01
    2.410000e-01    2.366949e+02    1.949407e+01
    2.420000e-01    2.377585e+02    1.977306e+01
    2.430000e-01    2.388233e+02    2.005550e+01
    2.440000e-01    2.398892e+02    2.034141e+01
    2.450000e-01    2.409563e+02    2.063083e+01
    2.460000e-01    2.420246e+02    2.092379e+01
    2.470000e-01    2.430941e+02    2.122029e+01
    2.480000e-01    2.441648e+02    2.152038e+01
    2.490000e-01    2.452368e+02    2.182407e+01
    2.500000e-01    2.463099e+02    2.213140e+01
    2.510000e-01    2.473843e+02    2.244238e+01
    2.520000e-01    2.484599e+02    2.275704e+01
    2.530000e-01    2.495368e+02    2.307539e+01
    2.540000e-01    2.506150e+02    2.339748e+01
    2.550000e-01    2.516944e+02    2.372330e+01
    2.560000e-01    2.527751e+02    2.405289e+01
    2.570000e-01    2.538571e+02    2.438627e+01
    2.580000e-01    2.549404e+02    2.472346e+01
    2.590000e-01    2.560250e+02    2.506447e+01
    2.600000e-01    2.571110e+02    2.540932e+01
    2.610000e-01    2.581983e+02    2.575804e+01
    2.620000e-01    2.592869e+02    2.611064e+01
    2.630000e-01    2.603769e+02    2.646714e+01
    2.640000e-01    2.614682e+02    2.682755e+01
    2.650000e-01    2.625610e+02    2.719190e+01
    2.660000e-01    2.636551e+02    2.756018e+01
    2.670000e-01    2.647505e+02    2.793243e+01
    2.680000e-01    2.658474e+02    2.830866e+01
    2.690000e-01    2.669457e+02    2.868887e+01
    2.700000e-01    2.680455e+02    2.907307e+01
    2.710000e-01    2.691466e+02    2.946130e+01
    2.720000e-01    2.702492e+02    2.985354e+01
    2.730000e-01    2.713533e+02    3.024982e+01
    2.740000e-01    2.724588e+02    3.065014e+01
    2.750000e-01    2.735657e+02    3.105452e+01
    2.760000e-01    2.746742e+02    3.146296e+01
    2.770000e-01    2.757841e+02    3.187547e+01
    2.780000e-01    2.768956e+02    3.229206e+01
    2.790000e-01    2.780085e+02    3.271274e+01
    2.800000e-01    2.791230e+02    3.313751e+01
    2.810000e-01    2.802389e+02    3.356638e+01
    2.820000e-01    2.813565e+02    3.399935e+01
    2.830000e-01    2.824755e+02    3.443643e+01
    2.840000e-01    2.835961e+02    3.485901e+01
    2.850000e-01    2.847181e+02    3.522418e+01
    2.860000e-01    2.858413e+02    3.556714e+01
    2.870000e-01    2.869657e+02    3.589683e+01
    2.880000e-01    2.880912e+02    3.621719e+01
    2.890000e-01    2.892178e+02    3.653049e+01
    2.900000e-01    2.903455e+02    3.683821e+01
    2.910000e-01    2.914742e+02    3.714142e+01
    2.920000e-01    2.926040e+02    3.744090e+01
    2.930000e-01    2.937348e+02    3.773728e+01
    2.940000e-01    2.948666e+02    3.803103e+01
    2.950000e-01    2.959994e+02    3.832257e+01
    2.960000e-01    2.971332e+02    3.861221e+01
    2.970000e-01    2.982680e+02    3.890025e+01
    2.980000e-01    2.994037e+02    3.918692e+01
    2.990000e-01    3.005404e+02    3.947243e+01
    3.000000e-01    3.016780e+02    3.975696e+01
    3.010000e-01    3.028166e+02    4.004067e+01
    3.020000e-01    3.039562e+02    4.032370e+01
    3.030000e-01    3.050966e+02    4.060618e+01
    3.040000e-01    3.062380e+02    4.088822e+01
    3.050000e-01    3.073803e+02    4.116992e+01
    3.060000e-01    3.085236e+02    4.145138e+01
    3.070000e-01    3.096678e+02    4.173268e+01
    3.080000e-01    3.108128e+02    4.201389e+01
    3.090000e-01    3.119588e+02    4.229510e+01
    3.100000e-01    3.131057e+02    4.257635e+01
    3.110000e-01    3.142536e+02    4.285773e+01
    3.120000e-01    3.154023e+02    4.313927e+01
    3.130000e-01    3.165519e+02    4.342103e+01
    3.140000e-01    3.177024e+02    4.370307e+01
    3.150000e-01    3.188538e+02    4.398542e+01
    3.160000e-01    3.200062e+02    4.426813e+01
    3.170000e-01    3.211594e+02    4.455124e+01
    3.180000e-01    3.223135e+02    4.483479e+01
    3.190000e-01    3.234685e+02    4.511880e+01
    3.200000e-01    3.246244e+02    4.540332e+01
    3.210000e-01    3.257812e+02    4.568838e+01
    3.220000e-01    3.269388e+02    4.597400e+01
    3.230000e-01    3.280974e+02    4.626022e+01
    3.240000e-01    3.292568e+02    4.654706e+01
    3.250000e-01    3.304172e+02    4.683454e+01
    3.260000e-01    3.315784e+02    4.712269e+01
    3.270000e-01    3.327405e+02    4.741154e+01
    3.280000e-01    3.339035e+02    4.770111e+01
    3.290000e-01    3.350673e+02    4.799141e+01
    3.300000e-01    3.362321e+02    4.828247e+01
    3.310000e-01    3.373977e+02    4.857430e+01
    3.320000e-01    3.385643e+02    4.886693e+01
    3.330000e-01    3.397317e+02    4.916038e+01
    3.340000e-01    3.408999e+02    4.940849e+01
    3.350000e-01    3.420688e+02    4.963450e+01
    3.360000e-01    3.432384e+02    4.985215e+01
    3.370000e-01    3.444086e+02    5.006480e+01
    3.380000e-01    3.455795e+02    5.027409e+01
    3.390000e-01    3.467510e+02    5.048098e+01
    3.400000e-01    3.479230e+02    5.068612e+01
    3.410000e-01    3.490957e+02    5.088995e+01
    3.420000e-01    3.502690e+02    5.109282e+01
    3.430000e-01    3.514429e+02    5.129498e+01
    3.440000e-01    3.526173e+02    5.149665e+01
    3.450000e-01    3.537924e+02    5.169799e+01
    3.460000e-01    3.549680e+02    5.189913e+01
    3.470000e-01    3.561442e+02    5.210021e+01
    3.480000e-01    3.573210e+02    5.230132e+01
    3.490000e-01    3.584983e+02    5.250254e+01
    3.500000e-01    3.596763e+02    5.270396e+01
    3.510000e-01    3.608548e+02    5.290564e+01
    3.520000e-01    3.620339e+02    5.310764e+01
    3.530000e-01    3.632136e+02    5.331001e+01
    3.540000e-01    3.643938e+02    5.351280e+01
    3.550000e-01    3.655746e+02    5.371606e+01
    3.560000e-01    3.667560e+02    5.391983e+01
    3.570000e-01    3.679380e+02    5.412413e+01
    3.580000e-01    3.691205e+02    5.432901e+01
    3.590000e-01    3.703036e+02    5.453450e+01
    3.600000e-01    3.714873e+02    5.474061e+01
    3.610000e-01    3.726715e+02    5.494739e+01
    3.620000e-01    3.738564e+02    5.515485e+01
    3.630000e-01    3.750418e+02    5.536302e+01
    3.640000e-01    3.762277e+02    5.557192e+01
    3.650000e-01    3.774143e+02    5.578157e+01
    3.660000e-01    3.786014e+02    5.599199e+01
    3.670000e-01    3.797891e+02    5.620319e+01
    3.680000e-01    3.809774e+02    5.641520e+01
    3.690000e-01    3.821663e+02    5.662803e+01
    3.700000e-01    3.833557e+02    5.684170e+01
    3.710000e-01    3.845457e+02    5.705622e+01
    3.720000e-01    3.857363e+02    5.727161e+01
    3.730000e-01    3.869275e+02    5.748787e+01
    3.740000e-01    3.881192e+02    5.770503e+01
    3.750000e-01    3.893115e+02    5.792309e+01
    3.760000e-01    3.905045e+02    5.814207e+01
    3.770000e-01    3.916980e+02    5.836198e+01
    3.780000e-01    3.928920e+02    5.858283e+01
    3.790000e-01    3.940867e+02    5.880464e+01
    3.800000e-01    3.952820e+02    5.902740e+01
    3.810000e-01    3.964778e+02    5.925113e+01
    3.820000e-01    3.976743e+02    5.947585e+01
    3.830000e-01    3.988713e+02    5.970156e+01
    3.840000e-01    4.000689e+02    5.992827e+01
    3.850000e-01    4.012671e+02    6.015598e+01
    3.860000e-01    4.024659e+02    6.038472e+01
    3.870000e-01    4.036653e+02    6.061448e+01
    3.880000e-01    4.048653e+02    6.084528e+01
    3.890000e-01    4.060659e+02    6.107712e+01
    3.900000e-01    4.072670e+02    6.131001e+01
    3.910000e-01    4.084688e+02    6.154396e+01
    3.920000e-01    4.096712e+02    6.177897e+01
    3.930000e-01    4.108742e+02    6.201506e+01
    3.940000e-01    4.120778e+02    6.225223e+01
    3.950000e-01    4.132819e+02    6.249049e+01
    3.960000e-01    4.144867e+02    6.272984e+01
    3.970000e-01    4.156921e+02    6.297029e+01
    3.980000e-01    4.168981e+02    6.321186e+01
    3.990000e-01    4.181047e+02    6.345453e+01
    4.000000e-01    4.193120e+02    6.369833e+01
    4.010000e-01    4.205198e+02    6.394325e+01
    4.020000e-01    4.217282e+02    6.418931e+01
    4.030000e-01    4.229373e+02    6.443650e+01
    4.040000e-01    4.241470e+02    6.468485e+01
    4.050000e-01    4.253573e+02    6.493434e+01
    4.060000e-01    4.265682e+02    6.518499e+01
    4.070000e-01    4.277797e+02    6.543680e+01
    4.080000e-01    4.289918e+02    6.568978e+01
    4.090000e-01    4.302046e+02    6.594393e+01
    4.100000e-01    4.314180e+02    6.619927e+01
    4.110000e-01    4.326320e+02    6.645578e+01
    4.120000e-01    4.338466e+02    6.671349e+01
    4.130000e-01    4.350619e+02    6.697239e+01
    4.140000e-01    4.362778e+02    6.723249e+01
    4.150000e-01    4.374943e+02    6.749380e+01
    4.160000e-01    4.387115e+02    6.775632e+01
    4.170000e-01    4.399293e+02    6.802005e+01
    4.180000e-01    4.411477e+02    6.828500e+01
    4.190000e-01    4.423667e+02    6.855117e+01
    4.200000e-01    4.435864e+02    6.881858e+01
    4.210000e-01    4.448068e+02    6.908721e+01
    4.220000e-01    4.460277e+02    6.935709e+01
    4.230000e-01    4.472493e+02    6.962821e+01
    4.240000e-01    4.484716e+02    6.990057e+01
    4.250000e-01    4.496945e+02    7.017419e+01
    4.260000e-01    4.509180e+02    7.044907e+01
    4.270000e-01    4.521422e+02    7.072520e+01
    4.280000e-01    4.533671e+02    7.100260e+01
    4.290000e-01    4.545926e+02    7.128127e+01
    4.300000e-01    4.558187e+02    7.156122e+01
    4.310000e-01    4.570455e+02    7.184244e+01
    4.320000e-01    4.582729e+02    7.212494e+01
    4.330000e-01    4.595010e+02    7.240873e+01
    4.340000e-01    4.607298e+02    7.269381e+01
    4.350000e-01    4.619592e+02    7.298018e+01
    4.360000e-01    4.631893e+02    7.326785e+01
    4.370000e-01    4.644200e+02    7.355682e+01
    4.380000e-01    4.656514e+02    7.384710e+01
    4.390000e-01    4.668835e+02    7.413868e+01
    4.400000e-01    4.681162e+02    7.443158e+01
    4.410000e-01    4.693496e+02    7.472580e+01
    4.420000e-01    4.705837e+02    7.502134e+01
    4.430000e-01    4.718184e+02    7.531820e+01
    4.440000e-01    4.730538e+02    7.561639e+01
    4.450000e-01    4.742899e+02    7.591591e+01
    4.460000e-01    4.755267e+02    7.621677e+01
    4.470000e-01    4.767641e+02    7.651897e+01
    4.480000e-01    4.780022e+02    7.682251e+01
    4.490000e-01    4.792410e+02    7.712739e+01
    4.500000e-01    4.804804e+02    7.743362e+01
    4.510000e-01    4.817206e+02    7.774121e+01
    4.520000e-01    4.829614e+02    7.805016e+01
    4.530000e-01    4.842030e+02    7.836046e+01
    4.540000e-01    4.854452e+02    7.867213e+01
    4.550000e-01    4.866881e+02    7.898516e+01
    4.560000e-01    4.879316e+02    7.929956e+01
    4.570000e-01    4.891759e+02    7.961534e+01
    4.580000e-01    4.904209e+02    7.993249e+01
    4.590000e-01    4.916665e+02    8.025102e+01
    4.600000e-01    4.929129e+02    8.057094e+01
    4.610000e-01    4.941599e+02    8.089224e+01
    4.620000e-01    4.954077e+02    8.121493e+01
    4.630000e-01    4.966561e+02    8.153901e+01
    4.640000e-01    4.979053e+02    8.186449e+01
    4.650000e-01    4.991552e+02    8.219136e+01
    4.660000e-01    5.004057e+02    8.251964e+01
    4.670000e-01    5.016570e+02    8.284932e+01
    4.680000e-01    5.029090e+02    8.318041e+01
    4.690000e-01    5.041616e+02    8.351291e+01
    4.700000e-01    5.054150e+02    8.384682e+01
    4.710000e-01    5.066691e+02    8.418215e+01
    4.720000e-01    5.079240e+02    8.451890e+01
    4.730000e-01    5.091795e+02    8.485707e+01
    4.740000e-01    5.104357e+02    8.519666e+01
    4.750000e-01    5.116927e+02    8.553768e+01
    4.760000e-01    5.129504e+02    8.588014e+01
    4.770000e-01    5.142088e+02    8.622402e+01
    4.780000e-01    5.154679e+02    8.656934e+01
    4.790000e-01    5.167278e+02    8.691610e+01
    4.800000e-01    5.179884e+02    8.726431e+01
    4.810000e-01    5.192497e+02    8.761395e+01
    4.820000e-01    5.205117e+02    8.796505e+01
    4.830000e-01    5.217745e+02    8.831759e+01
    4.840000e-01    5.230380e+02    8.867159e+01
    4.850000e-01    5.243022e+02    8.902704e+01
    4.860000e-01    5.255672e+02    8.938395e+01
    4.870000e-01    5.268329e+02    8.974232e+01
    4.880000e-01    5.280993e+02    9.010215e+01
    4.890000e-01    5.293665e+02    9.046344e+01
    4.900000e-01    5.306344e+02    9.082621e+01
    4.910000e-01    5.319030e+02    9.119044e+01
    4.920000e-01    5.331724e+02    9.155615e+01
    4.930000e-01    5.344426e+02    9.192334e+01
    4.940000e-01    5.357135e+02    9.229200e+01
    4.950000e-01    5.369851e+02    9.266214e+01
    4.960000e-01    5.382575e+02    9.303376e+01
    4.970000e-01    5.395307e+02    9.340687e+01
    4.980000e-01    5.408045e+02    9.378147e+01
    4.990000e-01    5.420792e+02    9.415756e+01
    5.000000e-01    5.433546e+02    9.453513e+01
    5.010000e-01    5.446308e+02    9.491421e+01
    5.020000e-01    5.459077e+02    9.529478e+01
    5.030000e-01    5.471853e+02    9.567685e+01
    5.040000e-01    5.484638e+02    9.606042e+01
    5.050000e-01    5.497430e+02    9.644550e+01
    5.060000e-01    5.510229e+02    9.683208e+01
    5.070000e-01    5.523037e+02    9.722017e+01
    5.080000e-01    5.535852e+02    9.760977e+01
    5.090000e-01    5.548674e+02    9.800088e+01
    5.100000e-01    5.561505e+02    9.839351e+01
    5.110000e-01    5.574343e+02    9.878765e+01
    5.120000e-01    5.587189e+02    9.918332e+01
    5.130000e-01    5.600042e+02    9.958050e+01
    5.140000e-01    5.612903e+02    9.997921e+01
    5.150000e-01    5.625772e+02    1.003794e+02
    5.160000e-01    5.638649e+02    1.007812e+02
    5.170000e-01    5.651534e+02    1.011845e+02
    5.180000e-01    5.664426e+02    1.015893e+02
    5.190000e-01    5.677327e+02    1.019957e+02
    5.200000e-01    5.690235e+02    1.024036e+02
    5.210000e-01    5.703151e+02    1.028130e+02
    5.220000e-01    5.716075e+02    1.032240e+02
    5.230000e-01    5.729006e+02    1.036365e+02
    5.240000e-01    5.741946e+02    1.040506e+02
    5.250000e-01    5.754894e+02    1.044662e+02
    5.260000e-01    5.767849e+02    1.048833e+02
    5.270000e-01    5.780813e+02    1.053020e+02
    5.280000e-01    5.793784e+02    1.057223e+02
    5.290000e-01    5.806763e+02    1.061441e+02
    5.300000e-01    5.819751e+02    1.065675e+02
    5.310000e-01    5.832746e+02    1.069924e+02
    5.320000e-01    5.845749e+02    1.074189e+02
    5.330000e-01    5.858761e+02    1.078469e+02
    5.340000e-01    5.871780e+02    1.082765e+02
    5.350000e-01    5.884808e+02    1.087077e+02
    5.360000e-01    5.897843e+02    1.091405e+02
    5.370000e-01    5.910887e+02    1.095748e+02
    5.380000e-01    5.923939e+02    1.100107e+02
    5.390000e-01    5.936999e+02    1.104481e+02
    5.400000e-01    5.950067e+02    1.108871e+02
    5.410000e-01    5.963143e+02    1.113277e+02
    5.420000e-01    5.976227e+02    1.117699e+02
    5.430000e-01    5.989320e+02    1.122137e+02
    5.440000e-01    6.002421e+02    1.126590e+02
    5.450000e-01    6.015530e+02    1.131060e+02
    5.460000e-01    6.028647e+02    1.135545e+02
    5.470000e-01    6.041772e+02    1.140046e+02
    5.480000e-01    6.054906e+02    1.144563e+02
    5.490000e-01    6.068047e+02    1.149095e+02
    5.500000e-01    6.081198e+02    1.153644e+02
    5.510000e-01    6.094356e+02    1.158209e+02
    5.520000e-01    6.107523e+02    1.162789e+02
    5.530000e-01    6.120698e+02    1.167386e+02
    5.540000e-01    6.133881e+02    1.171999e+02
    5.550000e-01    6.147073e+02    1.176627e+02
    5.560000e-01    6.160273e+02    1.181272e+02
    5.570000e-01    6.173481e+02    1.185932e+02
    5.580000e-01    6.186698e+02    1.190609e+02
    5.590000e-01    6.199923e+02    1.195302e+02
    5.600000e-01    6.213157e+02    1.200011e+02
    5.610000e-01    6.226399e+02    1.204735e+02
    5.620000e-01    6.239649e+02    1.209476e+02
    5.630000e-01    6.252908e+02    1.214234e+02
    5.640000e-01    6.266175e+02    1.219007e+02
    5.650000e-01    6.279451e+02    1.223796e+02
    5.660000e-01    6.292736e+02    1.228534e+02
    5.670000e-01    6.306028e+02    1.232990e+02
    5.680000e-01    6.319328e+02    1.237323e+02
    5.690000e-01    6.332636e+02    1.241582e+02
    5.700000e-01    6.345951e+02    1.245786e+02
    5.710000e-01    6.359274e+02    1.249950e+02
    5.720000e-01    6.372603e+02    1.254081e+02
    5.730000e-01    6.385940e+02    1.258186e+02
    5.740000e-01    6.399284e+02    1.262269e+02
    5.750000e-01    6.412636e+02    1.266334e+02
    5.760000e-01    6.425994e+02    1.270384e+02
    5.770000e-01    6.439359e+02    1.274421e+02
    5.780000e-01    6.452731e+02    1.278448e+02
    5.790000e-01    6.466111e+02    1.282466e+02
    5.800000e-01    6.479497e+02    1.286478e+02
    5.810000e-01    6.492890e+02    1.290483e+02
    5.820000e-01    6.506290e+02    1.294484e+02
    5.830000e-01    6.519696e+02    1.298482e+02
    5.840000e-01    6.533110e+02    1.302477e+02
    5.850000e-01    6.546531e+02    1.306471e+02
    5.860000e-01    6.559958e+02    1.310464e+02
    5.870000e-01    6.573392e+02    1.314457e+02
    5.880000e-01    6.586833e+02    1.318450e+02
    5.890000e-01    6.600281e+02    1.322445e+02
    5.900000e-01    6.613735e+02    1.326442e+02
    5.910000e-01    6.627197e+02    1.330440e+02
    5.920000e-01    6.640665e+02    1.334442e+02
    5.930000e-01    6.654140e+02    1.338447e+02
    5.940000e-01    6.667621e+02    1.342455e+02
    5.950000e-01    6.681110e+02    1.346468e+02
    5.960000e-01    6.694605e+02    1.350485e+02
    5.970000e-01    6.708107e+02    1.354506e+02
    5.980000e-01    6.721615e+02    1.358533e+02
    5.990000e-01    6.735130e+02    1.362565e+02
    6.000000e-01    6.748653e+02    1.366603e+02
    6.010000e-01    6.762181e+02    1.370647e+02
    6.020000e-01    6.775717e+02    1.374697e+02
    6.030000e-01    6.789259e+02    1.378753e+02
    6.040000e-01    6.802808e+02    1.382817e+02
    6.050000e-01    6.816364e+02    1.386887e+02
    6.060000e-01    6.829926e+02    1.390965e+02
    6.070000e-01    6.843496e+02    1.395050e+02
    6.080000e-01    6.857071e+02    1.399143e+02
    6.090000e-01    6.870654e+02    1.403243e+02
    6.100000e-01    6.884244e+02    1.407352e+02
    6.110000e-01    6.897840e+02    1.411469e+02
    6.120000e-01    6.911443e+02    1.415594e+02
    6.130000e-01    6.925052e+02    1.419728e+02
    6.140000e-01    6.938669e+02    1.423870e+02
    6.150000e-01    6.952292e+02    1.428022e+02
    6.160000e-01    6.965922e+02    1.432182e+02
    6.170000e-01    6.979558e+02    1.436352e+02
    6.180000e-01    6.993202e+02    1.440531e+02
    6.190000e-01    7.006852e+02    1.444720e+02
    6.200000e-01    7.020509e+02    1.448919e+02
    6.210000e-01    7.034173e+02    1.453127e+02
    6.220000e-01    7.047843e+02    1.457346e+02
    6.230000e-01    7.061521e+02    1.461574e+02
    6.240000e-01    7.075205e+02    1.465813e+02
    6.250000e-01    7.088896e+02    1.470062e+02
    6.260000e-01    7.102593e+02    1.474322e+02
    6.270000e-01    7.116298e+02    1.478593e+02
    6.280000e-01    7.130009e+02    1.482874e+02
    6.290000e-01    7.143727e+02    1.487167e+02
    6.300000e-01    7.157453e+02    1.491471e+02
    6.310000e-01    7.171184e+02    1.495786e+02
    6.320000e-01    7.184923e+02    1.500112e+02
    6.330000e-01    7.198669e+02    1.504450e+02
    6.340000e-01    7.212421e+02    1.508800e+02
    6.350000e-01    7.226180e+02    1.513162e+02
    6.360000e-01    7.239947e+02    1.517537e+02
    6.370000e-01    7.253720e+02    1.521923e+02
    6.380000e-01    7.267500e+02    1.526323e+02
    6.390000e-01    7.281287e+02    1.530735e+02
    6.400000e-01    7.295080e+02    1.535161e+02
    6.410000e-01    7.308881e+02    1.539601e+02
    6.420000e-01    7.322689e+02    1.544055e+02
    6.430000e-01    7.336503e+02    1.548525e+02
    6.440000e-01    7.350325e+02    1.553016e+02
    6.450000e-01    7.364153e+02    1.557523e+02
    6.460000e-01    7.377989e+02    1.562041e+02
    6.470000e-01    7.391832e+02    1.566570e+02
    6.480000e-01    7.405681e+02    1.571109e+02
    6.490000e-01    7.419538e+02    1.575659e+02
    6.500000e-01    7.433401e+02    1.580219e+02
    6.510000e-01    7.447272e+02    1.584790e+02
    6.520000e-01    7.461150e+02    1.589372e+02
    6.530000e-01    7.475034e+02    1.593964e+02
    6.540000e-01    7.488926e+02    1.598567e+02
    6.550000e-01    7.502825e+02    1.603182e+02
    6.560000e-01    7.516731e+02    1.607807e+02
    6.570000e-01    7.530643e+02    1.612443e+02
    6.580000e-01    7.544563e+02    1.617090e+02
    6.590000e-01    7.558490e+02    1.621749e+02
    6.600000e-01    7.572425e+02    1.626418e+02
    6.610000e-01    7.586366e+02    1.631099e+02
    6.620000e-01    7.600314e+02    1.635791e+02
    6.630000e-01    7.614269e+02    1.640494e+02
    6.640000e-01    7.628232e+02    1.645209e+02
    6.650000e-01    7.642201e+02    1.649935e+02
    6.660000e-01    7.656178e+02    1.654672e+02
    6.670000e-01    7.670162e+02    1.659421e+02
    6.680000e-01    7.684153e+02    1.664182e+02
    6.690000e-01    7.698151e+02    1.668954e+02
    6.700000e-01    7.712156e+02    1.673737e+02
    6.710000e-01    7.726169e+02    1.678533e+02
    6.720000e-01    7.740188e+02    1.683339e+02
    6.730000e-01    7.754215e+02    1.688158e+02
    6.740000e-01    7.768249e+02    1.692988e+02
    6.750000e-01    7.782290e+02    1.697831e+02
    6.760000e-01    7.796338e+02    1.702685e+02
    6.770000e-01    7.810393e+02    1.707550e+02
    6.780000e-01    7.824456e+02    1.712428e+02
    6.790000e-01    7.838526e+02    1.717318e+02
    6.800000e-01    7.852603e+02    1.722220e+02
    6.810000e-01    7.866687e+02    1.727133e+02
    6.820000e-01    7.880778e+02    1.732059e+02
    6.830000e-01    7.894877e+02    1.736997e+02
    6.840000e-01    7.908983e+02    1.741947e+02
    6.850000e-01    7.923096e+02    1.746909e+02
    6.860000e-01    7.937217e+02    1.751883e+02
    6.870000e-01    7.951344e+02    1.756870e+02
    6.880000e-01    7.965479e+02    1.761869e+02
    6.890000e-01    7.979621e+02    1.766880e+02
    6.900000e-01    7.993771e+02    1.771903e+02
    6.910000e-01    8.007928e+02    1.776939e+02
    6.920000e-01    8.022092e+02    1.781987e+02
    6.930000e-01    8.036263e+02    1.787048e+02
    6.940000e-01    8.050442e+02    1.792121e+02
    6.950000e-01    8.064628e+02    1.797206e+02
    6.960000e-01    8.078821e+02    1.802304e+02
    6.970000e-01    8.093022e+02    1.807415e+02
    6.980000e-01    8.107230e+02    1.812538e+02
    6.990000e-01    8.121445e+02    1.817673e+02
    7.000000e-01    8.135668e+02    1.822822e+02
    7.010000e-01    8.149898e+02    1.827982e+02
    7.020000e-01    8.164136e+02    1.833156e+02
    7.030000e-01    8.178381e+02    1.838342e+02
    7.040000e-01    8.192633e+02    1.843541e+02
    7.050000e-01    8.206892e+02    1.848753e+02
    7.060000e-01    8.221159e+02    1.853978e+02
    7.070000e-01    8.235434e+02    1.859215e+02
    7.080000e-01    8.249716e+02    1.864465e+02
    7.090000e-01    8.264005e+02    1.869728e+02
    7.100000e-01    8.278302e+02    1.875004e+02
    7.110000e-01    8.292606e+02    1.880293e+02
    7.120000e-01    8.306917e+02    1.885595e+02
    7.130000e-01    8.321237e+02    1.890910e+02
    7.140000e-01    8.335563e+02    1.896237e+02
    7.150000e-01    8.349897e+02    1.901578e+02
    7.160000e-01    8.364239e+02    1.906932e+02
    7.170000e-01    8.378587e+02    1.912299e+02
    7.180000e-01    8.392944e+02    1.917679e+02
    7.190000e-01    8.407308e+02    1.923072e+02
    7.200000e-01    8.421679e+02    1.928478e+02
    7.210000e-01    8.436058e+02    1.933897e+02
    7.220000e-01    8.450445e+02    1.939330e+02
    7.230000e-01    8.464839e+02    1.944776e+02
    7.240000e-01    8.479240e+02    1.950235e+02
    7.250000e-01    8.493650e+02    1.955707e+02
    7.260000e-01    8.508066e+02    1.961192e+02
    7.270000e-01    8.522490e+02    1.966691e+02
    7.280000e-01    8.536922e+02    1.972203e+02
    7.290000e-01    8.551362e+02    1.977728e+02
    7.300000e-01    8.565809e+02    1.983267e+02
    7.310000e-01    8.580263e+02    1.988819e+02
    7.320000e-01    8.594725e+02    1.994385e+02
    7.330000e-01    8.609195e+02    1.999964e+02
    7.340000e-01    8.623673e+02    2.005556e+02
    7.350000e-01    8.638158e+02    2.011162e+02
    7.360000e-01    8.652650e+02    2.016781e+02
    7.370000e-01    8.667151e+02    2.022414e+02
    7.380000e-01    8.681659e+02    2.028060e+02
    7.390000e-01    8.696174e+02    2.033720e+02
    7.400000e-01    8.710698e+02    2.039394e+02
    7.410000e-01    8.725229e+02    2.045081e+02
    7.420000e-01    8.739767e+02    2.050781e+02
    7.430000e-01    8.754314e+02    2.056495e+02
    7.440000e-01    8.768868e+02    2.062223e+02
    7.450000e-01    8.783430e+02    2.067965e+02
    7.460000e-01    8.797999e+02    2.073720e+02
    7.470000e-01    8.812576e+02    2.079489e+02
    7.480000e-01    8.827161e+02    2.085271e+02
    7.490000e-01    8.841754e+02    2.091067e+02
    7.500000e-01    8.856354e+02    2.096877e+02
    7.510000e-01    8.870963e+02    2.102701e+02
    7.520000e-01    8.885579e+02    2.108539e+02
    7.530000e-01    8.900202e+02    2.114390e+02
    7.540000e-01    8.914834e+02    2.120255e+02
    7.550000e-01    8.929473e+02    2.126134e+02
    7.560000e-01    8.944120e+02    2.132027e+02
    7.570000e-01    8.958775e+02    2.137934e+02
    7.580000e-01    8.973438e+02    2.143854e+02
    7.590000e-01    8.988108e+02    2.149789e+02
    7.600000e-01    9.002787e+02    2.155737e+02
    7.610000e-01    9.017473e+02    2.161700e+02
    7.620000e-01    9.032167e+02    2.167676e+02
    7.630000e-01    9.046869e+02    2.173666e+02
    7.640000e-01    9.061578e+02    2.179670e+02
    7.650000e-01    9.076296e+02    2.185688e+02
    7.660000e-01    9.091022e+02    2.191721e+02
    7.670000e-01    9.105755e+02    2.197767e+02
    7.680000e-01    9.120496e+02    2.203827e+02
    7.690000e-01    9.135245e+02    2.209902e+02
    7.700000e-01    9.150002e+02    2.215990e+02
    7.710000e-01    9.164767e+02    2.222092e+02
    7.720000e-01    9.179540e+02    2.228209e+02
    7.730000e-01    9.194321e+02    2.234340e+02
    7.740000e-01    9.209110e+02    2.240484e+02
    7.750000e-01    9.223907e+02    2.246643e+02
    7.760000e-01    9.238711e+02    2.252817e+02
    7.770000e-01    9.253524e+02    2.259004e+02
    7.780000e-01    9.268345e+02    2.265205e+02
    7.790000e-01    9.283173e+02    2.271421e+02
    7.800000e-01    9.298010e+02    2.277651e+02
    7.810000e-01    9.312854e+02    2.283895e+02
    7.820000e-01    9.327707e+02    2.290153e+02
    7.830000e-01    9.342568e+02    2.296426e+02
    7.840000e-01    9.357436e+02    2.302713e+02
    7.850000e-01    9.372313e+02    2.309014e+02
    7.860000e-01    9.387198e+02    2.315330e+02
    7.870000e-01    9.402090e+02    2.321659e+02
    7.880000e-01    9.416991e+02    2.328004e+02
    7.890000e-01    9.431900e+02    2.334362e+02
    7.900000e-01    9.446817e+02    2.340735e+02
    7.910000e-01    9.461742e+02    2.347122e+02
    7.920000e-01    9.476675e+02    2.353523e+02
    7.930000e-01    9.491616e+02    2.359939e+02
    7.940000e-01    9.506565e+02    2.366370e+02
    7.950000e-01    9.521523e+02    2.372814e+02
    7.960000e-01    9.536488e+02    2.379274e+02
    7.970000e-01    9.551462e+02    2.385747e+02
    7.980000e-01    9.566444e+02    2.392235e+02
    7.990000e-01    9.581433e+02    2.398738e+02
    8.000000e-01    9.596432e+02    2.405255e+02
    8.010000e-01    9.611438e+02    2.411786e+02
    8.020000e-01    9.626452e+02    2.418332e+02
    8.030000e-01    9.641475e+02    2.424892e+02
    8.040000e-01    9.656505e+02    2.431467e+02
    8.050000e-01    9.671544e+02    2.438057e+02
    8.060000e-01    9.686591e+02    2.444661e+02
    8.070000e-01    9.701647e+02    2.451279e+02
    8.080000e-01    9.716710e+02    2.457913e+02
    8.090000e-01    9.731782e+02    2.464560e+02
    8.100000e-01    9.746862e+02    2.471223e+02
    8.110000e-01    9.761950e+02    2.477900e+02
    8.120000e-01    9.777046e+02    2.484591e+02
    8.130000e-01    9.792151e+02    2.491297e+02
    8.140000e-01    9.807264e+02    2.498018e+02
    8.150000e-01    9.822385e+02    2.504753e+02
    8.160000e-01    9.837515e+02    2.511503e+02
    8.170000e-01    9.852652e+02    2.518268e+02
    8.180000e-01    9.867798e+02    2.525047e+02
    8.190000e-01    9.882953e+02    2.531842e+02
    8.200000e-01    9.898115e+02    2.538650e+02
    8.210000e-01    9.913286e+02    2.545474e+02
    8.220000e-01    9.928465e+02    2.552312e+02
    8.230000e-01    9.943653e+02    2.559165e+02
    8.240000e-01    9.958849e+02    2.566032e+02
    8.250000e-01    9.974053e+02    2.572915e+02
    8.260000e-01    9.989266e+02    2.579812e+02
    8.270000e-01    1.000449e+03    2.586724e+02
    8.280000e-01    1.001972e+03    2.593650e+02
    8.290000e-01    1.003495e+03    2.600592e+02
    8.300000e-01    1.005020e+03    2.607548e+02
    8.310000e-01    1.006545e+03    2.614519e+02
    8.320000e-01    1.008072e+03    2.621505e+02
    8.330000e-01    1.009599e+03    2.628505e+02
    8.340000e-01    1.011127e+03    2.635521e+02
    8.350000e-01    1.012656e+03    2.642551e+02
    8.360000e-01    1.014185e+03    2.649596e+02
    8.370000e-01    1.015716e+03    2.656656e+02
    8.380000e-01    1.017247e+03    2.663731e+02
    8.390000e-01    1.018779e+03    2.670821e+02
    8.400000e-01    1.020312e+03    2.677925e+02
    8.410000e-01    1.021846e+03    2.685045e+02
    8.420000e-01    1.023381e+03    2.692179e+02
    8.430000e-01    1.024917e+03    2.699328e+02
    8.440000e-01    1.026453e+03    2.706492e+02
    8.450000e-01    1.027990e+03    2.713672e+02
    8.460000e-01    1.029528e+03    2.720866e+02
    8.470000e-01    1.031067e+03    2.728075e+02
    8.480000e-01    1.032607e+03    2.735298e+02
    8.490000e-01    1.034148e+03    2.742537e+02
    8.500000e-01    1.035689e+03    2.749791e+02
    8.510000e-01    1.037232e+03    2.757060e+02
    8.520000e-01    1.038775e+03    2.764344e+02
    8.530000e-01    1.040319e+03    2.771643e+02
    8.540000e-01    1.041864e+03    2.778956e+02
    8.550000e-01    1.043410e+03    2.786285e+02
    8.560000e-01    1.044957e+03    2.793629e+02
    8.570000e-01    1.046504e+03    2.800988e+02
    8.580000e-01    1.048053e+03    2.808361e+02
    8.590000e-01    1.049602e+03    2.815750e+02
    8.600000e-01    1.051152e+03    2.823154e+02
    8.610000e-01    1.052703e+03    2.830573e+02
    8.620000e-01    1.054255e+03    2.838007e+02
    8.630000e-01    1.055807e+03    2.845456e+02
    8.640000e-01    1.057361e+03    2.852920e+02
    8.650000e-01    1.058915e+03    2.860399e+02
    8.660000e-01    1.060471e+03    2.867894e+02
    8.670000e-01    1.062027e+03    2.875403e+02
    8.680000e-01    1.063584e+03    2.882927e+02
    8.690000e-01    1.065142e+03    2.890467e+02
    8.700000e-01    1.066701e+03    2.898022e+02
    8.710000e-01    1.068260e+03    2.905591e+02
    8.720000e-01    1.069821e+03    2.913176e+02
    8.730000e-01    1.071382e+03    2.920776e+02
    8.740000e-01    1.072944e+03    2.928392e+02
    8.750000e-01    1.074507e+03    2.936022e+02
    8.760000e-01    1.076071e+03    2.943667e+02
    8.770000e-01    1.077636e+03    2.951328e+02
    8.780000e-01    1.079202e+03    2.959004e+02
    8.790000e-01    1.080769e+03    2.966695e+02
    8.800000e-01    1.082336e+03    2.974401e+02
    8.810000e-01    1.083904e+03    2.982122e+02
    8.820000e-01    1.085474e+03    2.989859e+02
    8.830000e-01    1.087044e+03    2.997610e+02
    8.840000e-01    1.088615e+03    3.005377e+02
    8.850000e-01    1.090187e+03    3.013159e+02
    8.860000e-01    1.091759e+03    3.020957e+02
    8.870000e-01    1.093333e+03    3.028769e+02
    8.880000e-01    1.094908e+03    3.036597e+02
    8.890000e-01    1.096483e+03    3.044440e+02
    8.900000e-01    1.098059e+03    3.052298e+02
    8.910000e-01    1.099637e+03    3.060172e+02
    8.920000e-01    1.101215e+03    3.068061e+02
    8.930000e-01    1.102793e+03    3.075965e+02
    8.940000e-01    1.104373e+03    3.083884e+02
    8.950000e-01    1.105954e+03    3.091818e+02
    8.960000e-01    1.107536e+03    3.099768e+02
    8.970000e-01    1.109118e+03    3.107733e+02
    8.980000e-01    1.110702e+03    3.115714e+02
    8.990000e-01    1.112286e+03    3.123709e+02
    9.000000e-01    1.113871e+03    3.131720e+02
    9.010000e-01    1.115457e+03    3.139747e+02
    9.020000e-01    1.117044e+03    3.147788e+02
    9.030000e-01    1.118632e+03    3.155845e+02
    9.040000e-01    1.120220e+03    3.163917e+02
    9.050000e-01    1.121810e+03    3.172005e+02
    9.060000e-01    1.123401e+03    3.180108e+02
    9.070000e-01    1.124992e+03    3.188227e+02
    9.080000e-01    1.126584e+03    3.196360e+02
    9.090000e-01    1.128178e+03    3.204510e+02
    9.100000e-01    1.129772e+03    3.212674e+02
    9.110000e-01    1.131367e+03    3.220855e+02
    9.120000e-01    1.132963e+03    3.229050e+02
    9.130000e-01    1.134559e+03    3.237261e+02
    9.140000e-01    1.136157e+03    3.245488e+02
    9.150000e-01    1.137756e+03    3.253730e+02
    9.160000e-01    1.139355e+03    3.261988e+02
    9.170000e-01    1.140956e+03    3.270261e+02
    9.180000e-01    1.142557e+03    3.278550e+02
    9.190000e-01    1.144159e+03    3.286854e+02
    9.200000e-01    1.145762e+03    3.295174e+02
    9.210000e-01    1.147366e+03    3.303510e+02
    9.220000e-01    1.148971e+03    3.311861e+02
    9.230000e-01    1.150577e+03    3.320228e+02
    9.240000e-01    1.152184e+03    3.328610e+02
    9.250000e-01    1.153791e+03    3.337008e+02
    9.260000e-01    1.155400e+03    3.345422e+02
    9.270000e-01    1.157009e+03    3.353851e+02
    9.280000e-01    1.158620e+03    3.362296e+02
    9.290000e-01    1.160231e+03    3.370757e+02
    9.300000e-01    1.161843e+03    3.379234e+02
    9.310000e-01    1.163456e+03    3.387726e+02
    9.320000e-01    1.165070e+03    3.396234e+02
    9.330000e-01    1.166685e+03    3.404758e+02
    9.340000e-01    1.168301e+03    3.413297e+02
    9.350000e-01    1.169918e+03    3.421852e+02
    9.360000e-01    1.171536e+03    3.430423e+02
    9.370000e-01    1.173154e+03    3.439010e+02
    9.380000e-01    1.174774e+03    3.447613e+02
    9.390000e-01    1.176394e+03    3.456231e+02
    9.400000e-01    1.178016e+03    3.464865e+02
    9.410000e-01    1.179638e+03    3.473516e+02
    9.420000e-01    1.181261e+03    3.482182e+02
    9.430000e-01    1.182885e+03    3.490863e+02
    9.440000e-01    1.184511e+03    3.499561e+02
    9.450000e-01    1.186137e+03    3.508275e+02
    9.460000e-01    1.187763e+03    3.517004e+02
    9.470000e-01    1.189391e+03    3.525749e+02
    9.480000e-01    1.191020e+03    3.534511e+02
    9.490000e-01    1.192650e+03    3.543288e+02
    9.500000e-01    1.194280e+03    3.552081e+02
    9.510000e-01    1.195912e+03    3.560890e+02
    9.520000e-01    1.197545e+03    3.569715e+02
    9.530000e-01    1.199178e+03    3.578556e+02
    9.540000e-01    1.200812e+03    3.587413e+02
    9.550000e-01    1.202448e+03    3.596286e+02
    9.560000e-01    1.204084e+03    3.605175e+02
    9.570000e-01    1.205721e+03    3.614080e+02
    9.580000e-01    1.207359e+03    3.623001e+02
    9.590000e-01    1.208998e+03    3.631938e+02
    9.600000e-01    1.210638e+03    3.640891e+02
    9.610000e-01    1.212279e+03    3.649860e+02
    9.620000e-01    1.213921e+03    3.658845e+02
    9.630000e-01    1.215564e+03    3.667846e+02
    9.640000e-01    1.217207e+03    3.676864e+02
    9.650000e-01    1.218852e+03    3.685897e+02
    9.660000e-01    1.220498e+03    3.694946e+02
    9.670000e-01    1.222144e+03    3.704012e+02
    9.680000e-01    1.223792e+03    3.713093e+02
    9.690000e-01    1.225440e+03    3.722191e+02
    9.700000e-01    1.227090e+03    3.731305e+02
    9.710000e-01    1.228740e+03    3.740435e+02
    9.720000e-01    1.230391e+03    3.749581e+02
    9.730000e-01    1.232044e+03    3.758743e+02
    9.740000e-01    1.233697e+03    3.767922e+02
    9.750000e-01    1.235351e+03    3.777116e+02
    9.760000e-01    1.237006e+03    3.786327e+02
    9.770000e-01    1.238662e+03    3.795554e+02
    9.780000e-01    1.240319e+03    3.804797e+02
    9.790000e-01    1.241977e+03    3.814056e+02
    9.800000e-01    1.243636e+03    3.823332e+02
    9.810000e-01    1.245296e+03    3.832623e+02
    9.820000e-01    1.246957e+03    3.841931e+02
    9.830000e-01    1.248618e+03    3.851255e+02
    9.840000e-01    1.250281e+03    3.860596e+02
    9.850000e-01    1.251945e+03    3.869952e+02
    9.860000e-01    1.253610e+03    3.879325e+02
    9.870000e-01    1.255275e+03    3.888714e+02
    9.880000e-01    1.256942e+03    3.898119e+02
    9.890000e-01    1.258609e+03    3.907541e+02
    9.900000e-01    1.260278e+03    3.916979e+02
    9.910000e-01    1.261947e+03    3.926433e+02
    9.920000e-01    1.263618e+03    3.935903e+02
    9.930000e-01    1.265289e+03    3.945390e+02
    9.940000e-01    1.266961e+03    3.954893e+02
    9.950000e-01    1.268635e+03    3.964412e+02
    9.960000e-01    1.270309e+03    3.973948e+02
    9.970000e-01    1.271984e+03    3.983499e+02
    9.980000e-01    1.273661e+03    3.993068e+02
    9.990000e-01    1.275338e+03    4.002652e+02
    1.000000e+00    1.277016e+03    4.012253e+02
    1.001000e+00    1.278695e+03    4.021870e+02
    1.002000e+00    1.280375e+03    4.031504e+02
    1.003000e+00    1.282056e+03    4.041153e+02
    1.004000e+00    1.283738e+03    4.050820e+02
    1.005000e+00    1.285422e+03    4.060502e+02
    1.006000e+00    1.287106e+03    4.070201e+02
    1.007000e+00    1.288791e+03    4.079916e+02
    1.008000e+00    1.290477e+03    4.089648e+02
    1.009000e+00    1.292164e+03    4.099396e+02
    1.010000e+00    1.293852e+03    4.109160e+02
    1.011000e+00    1.295540e+03    4.118941e+02
    1.012000e+00    1.297230e+03    4.128738e+02
    1.013000e+00    1.298921e+03    4.138552e+02
    1.014000e+00    1.300613e+03    4.148382e+02
    1.015000e+00    1.302306e+03    4.158228e+02
    1.016000e+00    1.304000e+03    4.168091e+02
    1.017000e+00    1.305695e+03    4.177970e+02
    1.018000e+00    1.307391e+03    4.187865e+02
    1.019000e+00    1.309087e+03    4.197777e+02
    1.020000e+00    1.310785e+03    4.207706e+02
    1.021000e+00    1.312484e+03    4.217651e+02
    1.022000e+00    1.314184e+03    4.227612e+02
    1.023000e+00    1.315885e+03    4.237590e+02
    1.024000e+00    1.317586e+03    4.247584e+02
    1.025000e+00    1.319289e+03    4.257594e+02
    1.026000e+00    1.320993e+03    4.267621e+02
    1.027000e+00    1.322698e+03    4.277665e+02
    1.028000e+00    1.324404e+03    4.287725e+02
    1.029000e+00    1.326110e+03    4.297801e+02
    1.030000e+00    1.327818e+03    4.307894e+02
    1.031000e+00    1.329527e+03    4.318003e+02
    1.032000e+00    1.331237e+03    4.328129e+02
    1.033000e+00    1.332947e+03    4.338271e+02
    1.034000e+00    1.334659e+03    4.348430e+02
    1.035000e+00    1.336372e+03    4.358605e+02
    1.036000e+00    1.338086e+03    4.368797e+02
    1.037000e+00    1.339800e+03    4.379005e+02
    1.038000e+00    1.341516e+03    4.389230e+02
    1.039000e+00    1.343233e+03    4.399471e+02
    1.040000e+00    1.344951e+03    4.409728e+02
    1.041000e+00    1.346670e+03    4.420003e+02
    1.042000e+00    1.348389e+03    4.430293e+02
    1.043000e+00    1.350110e+03    4.440600e+02
    1.044000e+00    1.351832e+03    4.450924e+02
    1.045000e+00    1.353555e+03    4.461264e+02
    1.046000e+00    1.355279e+03    4.471620e+02
    1.047000e+00    1.357004e+03    4.481994e+02
    1.048000e+00    1.358729e+03    4.492383e+02
    1.049000e+00    1.360456e+03    4.502789e+02
    1.050000e+00    1.362184e+03    4.513212e+02
    1.051000e+00    1.363913e+03    4.523651e+02
    1.052000e+00    1.365643e+03    4.534107e+02
    1.053000e+00    1.367374e+03    4.544579e+02
    1.054000e+00    1.369106e+03    4.555068e+02
    1.055000e+00    1.370839e+03    4.565573e+02
    1.056000e+00    1.372573e+03    4.576095e+02
    1.057000e+00    1.374308e+03    4.586633e+02
    1.058000e+00    1.376044e+03    4.597188e+02
    1.059000e+00    1.377781e+03    4.607759e+02
    1.060000e+00    1.379519e+03    4.618347e+02
    1.061000e+00    1.381259e+03    4.628951e+02
    1.062000e+00    1.382999e+03    4.639572e+02
    1.063000e+00    1.384740e+03    4.650210e+02
    1.064000e+00    1.386482e+03    4.660864e+02
    1.065000e+00    1.388225e+03    4.671534e+02
    1.066000e+00    1.389970e+03    4.682221e+02
    1.067000e+00    1.391715e+03    4.692925e+02
    1.068000e+00    1.393461e+03    4.703645e+02
    1.069000e+00    1.395209e+03    4.714382e+02
    1.070000e+00    1.396957e+03    4.725135e+02
    1.071000e+00    1.398707e+03    4.735904e+02
    1.072000e+00    1.400457e+03    4.746691e+02
    1.073000e+00    1.402209e+03    4.757494e+02
    1.074000e+00    1.403961e+03    4.768313e+02
    1.075000e+00    1.405715e+03    4.779149e+02
    1.076000e+00    1.407469e+03    4.790001e+02
    1.077000e+00    1.409225e+03    4.800870e+02
    1.078000e+00    1.410982e+03    4.811756e+02
    1.079000e+00    1.412740e+03    4.822658e+02
    1.080000e+00    1.414498e+03    4.833577e+02
    1.081000e+00    1.416258e+03    4.844512e+02
    1.082000e+00    1.418019e+03    4.855464e+02
    1.083000e+00    1.419781e+03    4.866432e+02
    1.084000e+00    1.421544e+03    4.877417e+02
    1.085000e+00    1.423308e+03    4.888418e+02
    1.086000e+00    1.425073e+03    4.899436e+02
    1.087000e+00    1.426839e+03    4.910471e+02
    1.088000e+00    1.428606e+03    4.921522e+02
    1.089000e+00    1.430375e+03    4.932590e+02
    1.090000e+00    1.432144e+03    4.943674e+02
    1.091000e+00    1.433914e+03    4.954774e+02
    1.092000e+00    1.435686e+03    4.965892e+02
    1.093000e+00    1.437458e+03    4.977025e+02
    1.094000e+00    1.439231e+03    4.988176e+02
    1.095000e+00    1.441006e+03    4.999343e+02
    1.096000e+00    1.442782e+03    5.010526e+02
    1.097000e+00    1.444558e+03    5.021726e+02
    1.098000e+00    1.446336e+03    5.032943e+02
    1.099000e+00    1.448115e+03    5.044176e+02
    1.100000e+00    1.449894e+03    5.055425e+02
    1.101000e+00    1.451675e+03    5.066692e+02
    1.102000e+00    1.453457e+03    5.077974e+02
    1.103000e+00    1.455240e+03    5.089274e+02
    1.104000e+00    1.457024e+03    5.100590e+02
    1.105000e+00    1.458810e+03    5.111922e+02
    1.106000e+00    1.460596e+03    5.123271e+02
    1.107000e+00    1.462383e+03    5.134636e+02
    1.108000e+00    1.464171e+03    5.146018e+02
    1.109000e+00    1.465961e+03    5.157417e+02
    1.110000e+00    1.467751e+03    5.168832e+02
    1.111000e+00    1.469543e+03    5.180264e+02
    1.112000e+00    1.471335e+03    5.191712e+02
    1.113000e+00    1.473129e+03    5.203176e+02
    1.114000e+00    1.474924e+03    5.214658e+02
    1.115000e+00    1.476719e+03    5.226155e+02
    1.116000e+00    1.478516e+03    5.237670e+02
    1.117000e+00    1.480314e+03    5.249201e+02
