    2.670000e-04    2.502144e-01    4.925357e-04
    3.126000e-04    2.932324e-01    5.213459e-04
    3.951000e-04    3.707831e-01    5.679157e-04
    4.759000e-04    4.467551e-01    6.136963e-04
    5.812000e-04    5.456175e-01    6.758553e-04
    7.143000e-04    6.709220e-01    7.601152e-04
    8.786000e-04    8.252341e-01    8.731853e-04
    1.077000e-03    1.012500e+00    1.022367e-03
    1.314000e-03    1.235286e+00    1.217131e-03
    1.748000e-03    1.643562e+00    1.617711e-03
    2.000000e-03    1.880695e+00    1.960030e-03
    3.000000e-03    2.822266e+00    3.120047e-03
    4.000000e-03    3.764254e+00    4.410067e-03
    5.000000e-03    4.706580e+00    5.810089e-03
    6.000000e-03    5.649194e+00    7.280111e-03
    7.000000e-03    6.592061e+00    8.820135e-03
    8.000000e-03    7.535153e+00    1.042016e-02
    9.000000e-03    8.478449e+00    1.210018e-02
    1.000000e-02    9.421936e+00    1.381021e-02
    1.100000e-02    1.036560e+01    1.561024e-02
    1.200000e-02    1.130942e+01    1.747027e-02
    1.300000e-02    1.225341e+01    1.938029e-02
    1.400000e-02    1.319754e+01    2.138033e-02
    1.500000e-02    1.414182e+01    2.346036e-02
    1.600000e-02    1.508625e+01    2.561039e-02
    1.700000e-02    1.603081e+01    2.787042e-02
    1.800000e-02    1.697550e+01    3.020046e-02
    1.900000e-02    1.792033e+01    3.265050e-02
    2.000000e-02    1.886529e+01    3.521054e-02
    2.100000e-02    1.981038e+01    3.786058e-02
    2.200000e-02    2.075560e+01    4.066062e-02
    2.300000e-02    2.170095e+01    4.357066e-02
    2.400000e-02    2.264642e+01    4.660071e-02
    2.500000e-02    2.359203e+01    4.978076e-02
    2.600000e-02    2.453777e+01    5.307081e-02
    2.700000e-02    2.548364e+01    5.654086e-02
    2.800000e-02    2.642963e+01    6.016091e-02
    2.900000e-02    2.737576e+01    6.390097e-02
    3.000000e-02    2.832202e+01    6.783103e-02
    3.100000e-02    2.926842e+01    7.192110e-02
    3.200000e-02    3.021495e+01    7.613116e-02
    3.300000e-02    3.116162e+01    8.055122e-02
    3.400000e-02    3.210842e+01    8.515130e-02
    3.500000e-02    3.305535e+01    8.986137e-02
    3.600000e-02    3.400243e+01    9.480145e-02
    3.700000e-02    3.494964e+01    9.992152e-02
    3.800000e-02    3.589700e+01    1.051616e-01
    3.900000e-02    3.684449e+01    1.106317e-01
    4.000000e-02    3.779213e+01    1.162818e-01
    4.100000e-02    3.873992e+01    1.220619e-01
    4.200000e-02    3.968784e+01    1.280719e-01
    4.300000e-02    4.063591e+01    1.342720e-01
    4.400000e-02    4.158412e+01    1.405921e-01
    4.500000e-02    4.253249e+01    1.471522e-01
    4.600000e-02    4.348100e+01    1.539023e-01
    4.700000e-02    4.442966e+01    1.608225e-01
    4.800000e-02    4.537846e+01    1.678726e-01
    4.900000e-02    4.632742e+01    1.751727e-01
    5.000000e-02    4.727653e+01    1.826328e-01
    5.100000e-02    4.822579e+01    1.902829e-01
    5.200000e-02    4.917520e+01    1.981030e-01
    5.300000e-02    5.012476e+01    2.060631e-01
    5.400000e-02    5.107448e+01    2.142333e-01
    5.500000e-02    5.202435e+01    2.225734e-01
    5.600000e-02    5.297437e+01    2.310835e-01
    5.700000e-02    5.392455e+01    2.397836e-01
    5.800000e-02    5.487488e+01    2.486638e-01
    5.900000e-02    5.582536e+01    2.576639e-01
    6.000000e-02    5.677600e+01    2.662441e-01
    6.100000e-02    5.772678e+01    2.756142e-01
    6.200000e-02    5.867771e+01    2.850843e-01
    6.300000e-02    5.962882e+01    2.948345e-01
    6.400000e-02    6.058008e+01    3.046046e-01
    6.500000e-02    6.153151e+01    3.125248e-01
    6.600000e-02    6.248303e+01    3.228349e-01
    6.700000e-02    6.343474e+01    3.333051e-01
    7.300000e-02    6.914827e+01    4.004580e-01
    7.875000e-02    7.462934e+01    4.778929e-01
    8.450000e-02    8.011638e+01    5.643047e-01
    9.025000e-02    8.560963e+01    6.603968e-01
    9.600000e-02    9.110933e+01    7.670357e-01
    1.017500e-01    9.661575e+01    8.852603e-01
    1.075000e-01    1.021292e+02    1.016285e+00
    1.132500e-01    1.076500e+02    1.161499e+00
    1.190000e-01    1.131786e+02    1.320549e+00
    1.247500e-01    1.187152e+02    1.493545e+00
    1.305000e-01    1.242601e+02    1.684129e+00
    1.362500e-01    1.298139e+02    1.894767e+00
    1.420000e-01    1.353770e+02    2.127799e+00
    1.477500e-01    1.409501e+02    2.385562e+00
    1.535000e-01    1.465336e+02    2.670421e+00
    1.592500e-01    1.521284e+02    2.984774e+00
    1.650000e-01    1.577352e+02    3.331045e+00
    1.707500e-01    1.633545e+02    3.711672e+00
    1.765000e-01    1.689873e+02    4.129099e+00
    1.822500e-01    1.746343e+02    4.585764e+00
    1.880000e-01    1.802964e+02    5.084082e+00
    1.937500e-01    1.859744e+02    5.626437e+00
    1.995000e-01    1.916691e+02    6.215170e+00
    2.052500e-01    1.973816e+02    6.852568e+00
    2.110000e-01    2.031125e+02    7.540856e+00
    2.167500e-01    2.088630e+02    8.282186e+00
    2.225000e-01    2.146338e+02    9.078630e+00
    2.282500e-01    2.204259e+02    9.932176e+00
    2.340000e-01    2.262403e+02    1.084472e+01
    2.397500e-01    2.320779e+02    1.181806e+01
    2.455000e-01    2.379395e+02    1.285390e+01
    2.512500e-01    2.438261e+02    1.395383e+01
    2.570000e-01    2.497387e+02    1.511937e+01
    2.627500e-01    2.556781e+02    1.635189e+01
    2.685000e-01    2.616452e+02    1.765269e+01
    2.742500e-01    2.676408e+02    1.902297e+01
    2.800000e-01    2.736660e+02    2.046381e+01
    2.857500e-01    2.797215e+02    2.197620e+01
    2.915000e-01    2.858081e+02    2.356104e+01
    2.972500e-01    2.919267e+02    2.521913e+01
    3.030000e-01    2.980781e+02    2.695119e+01
    3.087500e-01    3.042630e+02    2.875785e+01
    3.145000e-01    3.104824e+02    3.063967e+01
    3.202500e-01    3.167368e+02    3.259711e+01
    3.260000e-01    3.230270e+02    3.463059e+01
    3.317500e-01    3.293537e+02    3.674042e+01
    3.375000e-01    3.357177e+02    3.892688e+01
    3.432500e-01    3.421196e+02    4.119019e+01
    3.490000e-01    3.485601e+02    4.353049e+01
    3.547500e-01    3.550397e+02    4.594788e+01
    3.605000e-01    3.615592e+02    4.844243e+01
    3.662500e-01    3.681190e+02    5.101414e+01
    3.720000e-01    3.747193e+02    5.349436e+01
    3.777500e-01    3.813553e+02    5.568627e+01
    3.835000e-01    3.880216e+02    5.749515e+01
    3.892500e-01    3.947147e+02    5.927484e+01
    3.950000e-01    4.014341e+02    6.106520e+01
    4.007500e-01    4.081797e+02    6.287606e+01
    4.065000e-01    4.149514e+02    6.471190e+01
    4.122500e-01    4.217492e+02    6.657526e+01
    4.180000e-01    4.285731e+02    6.846775e+01
    4.237500e-01    4.354232e+02    7.039045e+01
    4.295000e-01    4.422995e+02    7.234413e+01
    4.352500e-01    4.492021e+02    7.432935e+01
    4.410000e-01    4.561309e+02    7.634655e+01
    4.467500e-01    4.630862e+02    7.839268e+01
    4.525000e-01    4.700679e+02    8.046652e+01
    4.582500e-01    4.770760e+02    8.257167e+01
    4.640000e-01    4.841106e+02    8.470922e+01
    4.697500e-01    4.911717e+02    8.687973e+01
    4.755000e-01    4.982595e+02    8.908358e+01
    4.812500e-01    5.053740e+02    9.132102e+01
    4.870000e-01    5.125153e+02    9.359224e+01
    4.927500e-01    5.196834e+02    9.589739e+01
    4.985000e-01    5.268785e+02    9.823656e+01
    5.042500e-01    5.341006e+02    1.006098e+02
    5.100000e-01    5.413498e+02    1.030173e+02
    5.157500e-01    5.486261e+02    1.054589e+02
    5.215000e-01    5.559297e+02    1.079348e+02
    5.272500e-01    5.632607e+02    1.104450e+02
    5.330000e-01    5.706190e+02    1.129894e+02
    5.387500e-01    5.780047e+02    1.155681e+02
    5.445000e-01    5.854180e+02    1.181811e+02
    5.502500e-01    5.928589e+02    1.208284e+02
    5.560000e-01    6.003275e+02    1.235100e+02
    5.617500e-01    6.078238e+02    1.262259e+02
    5.675000e-01    6.153479e+02    1.289761e+02
    5.732500e-01    6.228998e+02    1.317605e+02
    5.790000e-01    6.304796e+02    1.345791e+02
    5.847500e-01    6.380875e+02    1.374320e+02
    5.905000e-01    6.457233e+02    1.403191e+02
    5.962500e-01    6.533873e+02    1.432405e+02
    6.020000e-01    6.610794e+02    1.461959e+02
    6.077500e-01    6.687997e+02    1.491856e+02
    6.135000e-01    6.765483e+02    1.522094e+02
    6.192500e-01    6.843251e+02    1.552673e+02
    6.250000e-01    6.921304e+02    1.583594e+02
    6.307500e-01    6.999641e+02    1.614855e+02
    6.365000e-01    7.078262e+02    1.646457e+02
    6.422500e-01    7.157168e+02    1.678399e+02
    6.480000e-01    7.236360e+02    1.710682e+02
    6.537500e-01    7.315838e+02    1.743305e+02
    6.595000e-01    7.395603e+02    1.776268e+02
    6.652500e-01    7.475655e+02    1.809570e+02
    6.710000e-01    7.555994e+02    1.843212e+02
    6.767500e-01    7.636621e+02    1.877193e+02
    6.825000e-01    7.717537e+02    1.911513e+02
    6.882500e-01    7.798741e+02    1.946172e+02
    6.940000e-01    7.880234e+02    1.981170e+02
    6.997500e-01    7.962017e+02    2.016506e+02
    7.055000e-01    8.044090e+02    2.052180e+02
    7.112500e-01    8.126453e+02    2.088193e+02
    7.170000e-01    8.209107e+02    2.124543e+02
    7.227500e-01    8.292052e+02    2.161232e+02
    7.285000e-01    8.375289e+02    2.198257e+02
    7.342500e-01    8.458817e+02    2.235620e+02
    7.400000e-01    8.542638e+02    2.273320e+02
    7.457500e-01    8.626751e+02    2.311357e+02
    7.515000e-01    8.711157e+02    2.349731e+02
    7.572500e-01    8.795856e+02    2.388441e+02
    7.630000e-01    8.880848e+02    2.427488e+02
    7.687500e-01    8.966135e+02    2.466870e+02
    7.745000e-01    9.051715e+02    2.506589e+02
    7.802500e-01    9.137590e+02    2.546644e+02
    7.860000e-01    9.223760e+02    2.587034e+02
    7.917500e-01    9.310225e+02    2.627759e+02
    7.975000e-01    9.396985e+02    2.668820e+02
    8.032500e-01    9.484041e+02    2.710216e+02
    8.090000e-01    9.571393e+02    2.751947e+02
    8.147500e-01    9.659041e+02    2.794012e+02
    8.205000e-01    9.746985e+02    2.836412e+02
    8.262500e-01    9.835227e+02    2.879147e+02
    8.320000e-01    9.923765e+02    2.922216e+02
    8.377500e-01    1.001260e+03    2.965619e+02
    8.435000e-01    1.010173e+03    3.009356e+02
    8.492500e-01    1.019116e+03    3.053426e+02
    8.550000e-01    1.028089e+03    3.097831e+02
    8.607500e-01    1.037092e+03    3.142569e+02
    8.665000e-01    1.046125e+03    3.187640e+02
    8.722500e-01    1.055187e+03    3.233045e+02
    8.780000e-01    1.064279e+03    3.278783e+02
    8.837500e-01    1.073402e+03    3.324855e+02
    8.895000e-01    1.082554e+03    3.371259e+02
    8.952500e-01    1.091736e+03    3.417997e+02
    9.010000e-01    1.100948e+03    3.465068e+02
    9.067500e-01    1.110190e+03    3.512473e+02
    9.125000e-01    1.119462e+03    3.560212e+02
    9.182500e-01    1.128765e+03    3.608286e+02
    9.240000e-01    1.138097e+03    3.656696e+02
    9.297500e-01    1.147459e+03    3.705448e+02
    9.355000e-01    1.156852e+03    3.754537e+02
    9.412500e-01    1.166275e+03    3.803953e+02
    9.470000e-01    1.175727e+03    3.853695e+02
    9.527500e-01    1.185210e+03    3.903765e+02
    9.585000e-01    1.194724e+03    3.954161e+02
    9.642500e-01    1.204267e+03    4.004884e+02
    9.700000e-01    1.213841e+03    4.055932e+02
    9.757500e-01    1.223444e+03    4.107307e+02
    9.815000e-01    1.233079e+03    4.159007e+02
    9.872500e-01    1.242743e+03    4.211032e+02
    9.930000e-01    1.252438e+03    4.263383e+02
    9.987500e-01    1.262162e+03    4.316058e+02
    1.004500e+00    1.271918e+03    4.369059e+02
    1.010250e+00    1.281703e+03    4.422384e+02
    1.016000e+00    1.291519e+03    4.476033e+02
    1.021750e+00    1.301365e+03    4.530006e+02
    1.027500e+00    1.311242e+03    4.584303e+02
    1.033250e+00    1.321149e+03    4.638924e+02
    1.039000e+00    1.331086e+03    4.693868e+02
    1.044750e+00    1.341054e+03    4.749136e+02
    1.050500e+00    1.351052e+03    4.804726e+02
    1.056250e+00    1.361080e+03    4.860639e+02
    1.062000e+00    1.371139e+03    4.916875e+02
    1.067750e+00    1.381229e+03    4.973433e+02
    1.073500e+00    1.391348e+03    5.030313e+02
    1.079250e+00    1.401499e+03    5.087515e+02
    1.085000e+00    1.411679e+03    5.145039e+02
    1.090750e+00    1.421890e+03    5.202884e+02
    1.096500e+00    1.432132e+03    5.261051e+02
    1.102250e+00    1.442404e+03    5.319539e+02
    1.108000e+00    1.452707e+03    5.378348e+02
    1.113750e+00    1.463040e+03    5.437477e+02
    1.119500e+00    1.473403e+03    5.496927e+02
    1.125250e+00    1.483798e+03    5.556697e+02
    1.131000e+00    1.494222e+03    5.616787e+02
    1.136750e+00    1.504677e+03    5.677198e+02
    1.142500e+00    1.515163e+03    5.737928e+02
    1.148250e+00    1.525679e+03    5.798977e+02
    1.154000e+00    1.536226e+03    5.860346e+02
    1.159750e+00    1.546804e+03    5.922035e+02
    1.165500e+00    1.557412e+03    5.984042e+02
    1.171250e+00    1.568050e+03    6.046368e+02
    1.177000e+00    1.578719e+03    6.109013e+02
    1.182750e+00    1.589419e+03    6.171976e+02
    1.188500e+00    1.600150e+03    6.235221e+02
    1.194250e+00    1.610910e+03    6.297697e+02
    1.200000e+00    1.621701e+03    6.359920e+02
