    3.000000e-04    2.813900e-01    5.100000e-04
    4.000000e-04    3.753200e-01    5.900000e-04
    5.000000e-04    4.694500e-01    6.600000e-04
    6.000000e-04    5.633800e-01    7.200000e-04
    7.000000e-04    6.575000e-01    7.800000e-04
    8.000000e-04    7.514300e-01    8.500000e-04
    9.000000e-04    8.455600e-01    9.200000e-04
    1.000000e-03    9.394900e-01    1.000000e-03
    1.500000e-03    1.409920e+00    1.370000e-03
    2.000000e-03    1.880360e+00    1.760000e-03
    2.500000e-03    2.350990e+00    2.160000e-03
    3.000000e-03    2.821620e+00    2.560000e-03
    3.500000e-03    3.292450e+00    2.960000e-03
    4.000000e-03    3.763280e+00    3.360000e-03
    4.500000e-03    4.234110e+00    3.740000e-03
    5.000000e-03    4.704940e+00    4.120000e-03
    5.500000e-03    5.175970e+00    4.480000e-03
    6.000000e-03    5.646990e+00    4.840000e-03
    6.500000e-03    6.117820e+00    5.190000e-03
    7.000000e-03    6.588850e+00    5.520000e-03
    7.500000e-03    7.059880e+00    5.860000e-03
    8.000000e-03    7.531100e+00    6.180000e-03
    8.500000e-03    8.002130e+00    6.490000e-03
    9.000000e-03    8.473150e+00    6.810000e-03
    9.500000e-03    8.944380e+00    7.120000e-03
    1.000000e-02    9.415400e+00    7.420000e-03
    1.200000e-02    1.130010e+01    8.680000e-03
    1.400000e-02    1.318500e+01    1.010000e-02
    1.600000e-02    1.507029e+01    1.178000e-02
    1.800000e-02    1.695558e+01    1.388000e-02
    2.000000e-02    1.884127e+01    1.654000e-02
    2.200000e-02    2.072715e+01    1.987000e-02
    2.400000e-02    2.261343e+01    2.401000e-02
    2.600000e-02    2.450010e+01    2.909000e-02
    2.800000e-02    2.638716e+01    3.518000e-02
    3.000000e-02    2.827463e+01    4.240000e-02
    3.200000e-02    3.016268e+01    5.084000e-02
    3.400000e-02    3.205133e+01    6.060000e-02
    3.600000e-02    3.394056e+01    7.176000e-02
    3.800000e-02    3.583059e+01    8.446000e-02
    4.000000e-02    3.772121e+01    9.864000e-02
    4.200000e-02    3.961262e+01    1.144300e-01
    4.400000e-02    4.150481e+01    1.318900e-01
    4.600000e-02    4.339780e+01    1.510500e-01
    4.800000e-02    4.529158e+01    1.719500e-01
    5.000000e-02    4.718634e+01    1.946100e-01
    5.200000e-02    4.908209e+01    2.190100e-01
    5.400000e-02    5.097882e+01    2.450600e-01
    5.600000e-02    5.287635e+01    2.698600e-01
    5.700000e-02    5.379012e+01    2.864145e-01
    5.800000e-02    5.473896e+01    3.022375e-01
    5.900000e-02    5.568809e+01    3.186128e-01
    6.000000e-02    5.663750e+01    3.355469e-01
    6.100000e-02    5.758719e+01    3.530466e-01
    6.200000e-02    5.853718e+01    3.711184e-01
    6.300000e-02    5.948746e+01    3.897685e-01
    6.400000e-02    6.043805e+01    4.090034e-01
    6.500000e-02    6.138893e+01    4.288293e-01
    6.600000e-02    6.234013e+01    4.492523e-01
    6.700000e-02    6.329164e+01    4.702784e-01
    6.800000e-02    6.424347e+01    4.919137e-01
    6.900000e-02    6.519563e+01    5.141642e-01
    7.000000e-02    6.614811e+01    5.370355e-01
    7.100000e-02    6.710092e+01    5.605337e-01
    7.200000e-02    6.805406e+01    5.846643e-01
    7.300000e-02    6.900755e+01    6.094331e-01
    7.400000e-02    6.996138e+01    6.348458e-01
    7.500000e-02    7.091556e+01    6.609079e-01
    7.600000e-02    7.187009e+01    6.876249e-01
    7.700000e-02    7.282497e+01    7.150025e-01
    7.800000e-02    7.378022e+01    7.430461e-01
    7.900000e-02    7.473583e+01    7.717612e-01
    8.000000e-02    7.569180e+01    8.011531e-01
    8.100000e-02    7.664815e+01    8.312274e-01
    8.200000e-02    7.760488e+01    8.619893e-01
    8.300000e-02    7.856198e+01    8.934444e-01
    8.400000e-02    7.951947e+01    9.255978e-01
    8.500000e-02    8.047734e+01    9.584551e-01
    8.600000e-02    8.143560e+01    9.920216e-01
    8.700000e-02    8.239426e+01    1.026303e+00
    8.800000e-02    8.335332e+01    1.061304e+00
    8.900000e-02    8.431278e+01    1.097030e+00
    9.000000e-02    8.527264e+01    1.133487e+00
    9.100000e-02    8.623292e+01    1.170679e+00
    9.200000e-02    8.719360e+01    1.208614e+00
    9.300000e-02    8.815470e+01    1.247295e+00
    9.400000e-02    8.911623e+01    1.286729e+00
    9.500000e-02    9.007817e+01    1.326920e+00
    9.600000e-02    9.104055e+01    1.367875e+00
    9.700000e-02    9.200335e+01    1.409599e+00
    9.800000e-02    9.296659e+01    1.452097e+00
    9.900000e-02    9.393026e+01    1.495376e+00
    1.000000e-01    9.489438e+01    1.539440e+00
    1.010000e-01    9.585894e+01    1.584296e+00
    1.020000e-01    9.682395e+01    1.629950e+00
    1.030000e-01    9.778941e+01    1.676406e+00
    1.040000e-01    9.875532e+01    1.723672e+00
    1.050000e-01    9.972170e+01    1.771753e+00
    1.060000e-01    1.006885e+02    1.820656e+00
    1.070000e-01    1.016558e+02    1.870385e+00
    1.080000e-01    1.026236e+02    1.920949e+00
    1.090000e-01    1.035918e+02    1.972352e+00
    1.100000e-01    1.045606e+02    2.024601e+00
    1.110000e-01    1.055298e+02    2.077599e+00
    1.120000e-01    1.064994e+02    2.130565e+00
    1.130000e-01    1.074696e+02    2.183864e+00
    1.140000e-01    1.084402e+02    2.237649e+00
    1.150000e-01    1.094113e+02    2.291993e+00
    1.160000e-01    1.103829e+02    2.346940e+00
    1.170000e-01    1.113549e+02    2.402521e+00
    1.180000e-01    1.123274e+02    2.458763e+00
    1.190000e-01    1.133004e+02    2.515686e+00
    1.200000e-01    1.142739e+02    2.573309e+00
    1.210000e-01    1.152479e+02    2.631648e+00
    1.220000e-01    1.162224e+02    2.690718e+00
    1.230000e-01    1.171973e+02    2.750533e+00
    1.240000e-01    1.181727e+02    2.811106e+00
    1.250000e-01    1.191486e+02    2.872449e+00
    1.260000e-01    1.201251e+02    2.934575e+00
    1.270000e-01    1.211020e+02    2.997496e+00
    1.280000e-01    1.220794e+02    3.061222e+00
    1.290000e-01    1.230573e+02    3.125765e+00
    1.300000e-01    1.240357e+02    3.191137e+00
    1.310000e-01    1.250146e+02    3.257349e+00
    1.320000e-01    1.259941e+02    3.324411e+00
    1.330000e-01    1.269740e+02    3.392335e+00
    1.340000e-01    1.279545e+02    3.461132e+00
    1.350000e-01    1.289354e+02    3.530814e+00
    1.360000e-01    1.299169e+02    3.601391e+00
    1.370000e-01    1.308989e+02    3.672874e+00
    1.380000e-01    1.318815e+02    3.745276e+00
    1.390000e-01    1.328645e+02    3.818608e+00
    1.400000e-01    1.338481e+02    3.892882e+00
    1.410000e-01    1.348323e+02    3.968109e+00
    1.420000e-01    1.358169e+02    4.044301e+00
    1.430000e-01    1.368022e+02    4.121472e+00
    1.440000e-01    1.377879e+02    4.199632e+00
    1.450000e-01    1.387742e+02    4.278795e+00
    1.460000e-01    1.397611e+02    4.358974e+00
    1.470000e-01    1.407485e+02    4.440181e+00
    1.480000e-01    1.417364e+02    4.522430e+00
    1.490000e-01    1.427249e+02    4.605733e+00
    1.500000e-01    1.437140e+02    4.690106e+00
    1.510000e-01    1.447036e+02    4.775561e+00
    1.520000e-01    1.456939e+02    4.862112e+00
    1.530000e-01    1.466846e+02    4.949775e+00
    1.540000e-01    1.476760e+02    5.038563e+00
    1.550000e-01    1.486680e+02    5.128492e+00
    1.560000e-01    1.496605e+02    5.219577e+00
    1.570000e-01    1.506536e+02    5.311832e+00
    1.580000e-01    1.516473e+02    5.405274e+00
    1.590000e-01    1.526416e+02    5.499919e+00
    1.600000e-01    1.536365e+02    5.595783e+00
    1.610000e-01    1.546320e+02    5.692882e+00
    1.620000e-01    1.556281e+02    5.791234e+00
    1.630000e-01    1.566248e+02    5.890855e+00
    1.640000e-01    1.576222e+02    5.991763e+00
    1.650000e-01    1.586201e+02    6.093975e+00
    1.660000e-01    1.596187e+02    6.197510e+00
    1.670000e-01    1.606179e+02    6.302386e+00
    1.680000e-01    1.616178e+02    6.408622e+00
    1.690000e-01    1.626182e+02    6.516236e+00
    1.700000e-01    1.636194e+02    6.625248e+00
    1.710000e-01    1.646211e+02    6.735678e+00
    1.720000e-01    1.656235e+02    6.847546e+00
    1.730000e-01    1.666266e+02    6.960871e+00
    1.740000e-01    1.676303e+02    7.075675e+00
    1.750000e-01    1.686347e+02    7.191978e+00
    1.760000e-01    1.696398e+02    7.309802e+00
    1.770000e-01    1.706455e+02    7.429168e+00
    1.780000e-01    1.716519e+02    7.550099e+00
    1.790000e-01    1.726590e+02    7.672616e+00
    1.800000e-01    1.736668e+02    7.796743e+00
    1.810000e-01    1.746753e+02    7.922502e+00
    1.820000e-01    1.756845e+02    8.049917e+00
    1.830000e-01    1.766943e+02    8.179011e+00
    1.840000e-01    1.777049e+02    8.309808e+00
    1.850000e-01    1.787162e+02    8.442333e+00
    1.860000e-01    1.797283e+02    8.576610e+00
    1.870000e-01    1.807410e+02    8.712665e+00
    1.880000e-01    1.817545e+02    8.850522e+00
    1.890000e-01    1.827687e+02    8.990207e+00
    1.900000e-01    1.837837e+02    9.131746e+00
    1.910000e-01    1.847994e+02    9.275166e+00
    1.920000e-01    1.858159e+02    9.420493e+00
    1.930000e-01    1.868331e+02    9.567754e+00
    1.940000e-01    1.878512e+02    9.716977e+00
    1.950000e-01    1.888699e+02    9.868188e+00
    1.960000e-01    1.898895e+02    1.002142e+01
    1.970000e-01    1.909098e+02    1.017669e+01
    1.980000e-01    1.919310e+02    1.033403e+01
    1.990000e-01    1.929529e+02    1.049348e+01
    2.000000e-01    1.939757e+02    1.065506e+01
    2.010000e-01    1.949992e+02    1.081880e+01
    2.020000e-01    1.960236e+02    1.098472e+01
    2.030000e-01    1.970488e+02    1.115287e+01
    2.040000e-01    1.980749e+02    1.132327e+01
    2.050000e-01    1.991018e+02    1.149594e+01
    2.060000e-01    2.001295e+02    1.167092e+01
    2.070000e-01    2.011581e+02    1.184825e+01
    2.080000e-01    2.021875e+02    1.202794e+01
    2.090000e-01    2.032178e+02    1.221004e+01
    2.100000e-01    2.042490e+02    1.239457e+01
    2.110000e-01    2.052811e+02    1.258156e+01
    2.120000e-01    2.063141e+02    1.277105e+01
    2.130000e-01    2.073480e+02    1.296306e+01
    2.140000e-01    2.083827e+02    1.315763e+01
    2.150000e-01    2.094184e+02    1.335480e+01
    2.160000e-01    2.104550e+02    1.355458e+01
    2.170000e-01    2.114926e+02    1.375702e+01
    2.180000e-01    2.125311e+02    1.396215e+01
    2.190000e-01    2.135705e+02    1.416999e+01
    2.200000e-01    2.146109e+02    1.438058e+01
    2.210000e-01    2.156523e+02    1.459395e+01
    2.220000e-01    2.166946e+02    1.481014e+01
    2.230000e-01    2.177379e+02    1.502917e+01
    2.240000e-01    2.187822e+02    1.525108e+01
    2.250000e-01    2.198275e+02    1.547590e+01
    2.260000e-01    2.208738e+02    1.570366e+01
    2.270000e-01    2.219211e+02    1.593439e+01
    2.280000e-01    2.229694e+02    1.616813e+01
    2.290000e-01    2.240188e+02    1.640490e+01
    2.300000e-01    2.250692e+02    1.664474e+01
    2.310000e-01    2.261206e+02    1.688767e+01
    2.320000e-01    2.271732e+02    1.713374e+01
    2.330000e-01    2.282267e+02    1.738296e+01
    2.340000e-01    2.292814e+02    1.763537e+01
    2.350000e-01    2.303371e+02    1.789100e+01
    2.360000e-01    2.313940e+02    1.814989e+01
    2.370000e-01    2.324519e+02    1.841205e+01
    2.380000e-01    2.335110e+02    1.867752e+01
    2.390000e-01    2.345712e+02    1.894632e+01
    2.400000e-01    2.356325e+02    1.921850e+01
    2.410000e-01    2.366949e+02    1.949407e+01
    2.420000e-01    2.377585e+02    1.977306e+01
    2.430000e-01    2.388233e+02    2.005550e+01
    2.440000e-01    2.398892e+02    2.034141e+01
    2.450000e-01    2.409563e+02    2.063083e+01
    2.460000e-01    2.420246e+02    2.092379e+01
    2.470000e-01    2.430941e+02    2.122029e+01
    2.480000e-01    2.441648e+02    2.152038e+01
    2.490000e-01    2.452368e+02    2.182407e+01
    2.500000e-01    2.463099e+02    2.213140e+01
    2.510000e-01    2.473843e+02    2.244238e+01
    2.520000e-01    2.484599e+02    2.275704e+01
    2.530000e-01    2.495368e+02    2.307539e+01
    2.540000e-01    2.506150e+02    2.339748e+01
    2.550000e-01    2.516944e+02    2.372330e+01
    2.560000e-01    2.527751e+02    2.405289e+01
    2.570000e-01    2.538571e+02    2.438627e+01
    2.580000e-01    2.549404e+02    2.472346e+01
    2.590000e-01    2.560250e+02    2.506447e+01
    2.600000e-01    2.571110e+02    2.540932e+01
    2.610000e-01    2.581983e+02    2.575804e+01
    2.620000e-01    2.592869e+02    2.611064e+01
    2.630000e-01    2.603769e+02    2.646714e+01
    2.640000e-01    2.614682e+02    2.682755e+01
    2.650000e-01    2.625610e+02    2.719190e+01
    2.660000e-01    2.636551e+02    2.756018e+01
    2.670000e-01    2.647505e+02    2.793243e+01
    2.680000e-01    2.658474e+02    2.830866e+01
    2.690000e-01    2.669457e+02    2.868887e+01
    2.700000e-01    2.680455e+02    2.907307e+01
    2.710000e-01    2.691466e+02    2.946130e+01
    2.720000e-01    2.702492e+02    2.985354e+01
    2.730000e-01    2.713533e+02    3.024982e+01
    2.740000e-01    2.724588e+02    3.065014e+01
    2.750000e-01    2.735657e+02    3.105452e+01
    2.760000e-01    2.746742e+02    3.146296e+01
    2.770000e-01    2.757841e+02    3.187547e+01
    2.780000e-01    2.768956e+02    3.229206e+01
    2.790000e-01    2.780085e+02    3.271274e+01
    2.800000e-01    2.791230e+02    3.313751e+01
    2.810000e-01    2.802389e+02    3.356638e+01
    2.820000e-01    2.813565e+02    3.399935e+01
    2.830000e-01    2.824755e+02    3.443643e+01
    2.840000e-01    2.835961e+02    3.487762e+01
    2.850000e-01    2.847183e+02    3.532293e+01
    2.860000e-01    2.858420e+02    3.577235e+01
    2.870000e-01    2.869673e+02    3.622590e+01
    2.880000e-01    2.880942e+02    3.668358e+01
    2.890000e-01    2.892227e+02    3.714538e+01
    2.900000e-01    2.903529e+02    3.761130e+01
    2.910000e-01    2.914846e+02    3.808135e+01
    2.920000e-01    2.926179e+02    3.855553e+01
    2.930000e-01    2.937529e+02    3.903383e+01
    2.940000e-01    2.948895e+02    3.951626e+01
    2.950000e-01    2.960278e+02    4.000281e+01
    2.960000e-01    2.971677e+02    4.049349e+01
    2.970000e-01    2.983093e+02    4.098828e+01
    2.980000e-01    2.994525e+02    4.148718e+01
    2.990000e-01    3.005974e+02    4.199020e+01
    3.000000e-01    3.017441e+02    4.249733e+01
    3.010000e-01    3.028924e+02    4.300857e+01
    3.020000e-01    3.040424e+02    4.352390e+01
    3.030000e-01    3.051942e+02    4.404333e+01
    3.040000e-01    3.063476e+02    4.456685e+01
    3.050000e-01    3.075028e+02    4.509446e+01
    3.060000e-01    3.086597e+02    4.562614e+01
    3.070000e-01    3.098184e+02    4.616189e+01
    3.080000e-01    3.109788e+02    4.670172e+01
    3.090000e-01    3.121410e+02    4.724560e+01
    3.100000e-01    3.133050e+02    4.779353e+01
    3.110000e-01    3.144707e+02    4.834550e+01
    3.120000e-01    3.156382e+02    4.890151e+01
    3.130000e-01    3.168075e+02    4.946155e+01
    3.140000e-01    3.179786e+02    5.002561e+01
    3.150000e-01    3.191514e+02    5.059369e+01
    3.160000e-01    3.203261e+02    5.116576e+01
    3.170000e-01    3.215027e+02    5.174183e+01
    3.180000e-01    3.226810e+02    5.232188e+01
    3.190000e-01    3.238612e+02    5.290591e+01
    3.200000e-01    3.250432e+02    5.349390e+01
    3.210000e-01    3.262270e+02    5.408585e+01
    3.220000e-01    3.274127e+02    5.468175e+01
    3.230000e-01    3.286003e+02    5.528157e+01
    3.240000e-01    3.297897e+02    5.588533e+01
    3.250000e-01    3.309810e+02    5.649300e+01
    3.260000e-01    3.321742e+02    5.710457e+01
    3.270000e-01    3.333692e+02    5.772004e+01
    3.280000e-01    3.345662e+02    5.833939e+01
    3.290000e-01    3.357650e+02    5.896261e+01
    3.300000e-01    3.369657e+02    5.958970e+01
    3.310000e-01    3.381684e+02    6.022063e+01
    3.320000e-01    3.393729e+02    6.085540e+01
    3.330000e-01    3.405794e+02    6.149400e+01
    3.340000e-01    3.417878e+02    6.213641e+01
    3.350000e-01    3.429981e+02    6.278263e+01
    3.360000e-01    3.442103e+02    6.343264e+01
    3.370000e-01    3.454245e+02    6.408643e+01
    3.380000e-01    3.466407e+02    6.474400e+01
    3.390000e-01    3.478588e+02    6.540532e+01
    3.400000e-01    3.490788e+02    6.607038e+01
    3.410000e-01    3.503008e+02    6.673918e+01
    3.420000e-01    3.515248e+02    6.741170e+01
    3.430000e-01    3.527507e+02    6.808794e+01
    3.440000e-01    3.539787e+02    6.876787e+01
    3.450000e-01    3.552086e+02    6.945149e+01
    3.460000e-01    3.564405e+02    7.013879e+01
    3.470000e-01    3.576743e+02    7.082975e+01
    3.480000e-01    3.589102e+02    7.152436e+01
    3.490000e-01    3.601481e+02    7.222261e+01
    3.500000e-01    3.613880e+02    7.292449e+01
    3.510000e-01    3.626299e+02    7.362999e+01
    3.520000e-01    3.638738e+02    7.433909e+01
    3.530000e-01    3.651197e+02    7.505179e+01
    3.540000e-01    3.663677e+02    7.576807e+01
    3.550000e-01    3.676177e+02    7.648791e+01
    3.560000e-01    3.688697e+02    7.721132e+01
    3.570000e-01    3.701238e+02    7.793827e+01
    3.580000e-01    3.713799e+02    7.866876e+01
    3.590000e-01    3.726380e+02    7.940277e+01
    3.600000e-01    3.738982e+02    8.014029e+01
    3.610000e-01    3.751604e+02    8.088132e+01
    3.620000e-01    3.764247e+02    8.162583e+01
    3.630000e-01    3.776911e+02    8.237382e+01
    3.640000e-01    3.789595e+02    8.312528e+01
    3.650000e-01    3.802300e+02    8.388020e+01
    3.660000e-01    3.815026e+02    8.463856e+01
    3.670000e-01    3.827773e+02    8.540035e+01
    3.680000e-01    3.840540e+02    8.616557e+01
    3.690000e-01    3.853328e+02    8.693419e+01
    3.700000e-01    3.866137e+02    8.770622e+01
    3.710000e-01    3.878967e+02    8.848164e+01
    3.720000e-01    3.891818e+02    8.926044e+01
    3.730000e-01    3.904690e+02    9.004260e+01
    3.740000e-01    3.917583e+02    9.082813e+01
    3.750000e-01    3.930496e+02    9.161700e+01
    3.760000e-01    3.943431e+02    9.240920e+01
    3.770000e-01    3.956388e+02    9.320474e+01
    3.780000e-01    3.969365e+02    9.400359e+01
    3.790000e-01    3.982363e+02    9.480575e+01
    3.800000e-01    3.995383e+02    9.561120e+01
    3.810000e-01    4.008424e+02    9.641994e+01
    3.820000e-01    4.021486e+02    9.723195e+01
    3.830000e-01    4.034569e+02    9.804724e+01
    3.840000e-01    4.047674e+02    9.886577e+01
    3.850000e-01    4.060800e+02    9.968756e+01
    3.860000e-01    4.073948e+02    1.005126e+02
    3.870000e-01    4.087117e+02    1.013408e+02
    3.880000e-01    4.100307e+02    1.021723e+02
    3.890000e-01    4.113519e+02    1.030070e+02
    3.900000e-01    4.126752e+02    1.038448e+02
    3.910000e-01    4.140007e+02    1.046859e+02
    3.920000e-01    4.153284e+02    1.055301e+02
    3.930000e-01    4.166582e+02    1.063775e+02
    3.940000e-01    4.179901e+02    1.072281e+02
    3.950000e-01    4.193242e+02    1.080818e+02
    3.960000e-01    4.206605e+02    1.089387e+02
    3.970000e-01    4.219990e+02    1.097987e+02
    3.980000e-01    4.233396e+02    1.106619e+02
    3.990000e-01    4.246824e+02    1.115281e+02
    4.000000e-01    4.260274e+02    1.123975e+02
    4.010000e-01    4.273745e+02    1.132699e+02
    4.020000e-01    4.287239e+02    1.141455e+02
    4.030000e-01    4.300754e+02    1.150241e+02
    4.040000e-01    4.314291e+02    1.159058e+02
    4.050000e-01    4.327850e+02    1.167906e+02
    4.060000e-01    4.341430e+02    1.176785e+02
    4.070000e-01    4.355033e+02    1.185694e+02
    4.080000e-01    4.368657e+02    1.194633e+02
    4.090000e-01    4.382304e+02    1.203603e+02
    4.100000e-01    4.395972e+02    1.212603e+02
    4.110000e-01    4.409663e+02    1.221633e+02
    4.120000e-01    4.423375e+02    1.230693e+02
    4.130000e-01    4.437110e+02    1.239784e+02
    4.140000e-01    4.450866e+02    1.248904e+02
    4.150000e-01    4.464645e+02    1.258054e+02
    4.160000e-01    4.478446e+02    1.267234e+02
    4.170000e-01    4.492268e+02    1.276444e+02
    4.180000e-01    4.506113e+02    1.285684e+02
    4.190000e-01    4.519980e+02    1.294953e+02
    4.200000e-01    4.533870e+02    1.304252e+02
    4.210000e-01    4.547781e+02    1.313580e+02
    4.220000e-01    4.561714e+02    1.322938e+02
    4.230000e-01    4.575670e+02    1.332324e+02
    4.240000e-01    4.589648e+02    1.341741e+02
    4.250000e-01    4.603648e+02    1.351186e+02
    4.260000e-01    4.617671e+02    1.360661e+02
    4.270000e-01    4.631716e+02    1.370164e+02
    4.280000e-01    4.645783e+02    1.379697e+02
    4.290000e-01    4.659872e+02    1.389258e+02
    4.300000e-01    4.673984e+02    1.398849e+02
    4.310000e-01    4.688118e+02    1.408468e+02
    4.320000e-01    4.702274e+02    1.418116e+02
    4.330000e-01    4.716453e+02    1.427793e+02
    4.340000e-01    4.730654e+02    1.437498e+02
    4.350000e-01    4.744878e+02    1.447232e+02
    4.360000e-01    4.759124e+02    1.456994e+02
    4.370000e-01    4.773392e+02    1.466785e+02
    4.380000e-01    4.787683e+02    1.476604e+02
    4.390000e-01    4.801996e+02    1.486452e+02
    4.400000e-01    4.816332e+02    1.496328e+02
    4.410000e-01    4.830690e+02    1.506232e+02
    4.420000e-01    4.845071e+02    1.516164e+02
    4.430000e-01    4.859474e+02    1.526124e+02
    4.440000e-01    4.873900e+02    1.536113e+02
    4.450000e-01    4.888348e+02    1.546129e+02
    4.460000e-01    4.902819e+02    1.556173e+02
    4.470000e-01    4.917312e+02    1.566246e+02
    4.480000e-01    4.931828e+02    1.576346e+02
    4.490000e-01    4.946366e+02    1.586473e+02
    4.500000e-01    4.960927e+02    1.596629e+02
    4.510000e-01    4.975511e+02    1.606812e+02
    4.520000e-01    4.990117e+02    1.617023e+02
    4.530000e-01    5.004746e+02    1.627261e+02
    4.540000e-01    5.019398e+02    1.637527e+02
    4.550000e-01    5.034072e+02    1.647821e+02
    4.560000e-01    5.048769e+02    1.658142e+02
    4.570000e-01    5.063488e+02    1.668490e+02
    4.580000e-01    5.078230e+02    1.678866e+02
    4.590000e-01    5.092995e+02    1.689268e+02
    4.600000e-01    5.107783e+02    1.699699e+02
    4.610000e-01    5.122593e+02    1.710156e+02
    4.620000e-01    5.137426e+02    1.720640e+02
    4.630000e-01    5.152281e+02    1.731152e+02
    4.640000e-01    5.167160e+02    1.741691e+02
    4.650000e-01    5.182061e+02    1.752256e+02
    4.660000e-01    5.196985e+02    1.762849e+02
    4.670000e-01    5.211931e+02    1.773468e+02
    4.680000e-01    5.226901e+02    1.784115e+02
    4.690000e-01    5.241893e+02    1.794788e+02
    4.700000e-01    5.256908e+02    1.805488e+02
    4.710000e-01    5.271946e+02    1.816215e+02
    4.720000e-01    5.287006e+02    1.826969e+02
    4.730000e-01    5.302090e+02    1.837749e+02
    4.740000e-01    5.317196e+02    1.848556e+02
    4.750000e-01    5.332325e+02    1.859389e+02
    4.760000e-01    5.347477e+02    1.870249e+02
    4.770000e-01    5.362652e+02    1.881136e+02
    4.780000e-01    5.377849e+02    1.892049e+02
    4.790000e-01    5.393070e+02    1.902988e+02
    4.800000e-01    5.408313e+02    1.913954e+02
    4.810000e-01    5.423579e+02    1.924947e+02
    4.820000e-01    5.438868e+02    1.935965e+02
    4.830000e-01    5.454180e+02    1.947010e+02
    4.840000e-01    5.469515e+02    1.958081e+02
    4.850000e-01    5.484873e+02    1.969178e+02
    4.860000e-01    5.500253e+02    1.980302e+02
    4.870000e-01    5.515657e+02    1.991452e+02
    4.880000e-01    5.531083e+02    2.002627e+02
    4.890000e-01    5.546533e+02    2.013829e+02
    4.900000e-01    5.562005e+02    2.025057e+02
    4.910000e-01    5.577500e+02    2.036311e+02
    4.920000e-01    5.593018e+02    2.047591e+02
    4.930000e-01    5.608560e+02    2.058897e+02
    4.940000e-01    5.624124e+02    2.070228e+02
    4.950000e-01    5.639711e+02    2.081586e+02
    4.960000e-01    5.655321e+02    2.092970e+02
    4.970000e-01    5.670954e+02    2.104379e+02
    4.980000e-01    5.686610e+02    2.115814e+02
    4.990000e-01    5.702289e+02    2.127275e+02
    5.000000e-01    5.717991e+02    2.138761e+02
    5.010000e-01    5.733716e+02    2.150273e+02
    5.020000e-01    5.749464e+02    2.161811e+02
    5.030000e-01    5.765235e+02    2.173375e+02
    5.040000e-01    5.781029e+02    2.184964e+02
    5.050000e-01    5.796846e+02    2.196578e+02
    5.060000e-01    5.812686e+02    2.208219e+02
    5.070000e-01    5.828549e+02    2.219884e+02
    5.080000e-01    5.844435e+02    2.231575e+02
    5.090000e-01    5.860345e+02    2.243292e+02
    5.100000e-01    5.876277e+02    2.255034e+02
    5.110000e-01    5.892232e+02    2.266802e+02
    5.120000e-01    5.908210e+02    2.278594e+02
    5.130000e-01    5.924212e+02    2.290412e+02
    5.140000e-01    5.940236e+02    2.302256e+02
    5.150000e-01    5.956284e+02    2.314125e+02
    5.160000e-01    5.972354e+02    2.326019e+02
    5.170000e-01    5.988448e+02    2.337938e+02
    5.180000e-01    6.004565e+02    2.349882e+02
    5.190000e-01    6.020705e+02    2.361852e+02
    5.200000e-01    6.036867e+02    2.373847e+02
    5.210000e-01    6.053053e+02    2.385866e+02
    5.220000e-01    6.069263e+02    2.397911e+02
    5.230000e-01    6.085495e+02    2.409982e+02
    5.240000e-01    6.101750e+02    2.422077e+02
    5.250000e-01    6.118028e+02    2.434197e+02
    5.260000e-01    6.134330e+02    2.446342e+02
    5.270000e-01    6.150655e+02    2.458512e+02
    5.280000e-01    6.167002e+02    2.470707e+02
    5.290000e-01    6.183373e+02    2.482927e+02
    5.300000e-01    6.199767e+02    2.495172e+02
    5.310000e-01    6.216184e+02    2.507442e+02
    5.320000e-01    6.232624e+02    2.519737e+02
    5.330000e-01    6.249088e+02    2.532056e+02
    5.340000e-01    6.265574e+02    2.544401e+02
    5.350000e-01    6.282084e+02    2.556770e+02
    5.360000e-01    6.298617e+02    2.569164e+02
    5.370000e-01    6.315173e+02    2.581582e+02
    5.380000e-01    6.331752e+02    2.594026e+02
    5.390000e-01    6.348354e+02    2.606494e+02
    5.400000e-01    6.364979e+02    2.618987e+02
    5.410000e-01    6.381628e+02    2.631504e+02
    5.420000e-01    6.398300e+02    2.644046e+02
    5.430000e-01    6.414995e+02    2.656613e+02
    5.440000e-01    6.431713e+02    2.669204e+02
    5.450000e-01    6.448454e+02    2.681820e+02
    5.460000e-01    6.465218e+02    2.694461e+02
    5.470000e-01    6.482006e+02    2.707126e+02
    5.480000e-01    6.498817e+02    2.719815e+02
    5.490000e-01    6.515650e+02    2.732529e+02
    5.500000e-01    6.532508e+02    2.745268e+02
    5.510000e-01    6.549388e+02    2.758031e+02
    5.520000e-01    6.566291e+02    2.770818e+02
    5.530000e-01    6.583218e+02    2.783630e+02
    5.540000e-01    6.600168e+02    2.796466e+02
    5.550000e-01    6.617141e+02    2.809327e+02
    5.560000e-01    6.634137e+02    2.822212e+02
    5.570000e-01    6.651156e+02    2.835122e+02
    5.580000e-01    6.668199e+02    2.848055e+02
    5.590000e-01    6.685265e+02    2.861013e+02
    5.600000e-01    6.702354e+02    2.873996e+02
    5.610000e-01    6.719466e+02    2.887002e+02
    5.620000e-01    6.736602e+02    2.900033e+02
    5.630000e-01    6.753760e+02    2.913088e+02
    5.640000e-01    6.770942e+02    2.926168e+02
    5.650000e-01    6.788147e+02    2.939271e+02
    5.660000e-01    6.805375e+02    2.952399e+02
    5.670000e-01    6.822627e+02    2.965551e+02
    5.680000e-01    6.839902e+02    2.978727e+02
    5.690000e-01    6.857200e+02    2.991928e+02
    5.700000e-01    6.874521e+02    3.005152e+02
    5.710000e-01    6.891865e+02    3.018401e+02
    5.720000e-01    6.909233e+02    3.031673e+02
    5.730000e-01    6.926623e+02    3.044970e+02
    5.740000e-01    6.944038e+02    3.058291e+02
    5.750000e-01    6.961475e+02    3.071635e+02
    5.760000e-01    6.978935e+02    3.085004e+02
    5.770000e-01    6.996419e+02    3.098397e+02
    5.780000e-01    7.013926e+02    3.111814e+02
    5.790000e-01    7.031456e+02    3.125255e+02
    5.800000e-01    7.049010e+02    3.138720e+02
    5.810000e-01    7.066586e+02    3.152208e+02
    5.820000e-01    7.084186e+02    3.165721e+02
    5.830000e-01    7.101809e+02    3.179258e+02
    5.840000e-01    7.119456e+02    3.192818e+02
    5.850000e-01    7.137125e+02    3.206403e+02
    5.860000e-01    7.154818e+02    3.220011e+02
    5.870000e-01    7.172534e+02    3.233643e+02
    5.880000e-01    7.190274e+02    3.247300e+02
    5.890000e-01    7.208036e+02    3.260979e+02
    5.900000e-01    7.225822e+02    3.274683e+02
    5.910000e-01    7.243631e+02    3.288411e+02
    5.920000e-01    7.261464e+02    3.302162e+02
    5.930000e-01    7.279319e+02    3.315937e+02
    5.940000e-01    7.297198e+02    3.329736e+02
    5.950000e-01    7.315100e+02    3.343559e+02
    5.960000e-01    7.333025e+02    3.357405e+02
    5.970000e-01    7.350974e+02    3.371276e+02
    5.980000e-01    7.368946e+02    3.385169e+02
    5.990000e-01    7.386941e+02    3.399087e+02
    6.000000e-01    7.404959e+02    3.413028e+02
    6.010000e-01    7.423001e+02    3.426993e+02
    6.020000e-01    7.441066e+02    3.440982e+02
    6.030000e-01    7.459154e+02    3.454994e+02
    6.040000e-01    7.477265e+02    3.469030e+02
    6.050000e-01    7.495400e+02    3.483090e+02
    6.060000e-01    7.513558e+02    3.497173e+02
    6.070000e-01    7.531739e+02    3.511280e+02
    6.080000e-01    7.549943e+02    3.525410e+02
    6.090000e-01    7.568171e+02    3.539564e+02
    6.100000e-01    7.586422e+02    3.553742e+02
    6.110000e-01    7.604696e+02    3.567943e+02
    6.120000e-01    7.622994e+02    3.582168e+02
    6.130000e-01    7.641314e+02    3.596416e+02
    6.140000e-01    7.659658e+02    3.610688e+02
    6.150000e-01    7.678026e+02    3.624983e+02
    6.160000e-01    7.696416e+02    3.639302e+02
    6.170000e-01    7.714830e+02    3.653644e+02
    6.180000e-01    7.733267e+02    3.668010e+02
    6.190000e-01    7.751727e+02    3.682399e+02
    6.200000e-01    7.770211e+02    3.696812e+02
    6.210000e-01    7.788718e+02    3.711248e+02
    6.220000e-01    7.807248e+02    3.725708e+02
    6.230000e-01    7.825801e+02    3.740191e+02
    6.240000e-01    7.844378e+02    3.754697e+02
    6.250000e-01    7.862978e+02    3.769227e+02
    6.260000e-01    7.881601e+02    3.783780e+02
    6.270000e-01    7.900247e+02    3.798357e+02
    6.280000e-01    7.918917e+02    3.812957e+02
    6.290000e-01    7.937610e+02    3.827580e+02
    6.300000e-01    7.956326e+02    3.842227e+02
    6.310000e-01    7.975065e+02    3.856897e+02
    6.320000e-01    7.993828e+02    3.871590e+02
    6.330000e-01    8.012614e+02    3.886307e+02
    6.340000e-01    8.031424e+02    3.901047e+02
    6.350000e-01    8.050256e+02    3.915810e+02
    6.360000e-01    8.069112e+02    3.930597e+02
    6.370000e-01    8.087991e+02    3.945407e+02
    6.380000e-01    8.106893e+02    3.960240e+02
    6.390000e-01    8.125819e+02    3.975097e+02
    6.400000e-01    8.144768e+02    3.989976e+02
    6.410000e-01    8.163740e+02    4.004879e+02
    6.420000e-01    8.182736e+02    4.019806e+02
    6.430000e-01    8.201754e+02    4.034755e+02
    6.440000e-01    8.220796e+02    4.049728e+02
    6.450000e-01    8.239862e+02    4.064724e+02
    6.460000e-01    8.258950e+02    4.079743e+02
    6.470000e-01    8.278062e+02    4.094785e+02
    6.480000e-01    8.297197e+02    4.109851e+02
    6.490000e-01    8.316355e+02    4.124939e+02
    6.500000e-01    8.335537e+02    4.140051e+02
    6.510000e-01    8.354742e+02    4.155186e+02
    6.520000e-01    8.373970e+02    4.170344e+02
    6.530000e-01    8.393221e+02    4.185525e+02
    6.540000e-01    8.412496e+02    4.200730e+02
    6.550000e-01    8.431794e+02    4.215957e+02
    6.560000e-01    8.451115e+02    4.231208e+02
    6.570000e-01    8.470459e+02    4.246482e+02
    6.580000e-01    8.489827e+02    4.261779e+02
    6.590000e-01    8.509218e+02    4.277099e+02
    6.600000e-01    8.528632e+02    4.292442e+02
    6.610000e-01    8.548070e+02    4.307808e+02
    6.620000e-01    8.567530e+02    4.323197e+02
    6.630000e-01    8.587014e+02    4.338609e+02
    6.640000e-01    8.606522e+02    4.354044e+02
    6.650000e-01    8.626052e+02    4.369503e+02
    6.660000e-01    8.645606e+02    4.384984e+02
    6.670000e-01    8.665183e+02    4.400488e+02
    6.680000e-01    8.684784e+02    4.416016e+02
    6.690000e-01    8.704407e+02    4.431566e+02
    6.700000e-01    8.724054e+02    4.447140e+02
    6.710000e-01    8.743724e+02    4.462736e+02
    6.720000e-01    8.763418e+02    4.478356e+02
    6.730000e-01    8.783134e+02    4.493998e+02
    6.740000e-01    8.802874e+02    4.509663e+02
    6.750000e-01    8.822637e+02    4.525352e+02
    6.760000e-01    8.842424e+02    4.541063e+02
    6.770000e-01    8.862233e+02    4.556797e+02
    6.780000e-01    8.882066e+02    4.572554e+02
    6.790000e-01    8.901923e+02    4.588334e+02
    6.800000e-01    8.921802e+02    4.604138e+02
    6.810000e-01    8.941705e+02    4.619964e+02
    6.820000e-01    8.961631e+02    4.635812e+02
    6.830000e-01    8.981580e+02    4.651684e+02
    6.840000e-01    9.001552e+02    4.667579e+02
    6.850000e-01    9.021548e+02    4.683497e+02
    6.860000e-01    9.041567e+02    4.699437e+02
    6.870000e-01    9.061609e+02    4.715400e+02
    6.880000e-01    9.081675e+02    4.731387e+02
    6.890000e-01    9.101764e+02    4.747396e+02
    6.900000e-01    9.121876e+02    4.763428e+02
    6.910000e-01    9.142011e+02    4.779483e+02
    6.920000e-01    9.162169e+02    4.795560e+02
    6.930000e-01    9.182351e+02    4.811661e+02
    6.940000e-01    9.202556e+02    4.827784e+02
    6.950000e-01    9.222784e+02    4.843930e+02
    6.960000e-01    9.243036e+02    4.860099e+02
    6.970000e-01    9.263311e+02    4.876291e+02
    6.980000e-01    9.283609e+02    4.892506e+02
    6.990000e-01    9.303930e+02    4.908743e+02
    7.000000e-01    9.324274e+02    4.925004e+02
    7.010000e-01    9.344642e+02    4.941287e+02
    7.020000e-01    9.365033e+02    4.957593e+02
    7.030000e-01    9.385447e+02    4.973921e+02
    7.040000e-01    9.405885e+02    4.990273e+02
    7.050000e-01    9.426345e+02    5.006647e+02
    7.060000e-01    9.446829e+02    5.023044e+02
    7.070000e-01    9.467337e+02    5.039463e+02
    7.080000e-01    9.487867e+02    5.055906e+02
    7.090000e-01    9.508421e+02    5.072371e+02
    7.100000e-01    9.528998e+02    5.088859e+02
    7.110000e-01    9.549598e+02    5.105369e+02
    7.120000e-01    9.570221e+02    5.121903e+02
    7.130000e-01    9.590868e+02    5.138459e+02
    7.140000e-01    9.611538e+02    5.155037e+02
    7.150000e-01    9.632231e+02    5.171639e+02
    7.160000e-01    9.652947e+02    5.188263e+02
    7.170000e-01    9.673687e+02    5.204910e+02
    7.180000e-01    9.694449e+02    5.221580e+02
    7.190000e-01    9.715235e+02    5.238272e+02
    7.200000e-01    9.736045e+02    5.254987e+02
    7.210000e-01    9.756877e+02    5.271724e+02
    7.220000e-01    9.777733e+02    5.288485e+02
    7.230000e-01    9.798612e+02    5.305268e+02
    7.240000e-01    9.819514e+02    5.322073e+02
    7.250000e-01    9.840439e+02    5.338902e+02
    7.260000e-01    9.861388e+02    5.355752e+02
    7.270000e-01    9.882360e+02    5.372626e+02
    7.280000e-01    9.903355e+02    5.389522e+02
    7.290000e-01    9.924373e+02    5.406441e+02
    7.300000e-01    9.945415e+02    5.423382e+02
    7.310000e-01    9.966480e+02    5.440346e+02
    7.320000e-01    9.987568e+02    5.457333e+02
    7.330000e-01    1.000868e+03    5.474342e+02
    7.340000e-01    1.002981e+03    5.491374e+02
    7.350000e-01    1.005097e+03    5.508429e+02
    7.360000e-01    1.007215e+03    5.525506e+02
    7.370000e-01    1.009336e+03    5.542606e+02
    7.380000e-01    1.011458e+03    5.559728e+02
    7.390000e-01    1.013583e+03    5.576873e+02
    7.400000e-01    1.015711e+03    5.594040e+02
    7.410000e-01    1.017840e+03    5.611230e+02
    7.420000e-01    1.019972e+03    5.628443e+02
    7.430000e-01    1.022107e+03    5.645678e+02
    7.440000e-01    1.024243e+03    5.662936e+02
    7.450000e-01    1.026382e+03    5.680216e+02
    7.460000e-01    1.028524e+03    5.697519e+02
    7.470000e-01    1.030667e+03    5.714844e+02
    7.480000e-01    1.032813e+03    5.732192e+02
    7.490000e-01    1.034962e+03    5.749562e+02
    7.500000e-01    1.037112e+03    5.766955e+02
    7.510000e-01    1.039265e+03    5.784370e+02
    7.520000e-01    1.041420e+03    5.801808e+02
    7.530000e-01    1.043578e+03    5.819269e+02
    7.540000e-01    1.045738e+03    5.836752e+02
    7.550000e-01    1.047900e+03    5.854257e+02
    7.560000e-01    1.050064e+03    5.871785e+02
    7.570000e-01    1.052231e+03    5.889336e+02
    7.580000e-01    1.054400e+03    5.906909e+02
    7.590000e-01    1.056572e+03    5.924504e+02
    7.600000e-01    1.058746e+03    5.942122e+02
    7.610000e-01    1.060922e+03    5.959763e+02
    7.620000e-01    1.063100e+03    5.977425e+02
    7.630000e-01    1.065281e+03    5.995111e+02
    7.640000e-01    1.067464e+03    6.012819e+02
    7.650000e-01    1.069649e+03    6.030549e+02
    7.660000e-01    1.071837e+03    6.048302e+02
    7.670000e-01    1.074027e+03    6.066077e+02
    7.680000e-01    1.076219e+03    6.083875e+02
    7.690000e-01    1.078414e+03    6.101695e+02
    7.700000e-01    1.080611e+03    6.119537e+02
    7.710000e-01    1.082810e+03    6.137402e+02
    7.720000e-01    1.085012e+03    6.155290e+02
    7.730000e-01    1.087216e+03    6.173199e+02
    7.740000e-01    1.089422e+03    6.191132e+02
    7.750000e-01    1.091631e+03    6.209086e+02
    7.760000e-01    1.093842e+03    6.227063e+02
    7.770000e-01    1.096055e+03    6.245063e+02
    7.780000e-01    1.098270e+03    6.263085e+02
    7.790000e-01    1.100488e+03    6.281129e+02
    7.800000e-01    1.102708e+03    6.299196e+02
    7.810000e-01    1.104931e+03    6.317285e+02
    7.820000e-01    1.107156e+03    6.335397e+02
    7.830000e-01    1.109383e+03    6.353530e+02
    7.840000e-01    1.111612e+03    6.371687e+02
    7.850000e-01    1.113844e+03    6.389865e+02
    7.860000e-01    1.116078e+03    6.408066e+02
    7.870000e-01    1.118314e+03    6.426290e+02
    7.880000e-01    1.120553e+03    6.444536e+02
    7.890000e-01    1.122794e+03    6.462804e+02
    7.900000e-01    1.125037e+03    6.481094e+02
    7.910000e-01    1.127283e+03    6.499407e+02
    7.920000e-01    1.129531e+03    6.517742e+02
    7.930000e-01    1.131781e+03    6.536100e+02
    7.940000e-01    1.134034e+03    6.554480e+02
    7.950000e-01    1.136289e+03    6.572882e+02
    7.960000e-01    1.138546e+03    6.591307e+02
    7.970000e-01    1.140805e+03    6.609754e+02
    7.980000e-01    1.143067e+03    6.628223e+02
    7.990000e-01    1.145332e+03    6.646714e+02
    8.000000e-01    1.147598e+03    6.665228e+02
    8.010000e-01    1.149867e+03    6.683765e+02
    8.020000e-01    1.152138e+03    6.702323e+02
    8.030000e-01    1.154411e+03    6.720904e+02
    8.040000e-01    1.156687e+03    6.739507e+02
    8.050000e-01    1.158965e+03    6.758133e+02
    8.060000e-01    1.161246e+03    6.776780e+02
    8.070000e-01    1.163528e+03    6.795451e+02
    8.080000e-01    1.165813e+03    6.814143e+02
    8.090000e-01    1.168101e+03    6.832858e+02
    8.100000e-01    1.170390e+03    6.851595e+02
    8.110000e-01    1.172682e+03    6.870354e+02
    8.120000e-01    1.174977e+03    6.889135e+02
    8.130000e-01    1.177273e+03    6.907939e+02
    8.140000e-01    1.179572e+03    6.926765e+02
    8.150000e-01    1.181873e+03    6.945614e+02
    8.160000e-01    1.184177e+03    6.964484e+02
    8.170000e-01    1.186483e+03    6.983377e+02
    8.180000e-01    1.188791e+03    7.002292e+02
    8.190000e-01    1.191101e+03    7.021230e+02
    8.200000e-01    1.193414e+03    7.040190e+02
    8.210000e-01    1.195729e+03    7.059172e+02
    8.220000e-01    1.198047e+03    7.078176e+02
    8.230000e-01    1.200366e+03    7.097202e+02
    8.240000e-01    1.202688e+03    7.116251e+02
    8.250000e-01    1.205013e+03    7.135322e+02
    8.260000e-01    1.207339e+03    7.154415e+02
    8.270000e-01    1.209668e+03    7.173531e+02
    8.280000e-01    1.212000e+03    7.192668e+02
    8.290000e-01    1.214333e+03    7.211828e+02
    8.300000e-01    1.216669e+03    7.231010e+02
    8.310000e-01    1.219007e+03    7.250214e+02
    8.320000e-01    1.221348e+03    7.269441e+02
    8.330000e-01    1.223691e+03    7.288690e+02
    8.340000e-01    1.226036e+03    7.307961e+02
    8.350000e-01    1.228383e+03    7.327254e+02
    8.360000e-01    1.230733e+03    7.346569e+02
    8.370000e-01    1.233085e+03    7.365907e+02
    8.380000e-01    1.235440e+03    7.385267e+02
    8.390000e-01    1.237796e+03    7.404649e+02
    8.400000e-01    1.240155e+03    7.424053e+02
    8.410000e-01    1.242517e+03    7.443479e+02
    8.420000e-01    1.244880e+03    7.462928e+02
    8.430000e-01    1.247246e+03    7.482399e+02
    8.440000e-01    1.249615e+03    7.501892e+02
    8.450000e-01    1.251985e+03    7.521407e+02
    8.460000e-01    1.254358e+03    7.540944e+02
    8.470000e-01    1.256733e+03    7.560504e+02
    8.480000e-01    1.259111e+03    7.580085e+02
    8.490000e-01    1.261491e+03    7.599689e+02
    8.500000e-01    1.263873e+03    7.619315e+02
    8.510000e-01    1.266257e+03    7.638963e+02
    8.520000e-01    1.268644e+03    7.658634e+02
    8.530000e-01    1.271033e+03    7.678326e+02
    8.540000e-01    1.273425e+03    7.698041e+02
    8.550000e-01    1.275818e+03    7.717778e+02
    8.560000e-01    1.278214e+03    7.737537e+02
    8.570000e-01    1.280613e+03    7.757318e+02
    8.580000e-01    1.283013e+03    7.777121e+02
    8.590000e-01    1.285416e+03    7.796947e+02
    8.600000e-01    1.287821e+03    7.816794e+02
    8.610000e-01    1.290229e+03    7.836664e+02
    8.620000e-01    1.292639e+03    7.856556e+02
    8.630000e-01    1.295051e+03    7.876470e+02
    8.640000e-01    1.297465e+03    7.896406e+02
    8.650000e-01    1.299882e+03    7.916364e+02
    8.660000e-01    1.302301e+03    7.936344e+02
    8.670000e-01    1.304723e+03    7.956347e+02
    8.680000e-01    1.307146e+03    7.976371e+02
    8.690000e-01    1.309572e+03    7.996418e+02
    8.700000e-01    1.312001e+03    8.016487e+02
    8.710000e-01    1.314431e+03    8.036578e+02
    8.720000e-01    1.316864e+03    8.056691e+02
    8.730000e-01    1.319300e+03    8.076826e+02
    8.740000e-01    1.321737e+03    8.096983e+02
    8.750000e-01    1.324177e+03    8.117162e+02
    8.760000e-01    1.326619e+03    8.137364e+02
    8.770000e-01    1.329064e+03    8.157588e+02
    8.780000e-01    1.331511e+03    8.177833e+02
    8.790000e-01    1.333960e+03    8.198101e+02
    8.800000e-01    1.336411e+03    8.218391e+02
    8.810000e-01    1.338865e+03    8.238703e+02
    8.820000e-01    1.341321e+03    8.259037e+02
    8.830000e-01    1.343779e+03    8.279393e+02
    8.840000e-01    1.346240e+03    8.299771e+02
    8.850000e-01    1.348703e+03    8.320171e+02
    8.860000e-01    1.351168e+03    8.340593e+02
    8.870000e-01    1.353635e+03    8.361038e+02
    8.880000e-01    1.356105e+03    8.381504e+02
    8.890000e-01    1.358577e+03    8.401993e+02
    8.900000e-01    1.361052e+03    8.422503e+02
    8.910000e-01    1.363529e+03    8.443036e+02
    8.920000e-01    1.366008e+03    8.463591e+02
    8.930000e-01    1.368489e+03    8.484168e+02
    8.940000e-01    1.370973e+03    8.504766e+02
    8.950000e-01    1.373459e+03    8.525387e+02
    8.960000e-01    1.375947e+03    8.546030e+02
    8.970000e-01    1.378438e+03    8.566695e+02
    8.980000e-01    1.380931e+03    8.587382e+02
    8.990000e-01    1.383426e+03    8.608091e+02
    9.000000e-01    1.385923e+03    8.628823e+02
    9.010000e-01    1.388423e+03    8.649576e+02
    9.020000e-01    1.390925e+03    8.670351e+02
    9.030000e-01    1.393430e+03    8.691148e+02
    9.040000e-01    1.395937e+03    8.711968e+02
    9.050000e-01    1.398446e+03    8.732809e+02
    9.060000e-01    1.400957e+03    8.753672e+02
    9.070000e-01    1.403471e+03    8.774558e+02
    9.080000e-01    1.405986e+03    8.795465e+02
    9.090000e-01    1.408505e+03    8.816394e+02
    9.100000e-01    1.411025e+03    8.837346e+02
    9.110000e-01    1.413548e+03    8.858319e+02
    9.120000e-01    1.416073e+03    8.879315e+02
    9.130000e-01    1.418601e+03    8.900332e+02
    9.140000e-01    1.421131e+03    8.921372e+02
    9.150000e-01    1.423663e+03    8.942433e+02
    9.160000e-01    1.426197e+03    8.963517e+02
    9.170000e-01    1.428734e+03    8.984623e+02
    9.180000e-01    1.431273e+03    9.005750e+02
    9.190000e-01    1.433814e+03    9.026900e+02
    9.200000e-01    1.436358e+03    9.048071e+02
    9.210000e-01    1.438904e+03    9.069265e+02
    9.220000e-01    1.441452e+03    9.090480e+02
    9.230000e-01    1.444002e+03    9.111718e+02
    9.240000e-01    1.446555e+03    9.132977e+02
    9.250000e-01    1.449110e+03    9.154259e+02
    9.260000e-01    1.451668e+03    9.175562e+02
    9.270000e-01    1.454227e+03    9.196888e+02
    9.280000e-01    1.456789e+03    9.218235e+02
    9.290000e-01    1.459354e+03    9.239605e+02
    9.300000e-01    1.461920e+03    9.260996e+02
    9.310000e-01    1.464489e+03    9.282410e+02
    9.320000e-01    1.467060e+03    9.303845e+02
    9.330000e-01    1.469634e+03    9.325303e+02
    9.340000e-01    1.472210e+03    9.346782e+02
    9.350000e-01    1.474788e+03    9.368283e+02
    9.360000e-01    1.477368e+03    9.389807e+02
    9.370000e-01    1.479951e+03    9.411352e+02
    9.380000e-01    1.482536e+03    9.432919e+02
    9.390000e-01    1.485123e+03    9.454508e+02
    9.400000e-01    1.487713e+03    9.476119e+02
    9.410000e-01    1.490305e+03    9.497753e+02
    9.420000e-01    1.492899e+03    9.519408e+02
    9.430000e-01    1.495496e+03    9.541085e+02
    9.440000e-01    1.498094e+03    9.562784e+02
    9.450000e-01    1.500695e+03    9.584505e+02
    9.460000e-01    1.503299e+03    9.606248e+02
    9.470000e-01    1.505905e+03    9.628012e+02
    9.480000e-01    1.508513e+03    9.649799e+02
    9.490000e-01    1.511123e+03    9.671608e+02
    9.500000e-01    1.513736e+03    9.693439e+02
    9.510000e-01    1.516350e+03    9.715291e+02
    9.520000e-01    1.518968e+03    9.737166e+02
    9.530000e-01    1.521587e+03    9.759062e+02
    9.540000e-01    1.524209e+03    9.780981e+02
    9.550000e-01    1.526833e+03    9.802921e+02
    9.560000e-01    1.529460e+03    9.824883e+02
    9.570000e-01    1.532088e+03    9.846867e+02
    9.580000e-01    1.534719e+03    9.868874e+02
    9.590000e-01    1.537353e+03    9.890902e+02
    9.600000e-01    1.539988e+03    9.912952e+02
    9.610000e-01    1.542626e+03    9.935024e+02
    9.620000e-01    1.545266e+03    9.957117e+02
    9.630000e-01    1.547909e+03    9.979233e+02
    9.640000e-01    1.550554e+03    1.000137e+03
    9.650000e-01    1.553201e+03    1.002353e+03
    9.660000e-01    1.555850e+03    1.004571e+03
    9.670000e-01    1.558502e+03    1.006792e+03
    9.680000e-01    1.561156e+03    1.009014e+03
    9.690000e-01    1.563812e+03    1.011239e+03
    9.700000e-01    1.566471e+03    1.013466e+03
    9.710000e-01    1.569131e+03    1.015695e+03
    9.720000e-01    1.571795e+03    1.017926e+03
    9.730000e-01    1.574460e+03    1.020160e+03
    9.740000e-01    1.577128e+03    1.022395e+03
    9.750000e-01    1.579798e+03    1.024633e+03
    9.760000e-01    1.582470e+03    1.026873e+03
    9.770000e-01    1.585145e+03    1.029115e+03
    9.780000e-01    1.587822e+03    1.031360e+03
    9.790000e-01    1.590501e+03    1.033606e+03
    9.800000e-01    1.593183e+03    1.035855e+03
    9.810000e-01    1.595867e+03    1.038106e+03
    9.820000e-01    1.598553e+03    1.040360e+03
    9.830000e-01    1.601241e+03    1.042615e+03
    9.840000e-01    1.603932e+03    1.044872e+03
    9.850000e-01    1.606625e+03    1.047132e+03
    9.860000e-01    1.609320e+03    1.049394e+03
    9.870000e-01    1.612018e+03    1.051658e+03
    9.880000e-01    1.614718e+03    1.053925e+03
    9.890000e-01    1.617420e+03    1.056193e+03
    9.900000e-01    1.620124e+03    1.058464e+03
    9.910000e-01    1.622831e+03    1.060737e+03
    9.920000e-01    1.625540e+03    1.063012e+03
    9.930000e-01    1.628252e+03    1.065289e+03
    9.940000e-01    1.630965e+03    1.067568e+03
    9.950000e-01    1.633681e+03    1.069850e+03
    9.960000e-01    1.636400e+03    1.072134e+03
    9.970000e-01    1.639120e+03    1.074420e+03
    9.980000e-01    1.641843e+03    1.076708e+03
    9.990000e-01    1.644568e+03    1.078998e+03
    1.000000e+00    1.647296e+03    1.081291e+03
    1.001000e+00    1.650025e+03    1.083586e+03
    1.002000e+00    1.652757e+03    1.085883e+03
    1.003000e+00    1.655492e+03    1.088182e+03
    1.004000e+00    1.658228e+03    1.090483e+03
    1.005000e+00    1.660967e+03    1.092787e+03
    1.006000e+00    1.663708e+03    1.095092e+03
    1.007000e+00    1.666452e+03    1.097400e+03
    1.008000e+00    1.669198e+03    1.099710e+03
    1.009000e+00    1.671946e+03    1.102022e+03
    1.010000e+00    1.674696e+03    1.104337e+03
    1.011000e+00    1.677449e+03    1.106653e+03
    1.012000e+00    1.680204e+03    1.108972e+03
    1.013000e+00    1.682961e+03    1.111293e+03
    1.014000e+00    1.685720e+03    1.113616e+03
    1.015000e+00    1.688482e+03    1.115942e+03
    1.016000e+00    1.691246e+03    1.118269e+03
    1.017000e+00    1.694013e+03    1.120599e+03
    1.018000e+00    1.696782e+03    1.122931e+03
    1.019000e+00    1.699553e+03    1.125265e+03
    1.020000e+00    1.702326e+03    1.127601e+03
    1.021000e+00    1.705101e+03    1.129940e+03
    1.022000e+00    1.707879e+03    1.132280e+03
    1.023000e+00    1.710659e+03    1.134623e+03
    1.024000e+00    1.713442e+03    1.136968e+03
    1.025000e+00    1.716227e+03    1.139315e+03
    1.026000e+00    1.719014e+03    1.141664e+03
    1.027000e+00    1.721803e+03    1.144016e+03
    1.028000e+00    1.724595e+03    1.146370e+03
    1.029000e+00    1.727389e+03    1.148726e+03
    1.030000e+00    1.730185e+03    1.151084e+03
    1.031000e+00    1.732983e+03    1.153444e+03
    1.032000e+00    1.735784e+03    1.155806e+03
    1.033000e+00    1.738587e+03    1.158171e+03
    1.034000e+00    1.741393e+03    1.160538e+03
    1.035000e+00    1.744200e+03    1.162907e+03
    1.036000e+00    1.747010e+03    1.165278e+03
    1.037000e+00    1.749822e+03    1.167651e+03
    1.038000e+00    1.752637e+03    1.170027e+03
    1.039000e+00    1.755454e+03    1.172404e+03
    1.040000e+00    1.758273e+03    1.174784e+03
    1.041000e+00    1.761094e+03    1.177166e+03
    1.042000e+00    1.763918e+03    1.179551e+03
    1.043000e+00    1.766744e+03    1.181937e+03
    1.044000e+00    1.769572e+03    1.184326e+03
    1.045000e+00    1.772403e+03    1.186716e+03
    1.046000e+00    1.775235e+03    1.189109e+03
    1.047000e+00    1.778071e+03    1.191504e+03
    1.048000e+00    1.780908e+03    1.193902e+03
    1.049000e+00    1.783748e+03    1.196301e+03
    1.050000e+00    1.786590e+03    1.198703e+03
    1.051000e+00    1.789434e+03    1.201107e+03
    1.052000e+00    1.792281e+03    1.203513e+03
    1.053000e+00    1.795129e+03    1.205921e+03
    1.054000e+00    1.797981e+03    1.208331e+03
    1.055000e+00    1.800834e+03    1.210744e+03
    1.056000e+00    1.803690e+03    1.213159e+03
    1.057000e+00    1.806548e+03    1.215576e+03
    1.058000e+00    1.809408e+03    1.217995e+03
    1.059000e+00    1.812271e+03    1.220416e+03
    1.060000e+00    1.815135e+03    1.222839e+03
    1.061000e+00    1.818003e+03    1.225265e+03
    1.062000e+00    1.820872e+03    1.227693e+03
    1.063000e+00    1.823744e+03    1.230123e+03
    1.064000e+00    1.826618e+03    1.232555e+03
    1.065000e+00    1.829494e+03    1.234989e+03
    1.066000e+00    1.832373e+03    1.237426e+03
    1.067000e+00    1.835254e+03    1.239865e+03
    1.068000e+00    1.838137e+03    1.242306e+03
    1.069000e+00    1.841022e+03    1.244749e+03
    1.070000e+00    1.843910e+03    1.247194e+03
    1.071000e+00    1.846800e+03    1.249641e+03
    1.072000e+00    1.849692e+03    1.252091e+03
    1.073000e+00    1.852587e+03    1.254543e+03
    1.074000e+00    1.855484e+03    1.256996e+03
    1.075000e+00    1.858383e+03    1.259453e+03
    1.076000e+00    1.861284e+03    1.261911e+03
    1.077000e+00    1.864188e+03    1.264371e+03
    1.078000e+00    1.867094e+03    1.266834e+03
    1.079000e+00    1.870002e+03    1.269299e+03
    1.080000e+00    1.872913e+03    1.271766e+03
    1.081000e+00    1.875826e+03    1.274235e+03
    1.082000e+00    1.878741e+03    1.276706e+03
    1.083000e+00    1.881659e+03    1.279180e+03
    1.084000e+00    1.884578e+03    1.281655e+03
    1.085000e+00    1.887500e+03    1.284133e+03
    1.086000e+00    1.890425e+03    1.286613e+03
    1.087000e+00    1.893351e+03    1.289096e+03
    1.088000e+00    1.896280e+03    1.291580e+03
    1.089000e+00    1.899211e+03    1.294066e+03
    1.090000e+00    1.902145e+03    1.296555e+03
    1.091000e+00    1.905080e+03    1.299046e+03
    1.092000e+00    1.908018e+03    1.301539e+03
    1.093000e+00    1.910959e+03    1.304034e+03
    1.094000e+00    1.913901e+03    1.306532e+03
    1.095000e+00    1.916846e+03    1.309031e+03
    1.096000e+00    1.919793e+03    1.311533e+03
    1.097000e+00    1.922743e+03    1.314037e+03
    1.098000e+00    1.925695e+03    1.316543e+03
    1.099000e+00    1.928649e+03    1.319052e+03
    1.100000e+00    1.931605e+03    1.321562e+03
    1.101000e+00    1.934563e+03    1.324075e+03
    1.102000e+00    1.937524e+03    1.326590e+03
    1.103000e+00    1.940487e+03    1.329106e+03
    1.104000e+00    1.943453e+03    1.331626e+03
    1.105000e+00    1.946420e+03    1.334147e+03
    1.106000e+00    1.949390e+03    1.336670e+03
    1.107000e+00    1.952363e+03    1.339196e+03
    1.108000e+00    1.955337e+03    1.341724e+03
    1.109000e+00    1.958314e+03    1.344254e+03
    1.110000e+00    1.961293e+03    1.346786e+03
    1.111000e+00    1.964275e+03    1.349321e+03
    1.112000e+00    1.967258e+03    1.351857e+03
    1.113000e+00    1.970244e+03    1.354396e+03
    1.114000e+00    1.973232e+03    1.356937e+03
    1.115000e+00    1.976223e+03    1.359480e+03
    1.116000e+00    1.979216e+03    1.362025e+03
    1.117000e+00    1.982211e+03    1.364572e+03
    1.118000e+00    1.985208e+03    1.367122e+03
    1.119000e+00    1.988208e+03    1.369674e+03
    1.120000e+00    1.991210e+03    1.372228e+03
    1.121000e+00    1.994214e+03    1.374784e+03
    1.122000e+00    1.997220e+03    1.377342e+03
    1.123000e+00    2.000229e+03    1.379902e+03
    1.124000e+00    2.003240e+03    1.382465e+03
    1.125000e+00    2.006254e+03    1.385030e+03
    1.126000e+00    2.009269e+03    1.387597e+03
    1.127000e+00    2.012287e+03    1.390166e+03
    1.128000e+00    2.015307e+03    1.392737e+03
    1.129000e+00    2.018330e+03    1.395310e+03
    1.130000e+00    2.021355e+03    1.397886e+03
    1.131000e+00    2.024382e+03    1.400464e+03
    1.132000e+00    2.027411e+03    1.403044e+03
    1.133000e+00    2.030442e+03    1.405626e+03
    1.134000e+00    2.033476e+03    1.408210e+03
    1.135000e+00    2.036512e+03    1.410796e+03
    1.136000e+00    2.039551e+03    1.413385e+03
    1.137000e+00    2.042592e+03    1.415976e+03
    1.138000e+00    2.045634e+03    1.418569e+03
    1.139000e+00    2.048680e+03    1.421164e+03
    1.140000e+00    2.051727e+03    1.423761e+03
    1.141000e+00    2.054777e+03    1.426361e+03
    1.142000e+00    2.057829e+03    1.428962e+03
    1.143000e+00    2.060884e+03    1.431566e+03
    1.144000e+00    2.063940e+03    1.434172e+03
    1.145000e+00    2.066999e+03    1.436780e+03
    1.146000e+00    2.070060e+03    1.439391e+03
    1.147000e+00    2.073124e+03    1.442003e+03
    1.148000e+00    2.076190e+03    1.444618e+03
    1.149000e+00    2.079258e+03    1.447235e+03
    1.150000e+00    2.082328e+03    1.449853e+03
    1.151000e+00    2.085401e+03    1.452475e+03
    1.152000e+00    2.088475e+03    1.455098e+03
    1.153000e+00    2.091553e+03    1.457723e+03
    1.154000e+00    2.094632e+03    1.460351e+03
    1.155000e+00    2.097714e+03    1.462981e+03
    1.156000e+00    2.100798e+03    1.465613e+03
    1.157000e+00    2.103884e+03    1.468247e+03
    1.158000e+00    2.106973e+03    1.470883e+03
    1.159000e+00    2.110063e+03    1.473522e+03
    1.160000e+00    2.113156e+03    1.476163e+03
    1.161000e+00    2.116252e+03    1.478805e+03
    1.162000e+00    2.119350e+03    1.481450e+03
    1.163000e+00    2.122449e+03    1.484097e+03
    1.164000e+00    2.125552e+03    1.486747e+03
    1.165000e+00    2.128656e+03    1.489398e+03
    1.166000e+00    2.131763e+03    1.492052e+03
    1.167000e+00    2.134872e+03    1.494708e+03
    1.168000e+00    2.137983e+03    1.497366e+03
    1.169000e+00    2.141097e+03    1.500026e+03
    1.170000e+00    2.144213e+03    1.502688e+03
    1.171000e+00    2.147331e+03    1.505353e+03
    1.172000e+00    2.150451e+03    1.508019e+03
    1.173000e+00    2.153574e+03    1.510688e+03
    1.174000e+00    2.156699e+03    1.513359e+03
    1.175000e+00    2.159826e+03    1.516032e+03
    1.176000e+00    2.162956e+03    1.518708e+03
    1.177000e+00    2.166088e+03    1.521385e+03
    1.178000e+00    2.169222e+03    1.524065e+03
    1.179000e+00    2.172358e+03    1.526746e+03
    1.180000e+00    2.175497e+03    1.529430e+03
    1.181000e+00    2.178638e+03    1.532117e+03
    1.182000e+00    2.181781e+03    1.534805e+03
    1.183000e+00    2.184926e+03    1.537495e+03
    1.184000e+00    2.188074e+03    1.540188e+03
    1.185000e+00    2.191224e+03    1.542883e+03
    1.186000e+00    2.194376e+03    1.545580e+03
    1.187000e+00    2.197531e+03    1.548279e+03
    1.188000e+00    2.200688e+03    1.550980e+03
    1.189000e+00    2.203847e+03    1.553684e+03
    1.190000e+00    2.207008e+03    1.556389e+03
    1.191000e+00    2.210172e+03    1.559097e+03
    1.192000e+00    2.213338e+03    1.561807e+03
    1.193000e+00    2.216506e+03    1.564519e+03
    1.194000e+00    2.219676e+03    1.567233e+03
    1.195000e+00    2.222849e+03    1.569950e+03
    1.196000e+00    2.226024e+03    1.572668e+03
    1.197000e+00    2.229201e+03    1.575389e+03
    1.198000e+00    2.232381e+03    1.578112e+03
    1.199000e+00    2.235563e+03    1.580837e+03
    1.200000e+00    2.238747e+03    1.583564e+03
    1.201000e+00    2.241933e+03    1.586294e+03
    1.202000e+00    2.245122e+03    1.589025e+03
    1.203000e+00    2.248313e+03    1.591759e+03
    1.204000e+00    2.251506e+03    1.594495e+03
    1.205000e+00    2.254702e+03    1.597233e+03
    1.206000e+00    2.257899e+03    1.599973e+03
    1.207000e+00    2.261100e+03    1.602716e+03
    1.208000e+00    2.264302e+03    1.605460e+03
    1.209000e+00    2.267506e+03    1.608207e+03
    1.210000e+00    2.270713e+03    1.610956e+03
    1.211000e+00    2.273922e+03    1.613707e+03
    1.212000e+00    2.277134e+03    1.616460e+03
    1.213000e+00    2.280347e+03    1.619216e+03
    1.214000e+00    2.283563e+03    1.621973e+03
    1.215000e+00    2.286782e+03    1.624733e+03
    1.216000e+00    2.290002e+03    1.627495e+03
    1.217000e+00    2.293225e+03    1.630259e+03
    1.218000e+00    2.296450e+03    1.633025e+03
    1.219000e+00    2.299677e+03    1.635793e+03
    1.220000e+00    2.302907e+03    1.638564e+03
    1.221000e+00    2.306139e+03    1.641336e+03
    1.222000e+00    2.309373e+03    1.644111e+03
    1.223000e+00    2.312609e+03    1.646888e+03
    1.224000e+00    2.315848e+03    1.649667e+03
    1.225000e+00    2.319089e+03    1.652449e+03
    1.226000e+00    2.322332e+03    1.655232e+03
    1.227000e+00    2.325577e+03    1.658018e+03
    1.228000e+00    2.328825e+03    1.660806e+03
    1.229000e+00    2.332075e+03    1.663595e+03
    1.230000e+00    2.335327e+03    1.666388e+03
    1.231000e+00    2.338582e+03    1.669182e+03
    1.232000e+00    2.341839e+03    1.671978e+03
    1.233000e+00    2.345098e+03    1.674777e+03
    1.234000e+00    2.348359e+03    1.677578e+03
    1.235000e+00    2.351623e+03    1.680381e+03
    1.236000e+00    2.354889e+03    1.683186e+03
    1.237000e+00    2.358157e+03    1.685993e+03
    1.238000e+00    2.361428e+03    1.688802e+03
    1.239000e+00    2.364700e+03    1.691614e+03
    1.240000e+00    2.367975e+03    1.694428e+03
    1.241000e+00    2.371253e+03    1.697243e+03
    1.242000e+00    2.374532e+03    1.700062e+03
    1.243000e+00    2.377814e+03    1.702882e+03
    1.244000e+00    2.381098e+03    1.705704e+03
    1.245000e+00    2.384384e+03    1.708529e+03
    1.246000e+00    2.387673e+03    1.711355e+03
    1.247000e+00    2.390964e+03    1.714184e+03
    1.248000e+00    2.394257e+03    1.717015e+03
    1.249000e+00    2.397552e+03    1.719848e+03
    1.250000e+00    2.400850e+03    1.722684e+03
    1.251000e+00    2.404150e+03    1.725521e+03
    1.252000e+00    2.407452e+03    1.728361e+03
    1.253000e+00    2.410757e+03    1.731203e+03
    1.254000e+00    2.414064e+03    1.734046e+03
    1.255000e+00    2.417373e+03    1.736893e+03
    1.256000e+00    2.420684e+03    1.739741e+03
    1.257000e+00    2.423997e+03    1.742591e+03
    1.258000e+00    2.427313e+03    1.745444e+03
    1.259000e+00    2.430631e+03    1.748299e+03
    1.260000e+00    2.433952e+03    1.751156e+03
    1.261000e+00    2.437274e+03    1.754015e+03
    1.262000e+00    2.440599e+03    1.756876e+03
    1.263000e+00    2.443927e+03    1.759739e+03
    1.264000e+00    2.447256e+03    1.762605e+03
    1.265000e+00    2.450588e+03    1.765473e+03
    1.266000e+00    2.453922e+03    1.768342e+03
    1.267000e+00    2.457258e+03    1.771214e+03
    1.268000e+00    2.460596e+03    1.774089e+03
    1.269000e+00    2.463937e+03    1.776965e+03
    1.270000e+00    2.467280e+03    1.779843e+03
    1.271000e+00    2.470626e+03    1.782724e+03
    1.272000e+00    2.473973e+03    1.785607e+03
    1.273000e+00    2.477323e+03    1.788492e+03
    1.274000e+00    2.480675e+03    1.791379e+03
    1.275000e+00    2.484030e+03    1.794268e+03
    1.276000e+00    2.487386e+03    1.797160e+03
    1.277000e+00    2.490745e+03    1.800053e+03
    1.278000e+00    2.494106e+03    1.802949e+03
    1.279000e+00    2.497470e+03    1.805847e+03
    1.280000e+00    2.500836e+03    1.808747e+03
    1.281000e+00    2.504204e+03    1.811649e+03
    1.282000e+00    2.507574e+03    1.814554e+03
    1.283000e+00    2.510946e+03    1.817460e+03
    1.284000e+00    2.514321e+03    1.820369e+03
    1.285000e+00    2.517698e+03    1.823280e+03
    1.286000e+00    2.521078e+03    1.826193e+03
    1.287000e+00    2.524459e+03    1.829108e+03
    1.288000e+00    2.527843e+03    1.832025e+03
    1.289000e+00    2.531229e+03    1.834945e+03
    1.290000e+00    2.534618e+03    1.837866e+03
    1.291000e+00    2.538008e+03    1.840790e+03
    1.292000e+00    2.541401e+03    1.843716e+03
    1.293000e+00    2.544796e+03    1.846644e+03
    1.294000e+00    2.548194e+03    1.849574e+03
    1.295000e+00    2.551593e+03    1.852507e+03
    1.296000e+00    2.554995e+03    1.855441e+03
    1.297000e+00    2.558400e+03    1.858378e+03
    1.298000e+00    2.561806e+03    1.861317e+03
    1.299000e+00    2.565215e+03    1.864258e+03
    1.300000e+00    2.568626e+03    1.867201e+03
