    1.040000e-01    9.827155e+01    3.881694e-01
    1.060000e-01    1.001692e+02    4.258585e-01
    1.080000e-01    1.020676e+02    4.660904e-01
    1.100000e-01    1.039668e+02    5.089375e-01
    1.120000e-01    1.058667e+02    5.544712e-01
    1.140000e-01    1.077675e+02    6.027616e-01
    1.160000e-01    1.096692e+02    6.538776e-01
    1.180000e-01    1.115718e+02    7.078867e-01
    1.200000e-01    1.134753e+02    7.648555e-01
    1.220000e-01    1.153798e+02    8.248490e-01
    1.240000e-01    1.172853e+02    8.879310e-01
    1.260000e-01    1.191919e+02    9.541644e-01
    1.280000e-01    1.210995e+02    1.023610e+00
    1.300000e-01    1.230082e+02    1.096329e+00
    1.320000e-01    1.249181e+02    1.172379e+00
    1.340000e-01    1.268292e+02    1.251818e+00
    1.360000e-01    1.287414e+02    1.334703e+00
    1.380000e-01    1.306549e+02    1.421088e+00
    1.400000e-01    1.325697e+02    1.511028e+00
    1.420000e-01    1.344858e+02    1.604574e+00
    1.440000e-01    1.364033e+02    1.701779e+00
    1.460000e-01    1.383221e+02    1.802691e+00
    1.480000e-01    1.402423e+02    1.907361e+00
    1.500000e-01    1.421640e+02    2.015836e+00
    1.520000e-01    1.440871e+02    2.128162e+00
    1.540000e-01    1.460118e+02    2.244384e+00
    1.560000e-01    1.479379e+02    2.364547e+00
    1.580000e-01    1.498657e+02    2.488692e+00
    1.600000e-01    1.517950e+02    2.616863e+00
    1.620000e-01    1.537260e+02    2.749099e+00
    1.640000e-01    1.556586e+02    2.885440e+00
    1.660000e-01    1.575929e+02    3.025925e+00
    1.680000e-01    1.595290e+02    3.170294e+00
    1.700000e-01    1.614667e+02    3.318479e+00
    1.720000e-01    1.634063e+02    3.470676e+00
    1.740000e-01    1.653476e+02    3.626960e+00
    1.760000e-01    1.672908e+02    3.787386e+00
    1.780000e-01    1.692358e+02    3.952000e+00
    1.800000e-01    1.711826e+02    4.120840e+00
    1.820000e-01    1.731314e+02    4.293942e+00
    1.840000e-01    1.750821e+02    4.471339e+00
    1.860000e-01    1.770347e+02    4.653061e+00
    1.880000e-01    1.789894e+02    4.839137e+00
    1.900000e-01    1.809460e+02    5.029595e+00
    1.920000e-01    1.829047e+02    5.224461e+00
    1.940000e-01    1.848654e+02    5.423759e+00
    1.960000e-01    1.868282e+02    5.627514e+00
    1.980000e-01    1.887930e+02    5.835749e+00
    2.000000e-01    1.907601e+02    6.048485e+00
    2.020000e-01    1.927292e+02    6.265743e+00
    2.040000e-01    1.947006e+02    6.487544e+00
    2.060000e-01    1.966741e+02    6.713906e+00
    2.080000e-01    1.986498e+02    6.944850e+00
    2.100000e-01    2.006278e+02    7.180393e+00
    2.120000e-01    2.026081e+02    7.420553e+00
    2.140000e-01    2.045907e+02    7.665346e+00
    2.160000e-01    2.065755e+02    7.914789e+00
    2.180000e-01    2.085627e+02    8.168897e+00
    2.200000e-01    2.105523e+02    8.427687e+00
    2.220000e-01    2.125442e+02    8.691172e+00
    2.240000e-01    2.145385e+02    8.959368e+00
    2.260000e-01    2.165352e+02    9.232288e+00
    2.280000e-01    2.185344e+02    9.509946e+00
    2.300000e-01    2.205360e+02    9.792354e+00
    2.320000e-01    2.225401e+02    1.007953e+01
    2.340000e-01    2.245467e+02    1.037148e+01
    2.360000e-01    2.265558e+02    1.066821e+01
    2.380000e-01    2.285674e+02    1.096975e+01
    2.400000e-01    2.305816e+02    1.127610e+01
    2.420000e-01    2.325984e+02    1.158727e+01
    2.440000e-01    2.346178e+02    1.190328e+01
    2.460000e-01    2.366397e+02    1.222413e+01
    2.480000e-01    2.386643e+02    1.254984e+01
    2.500000e-01    2.406916e+02    1.288041e+01
    2.520000e-01    2.427215e+02    1.321586e+01
    2.540000e-01    2.447541e+02    1.355620e+01
    2.560000e-01    2.467894e+02    1.390143e+01
    2.580000e-01    2.488274e+02    1.425156e+01
    2.600000e-01    2.508681e+02    1.460661e+01
    2.620000e-01    2.529116e+02    1.496659e+01
    2.640000e-01    2.549579e+02    1.533150e+01
    2.660000e-01    2.570069e+02    1.570135e+01
    2.680000e-01    2.590588e+02    1.607615e+01
    2.700000e-01    2.611134e+02    1.645591e+01
    2.720000e-01    2.631709e+02    1.684064e+01
    2.740000e-01    2.652313e+02    1.723034e+01
    2.760000e-01    2.672945e+02    1.762503e+01
    2.780000e-01    2.693605e+02    1.802471e+01
    2.800000e-01    2.714295e+02    1.842940e+01
    2.820000e-01    2.735014e+02    1.883909e+01
    2.840000e-01    2.755762e+02    1.925380e+01
    2.860000e-01    2.776539e+02    1.967354e+01
    2.880000e-01    2.797346e+02    2.009831e+01
    2.900000e-01    2.818183e+02    2.052811e+01
    2.920000e-01    2.839049e+02    2.096297e+01
    2.940000e-01    2.859945e+02    2.140288e+01
    2.960000e-01    2.880872e+02    2.184786e+01
    2.980000e-01    2.901829e+02    2.229790e+01
    3.000000e-01    2.922816e+02    2.275302e+01
    3.020000e-01    2.943833e+02    2.321323e+01
    3.040000e-01    2.964881e+02    2.367852e+01
    3.060000e-01    2.985960e+02    2.414892e+01
    3.080000e-01    3.007070e+02    2.462442e+01
    3.100000e-01    3.028211e+02    2.510503e+01
    3.120000e-01    3.049384e+02    2.559076e+01
    3.140000e-01    3.070587e+02    2.608161e+01
    3.160000e-01    3.091822e+02    2.657760e+01
    3.180000e-01    3.113088e+02    2.707872e+01
    3.200000e-01    3.134386e+02    2.758499e+01
    3.220000e-01    3.155716e+02    2.809641e+01
    3.240000e-01    3.177078e+02    2.861299e+01
    3.260000e-01    3.198472e+02    2.913473e+01
    3.280000e-01    3.219898e+02    2.966164e+01
    3.300000e-01    3.241356e+02    3.019372e+01
    3.320000e-01    3.262847e+02    3.073098e+01
    3.340000e-01    3.284370e+02    3.127343e+01
    3.360000e-01    3.305926e+02    3.182107e+01
    3.380000e-01    3.327515e+02    3.237391e+01
    3.400000e-01    3.349136e+02    3.293195e+01
    3.420000e-01    3.370791e+02    3.349520e+01
    3.440000e-01    3.392478e+02    3.406367e+01
    3.460000e-01    3.414199e+02    3.463735e+01
    3.480000e-01    3.435953e+02    3.521625e+01
    3.500000e-01    3.457741e+02    3.580038e+01
    3.520000e-01    3.479562e+02    3.638975e+01
    3.540000e-01    3.501416e+02    3.698435e+01
    3.560000e-01    3.523305e+02    3.758420e+01
    3.580000e-01    3.545227e+02    3.818929e+01
    3.600000e-01    3.567183e+02    3.879964e+01
    3.620000e-01    3.589174e+02    3.941524e+01
    3.640000e-01    3.611198e+02    4.003610e+01
    3.660000e-01    3.633257e+02    4.066222e+01
    3.680000e-01    3.655350e+02    4.129362e+01
    3.700000e-01    3.677477e+02    4.193028e+01
    3.720000e-01    3.699638e+02    4.252286e+01
    3.740000e-01    3.721830e+02    4.306200e+01
    3.760000e-01    3.744049e+02    4.358290e+01
    3.780000e-01    3.766296e+02    4.409315e+01
    3.800000e-01    3.788570e+02    4.459641e+01
    3.820000e-01    3.810870e+02    4.509481e+01
    3.840000e-01    3.833196e+02    4.558977e+01
    3.860000e-01    3.855548e+02    4.608231e+01
    3.880000e-01    3.877926e+02    4.657319e+01
    3.900000e-01    3.900328e+02    4.706298e+01
    3.920000e-01    3.922756e+02    4.755216e+01
    3.940000e-01    3.945209e+02    4.804111e+01
    3.960000e-01    3.967686e+02    4.853013e+01
    3.980000e-01    3.990188e+02    4.901950e+01
    4.000000e-01    4.012715e+02    4.950945e+01
    4.020000e-01    4.035266e+02    5.000015e+01
    4.040000e-01    4.057842e+02    5.049180e+01
    4.060000e-01    4.080442e+02    5.098453e+01
    4.080000e-01    4.103066e+02    5.147848e+01
    4.100000e-01    4.125715e+02    5.197376e+01
    4.120000e-01    4.148388e+02    5.247049e+01
    4.140000e-01    4.171085e+02    5.296875e+01
    4.160000e-01    4.193806e+02    5.346863e+01
    4.180000e-01    4.216551e+02    5.397022e+01
    4.200000e-01    4.239320e+02    5.447357e+01
    4.220000e-01    4.262114e+02    5.497877e+01
    4.240000e-01    4.284931e+02    5.548586e+01
    4.260000e-01    4.307772e+02    5.599491e+01
    4.280000e-01    4.330637e+02    5.650596e+01
    4.300000e-01    4.353526e+02    5.701906e+01
    4.320000e-01    4.376439e+02    5.753427e+01
    4.340000e-01    4.399376e+02    5.805160e+01
    4.360000e-01    4.422337e+02    5.857112e+01
    4.380000e-01    4.445321e+02    5.909285e+01
    4.400000e-01    4.468330e+02    5.961682e+01
    4.420000e-01    4.491362e+02    6.014308e+01
    4.440000e-01    4.514419e+02    6.067164e+01
    4.460000e-01    4.537499e+02    6.120253e+01
    4.480000e-01    4.560603e+02    6.173579e+01
    4.500000e-01    4.583730e+02    6.227144e+01
    4.520000e-01    4.606882e+02    6.280950e+01
    4.540000e-01    4.630058e+02    6.334999e+01
    4.560000e-01    4.653257e+02    6.389293e+01
    4.580000e-01    4.676480e+02    6.443835e+01
    4.600000e-01    4.699728e+02    6.498626e+01
    4.620000e-01    4.722999e+02    6.553669e+01
    4.640000e-01    4.746293e+02    6.608964e+01
    4.660000e-01    4.769612e+02    6.664514e+01
    4.680000e-01    4.792955e+02    6.720319e+01
    4.700000e-01    4.816322e+02    6.776382e+01
    4.720000e-01    4.839712e+02    6.832704e+01
    4.740000e-01    4.863127e+02    6.889286e+01
    4.760000e-01    4.886565e+02    6.946130e+01
    4.780000e-01    4.910027e+02    7.003236e+01
    4.800000e-01    4.933513e+02    7.060606e+01
    4.820000e-01    4.957024e+02    7.118241e+01
    4.840000e-01    4.980558e+02    7.176141e+01
    4.860000e-01    5.004116e+02    7.234309e+01
    4.880000e-01    5.027698e+02    7.292744e+01
    4.900000e-01    5.051304e+02    7.351448e+01
    4.920000e-01    5.074934e+02    7.410422e+01
    4.940000e-01    5.098589e+02    7.469666e+01
    4.960000e-01    5.122267e+02    7.529181e+01
    4.980000e-01    5.145969e+02    7.588968e+01
    5.000000e-01    5.169696e+02    7.649028e+01
    5.020000e-01    5.193446e+02    7.709360e+01
    5.040000e-01    5.217221e+02    7.769967e+01
    5.060000e-01    5.241019e+02    7.830848e+01
    5.080000e-01    5.264842e+02    7.892004e+01
    5.100000e-01    5.288689e+02    7.953436e+01
    5.120000e-01    5.312560e+02    8.015144e+01
    5.140000e-01    5.336455e+02    8.077129e+01
    5.160000e-01    5.360374e+02    8.138958e+01
    5.180000e-01    5.384317e+02    8.196142e+01
    5.200000e-01    5.408281e+02    8.251887e+01
    5.220000e-01    5.432266e+02    8.307031e+01
    5.240000e-01    5.456273e+02    8.361847e+01
    5.260000e-01    5.480300e+02    8.416473e+01
    5.280000e-01    5.504349e+02    8.470994e+01
    5.300000e-01    5.528417e+02    8.525465e+01
    5.320000e-01    5.552507e+02    8.579925e+01
    5.340000e-01    5.576617e+02    8.634406e+01
    5.360000e-01    5.600747e+02    8.688930e+01
    5.380000e-01    5.624898e+02    8.743515e+01
    5.400000e-01    5.649068e+02    8.798176e+01
    5.420000e-01    5.673260e+02    8.852927e+01
    5.440000e-01    5.697471e+02    8.907778e+01
    5.460000e-01    5.721703e+02    8.962738e+01
    5.480000e-01    5.745954e+02    9.017814e+01
    5.500000e-01    5.770226e+02    9.073015e+01
    5.520000e-01    5.794518e+02    9.128345e+01
    5.540000e-01    5.818830e+02    9.183812e+01
    5.560000e-01    5.843162e+02    9.239419e+01
    5.580000e-01    5.867514e+02    9.295172e+01
    5.600000e-01    5.891887e+02    9.351075e+01
    5.620000e-01    5.916279e+02    9.407132e+01
    5.640000e-01    5.940691e+02    9.463346e+01
    5.660000e-01    5.965123e+02    9.519722e+01
    5.680000e-01    5.989575e+02    9.576261e+01
    5.700000e-01    6.014047e+02    9.632968e+01
    5.720000e-01    6.038539e+02    9.689845e+01
    5.740000e-01    6.063050e+02    9.746895e+01
    5.760000e-01    6.087582e+02    9.804121e+01
    5.780000e-01    6.112134e+02    9.861525e+01
    5.800000e-01    6.136705e+02    9.919110e+01
    5.820000e-01    6.161297e+02    9.976878e+01
    5.840000e-01    6.185908e+02    1.003483e+02
    5.860000e-01    6.210539e+02    1.009297e+02
    5.880000e-01    6.235190e+02    1.015131e+02
    5.900000e-01    6.259861e+02    1.020983e+02
    5.920000e-01    6.284552e+02    1.026855e+02
    5.940000e-01    6.309262e+02    1.032746e+02
    5.960000e-01    6.333993e+02    1.038658e+02
    5.980000e-01    6.358743e+02    1.044589e+02
    6.000000e-01    6.383513e+02    1.050541e+02
    6.020000e-01    6.408304e+02    1.056513e+02
    6.040000e-01    6.433114e+02    1.062505e+02
    6.060000e-01    6.457943e+02    1.068519e+02
    6.080000e-01    6.482793e+02    1.074553e+02
    6.100000e-01    6.507663e+02    1.080609e+02
    6.120000e-01    6.532552e+02    1.086686e+02
    6.140000e-01    6.557462e+02    1.092785e+02
    6.160000e-01    6.582391e+02    1.098905e+02
    6.180000e-01    6.607340e+02    1.105047e+02
    6.200000e-01    6.632310e+02    1.111212e+02
    6.220000e-01    6.657299e+02    1.117398e+02
    6.240000e-01    6.682308e+02    1.123607e+02
    6.260000e-01    6.707337e+02    1.129839e+02
    6.280000e-01    6.732385e+02    1.136093e+02
    6.300000e-01    6.757454e+02    1.142370e+02
    6.320000e-01    6.782543e+02    1.148670e+02
    6.340000e-01    6.807652e+02    1.154994e+02
    6.360000e-01    6.832781e+02    1.161341e+02
    6.380000e-01    6.857929e+02    1.167711e+02
    6.400000e-01    6.883098e+02    1.174105e+02
    6.420000e-01    6.908287e+02    1.180523e+02
    6.440000e-01    6.933496e+02    1.186965e+02
    6.460000e-01    6.958724e+02    1.193432e+02
    6.480000e-01    6.983973e+02    1.199922e+02
    6.500000e-01    7.009242e+02    1.206437e+02
    6.520000e-01    7.034531e+02    1.212977e+02
    6.540000e-01    7.059841e+02    1.219541e+02
    6.560000e-01    7.085170e+02    1.226130e+02
    6.580000e-01    7.110519e+02    1.232744e+02
    6.600000e-01    7.135889e+02    1.239384e+02
    6.620000e-01    7.161278e+02    1.246049e+02
    6.640000e-01    7.186688e+02    1.252739e+02
    6.660000e-01    7.212118e+02    1.259455e+02
    6.680000e-01    7.237569e+02    1.266196e+02
    6.700000e-01    7.263039e+02    1.272964e+02
    6.720000e-01    7.288530e+02    1.279757e+02
    6.740000e-01    7.314041e+02    1.286576e+02
    6.760000e-01    7.339572e+02    1.293422e+02
    6.780000e-01    7.365124e+02    1.300294e+02
    6.800000e-01    7.390696e+02    1.307192e+02
    6.820000e-01    7.416288e+02    1.314118e+02
    6.840000e-01    7.441900e+02    1.321069e+02
    6.860000e-01    7.467533e+02    1.328048e+02
    6.880000e-01    7.493187e+02    1.335054e+02
    6.900000e-01    7.518860e+02    1.342086e+02
    6.920000e-01    7.544554e+02    1.349146e+02
    6.940000e-01    7.570269e+02    1.356233e+02
    6.960000e-01    7.596004e+02    1.363347e+02
    6.980000e-01    7.621759e+02    1.370489e+02
    7.000000e-01    7.647535e+02    1.377646e+02
    7.020000e-01    7.673332e+02    1.384822e+02
    7.040000e-01    7.699149e+02    1.392019e+02
    7.060000e-01    7.724986e+02    1.399241e+02
    7.080000e-01    7.750844e+02    1.406488e+02
    7.100000e-01    7.776723e+02    1.413760e+02
    7.120000e-01    7.802622e+02    1.421058e+02
    7.140000e-01    7.828541e+02    1.428383e+02
    7.160000e-01    7.854481e+02    1.435734e+02
    7.180000e-01    7.880442e+02    1.443113e+02
    7.200000e-01    7.906423e+02    1.450519e+02
    7.220000e-01    7.932425e+02    1.457953e+02
    7.240000e-01    7.958447e+02    1.465414e+02
    7.260000e-01    7.984490e+02    1.472903e+02
    7.280000e-01    8.010554e+02    1.480421e+02
    7.300000e-01    8.036639e+02    1.487967e+02
    7.320000e-01    8.062744e+02    1.495542e+02
    7.340000e-01    8.088870e+02    1.503145e+02
    7.360000e-01    8.115016e+02    1.510777e+02
    7.380000e-01    8.141184e+02    1.518438e+02
    7.400000e-01    8.167372e+02    1.526127e+02
    7.420000e-01    8.193581e+02    1.533847e+02
    7.440000e-01    8.219811e+02    1.541595e+02
    7.460000e-01    8.246062e+02    1.549373e+02
    7.480000e-01    8.272333e+02    1.557180e+02
    7.500000e-01    8.298626e+02    1.565016e+02
    7.520000e-01    8.324939e+02    1.572883e+02
    7.540000e-01    8.351274e+02    1.580779e+02
    7.560000e-01    8.377629e+02    1.588705e+02
    7.580000e-01    8.404006e+02    1.596661e+02
    7.600000e-01    8.430403e+02    1.604647e+02
    7.620000e-01    8.456822e+02    1.612663e+02
    7.640000e-01    8.483262e+02    1.620709e+02
    7.660000e-01    8.509722e+02    1.628785e+02
    7.680000e-01    8.536204e+02    1.636891e+02
    7.700000e-01    8.562707e+02    1.645028e+02
    7.720000e-01    8.589231e+02    1.653195e+02
    7.740000e-01    8.615777e+02    1.661393e+02
    7.760000e-01    8.642343e+02    1.669621e+02
    7.780000e-01    8.668931e+02    1.677880e+02
    7.800000e-01    8.695540e+02    1.686169e+02
    7.820000e-01    8.722171e+02    1.694489e+02
    7.840000e-01    8.748823e+02    1.702840e+02
    7.860000e-01    8.775496e+02    1.711221e+02
    7.880000e-01    8.802190e+02    1.719634e+02
    7.900000e-01    8.828906e+02    1.728077e+02
    7.920000e-01    8.855643e+02    1.736551e+02
    7.940000e-01    8.882402e+02    1.745056e+02
    7.960000e-01    8.909182e+02    1.753592e+02
    7.980000e-01    8.935984e+02    1.762159e+02
    8.000000e-01    8.962807e+02    1.770757e+02
    8.020000e-01    8.989652e+02    1.779386e+02
    8.040000e-01    9.016518e+02    1.788046e+02
    8.060000e-01    9.043406e+02    1.796738e+02
    8.080000e-01    9.070315e+02    1.805460e+02
    8.100000e-01    9.097246e+02    1.814214e+02
    8.120000e-01    9.124199e+02    1.822999e+02
    8.140000e-01    9.151173e+02    1.831815e+02
    8.160000e-01    9.178169e+02    1.840663e+02
    8.180000e-01    9.205187e+02    1.849542e+02
    8.200000e-01    9.232227e+02    1.858453e+02
    8.220000e-01    9.259288e+02    1.867394e+02
    8.240000e-01    9.286371e+02    1.876368e+02
    8.260000e-01    9.313476e+02    1.885372e+02
    8.280000e-01    9.340603e+02    1.894408e+02
    8.300000e-01    9.367751e+02    1.903476e+02
    8.320000e-01    9.394922e+02    1.912575e+02
    8.340000e-01    9.422114e+02    1.921706e+02
    8.360000e-01    9.449329e+02    1.930868e+02
    8.380000e-01    9.476565e+02    1.940062e+02
    8.400000e-01    9.503823e+02    1.949287e+02
    8.420000e-01    9.531104e+02    1.958544e+02
    8.440000e-01    9.558406e+02    1.967832e+02
    8.460000e-01    9.585730e+02    1.977153e+02
    8.480000e-01    9.613077e+02    1.986505e+02
    8.500000e-01    9.640446e+02    1.995888e+02
    8.520000e-01    9.667836e+02    2.005303e+02
    8.540000e-01    9.695249e+02    2.014750e+02
    8.560000e-01    9.722684e+02    2.024229e+02
    8.580000e-01    9.750141e+02    2.033739e+02
    8.600000e-01    9.777620e+02    2.043281e+02
    8.620000e-01    9.805122e+02    2.052855e+02
    8.640000e-01    9.832646e+02    2.062461e+02
    8.660000e-01    9.860192e+02    2.072098e+02
    8.680000e-01    9.887760e+02    2.081768e+02
    8.700000e-01    9.915351e+02    2.091469e+02
    8.720000e-01    9.942964e+02    2.101201e+02
    8.740000e-01    9.970600e+02    2.110966e+02
    8.760000e-01    9.998257e+02    2.120762e+02
    8.780000e-01    1.002594e+03    2.130591e+02
    8.800000e-01    1.005364e+03    2.140451e+02
    8.820000e-01    1.008137e+03    2.150343e+02
    8.840000e-01    1.010911e+03    2.160267e+02
    8.860000e-01    1.013688e+03    2.170222e+02
    8.880000e-01    1.016468e+03    2.180210e+02
    8.900000e-01    1.019249e+03    2.190229e+02
    8.920000e-01    1.022033e+03    2.200281e+02
    8.940000e-01    1.024819e+03    2.210364e+02
    8.960000e-01    1.027607e+03    2.220479e+02
    8.980000e-01    1.030398e+03    2.230626e+02
    9.000000e-01    1.033190e+03    2.240805e+02
    9.020000e-01    1.035986e+03    2.251016e+02
    9.040000e-01    1.038783e+03    2.261259e+02
    9.060000e-01    1.041582e+03    2.271534e+02
    9.080000e-01    1.044384e+03    2.281840e+02
    9.100000e-01    1.047188e+03    2.292179e+02
    9.120000e-01    1.049995e+03    2.302549e+02
    9.140000e-01    1.052804e+03    2.312952e+02
    9.160000e-01    1.055615e+03    2.323386e+02
    9.180000e-01    1.058428e+03    2.333853e+02
    9.200000e-01    1.061243e+03    2.344351e+02
    9.220000e-01    1.064061e+03    2.354881e+02
    9.240000e-01    1.066881e+03    2.365444e+02
    9.260000e-01    1.069704e+03    2.376038e+02
    9.280000e-01    1.072529e+03    2.386664e+02
    9.300000e-01    1.075356e+03    2.397322e+02
    9.320000e-01    1.078185e+03    2.408012e+02
    9.340000e-01    1.081016e+03    2.418734e+02
    9.360000e-01    1.083850e+03    2.429488e+02
    9.380000e-01    1.086686e+03    2.440274e+02
    9.400000e-01    1.089525e+03    2.451092e+02
    9.420000e-01    1.092366e+03    2.461942e+02
    9.440000e-01    1.095209e+03    2.472824e+02
    9.460000e-01    1.098054e+03    2.483738e+02
    9.480000e-01    1.100902e+03    2.494684e+02
    9.500000e-01    1.103752e+03    2.505662e+02
    9.520000e-01    1.106604e+03    2.516672e+02
    9.540000e-01    1.109459e+03    2.527713e+02
    9.560000e-01    1.112316e+03    2.538787e+02
    9.580000e-01    1.115175e+03    2.549893e+02
    9.600000e-01    1.118037e+03    2.561031e+02
    9.620000e-01    1.120901e+03    2.572200e+02
    9.640000e-01    1.123767e+03    2.583402e+02
    9.660000e-01    1.126636e+03    2.594636e+02
    9.680000e-01    1.129507e+03    2.605902e+02
    9.700000e-01    1.132380e+03    2.617199e+02
    9.720000e-01    1.135256e+03    2.628529e+02
    9.740000e-01    1.138134e+03    2.639891e+02
    9.760000e-01    1.141014e+03    2.651284e+02
    9.780000e-01    1.143896e+03    2.662710e+02
    9.800000e-01    1.146781e+03    2.674168e+02
    9.820000e-01    1.149669e+03    2.685657e+02
    9.840000e-01    1.152558e+03    2.697179e+02
    9.860000e-01    1.155450e+03    2.708733e+02
    9.880000e-01    1.158345e+03    2.720318e+02
    9.900000e-01    1.161241e+03    2.731936e+02
    9.920000e-01    1.164140e+03    2.743586e+02
    9.940000e-01    1.167042e+03    2.755267e+02
    9.960000e-01    1.169945e+03    2.766981e+02
    9.980000e-01    1.172852e+03    2.778726e+02
    1.000000e+00    1.175760e+03    2.790504e+02
    1.002000e+00    1.178671e+03    2.802313e+02
    1.004000e+00    1.181584e+03    2.814155e+02
    1.006000e+00    1.184499e+03    2.826028e+02
    1.008000e+00    1.187417e+03    2.837934e+02
    1.010000e+00    1.190338e+03    2.849871e+02
    1.012000e+00    1.193260e+03    2.861841e+02
    1.014000e+00    1.196185e+03    2.873842e+02
    1.016000e+00    1.199113e+03    2.885876e+02
    1.018000e+00    1.202042e+03    2.897941e+02
    1.020000e+00    1.204974e+03    2.910039e+02
    1.022000e+00    1.207909e+03    2.922168e+02
    1.024000e+00    1.210846e+03    2.934329e+02
    1.026000e+00    1.213785e+03    2.946523e+02
    1.028000e+00    1.216727e+03    2.958748e+02
    1.030000e+00    1.219671e+03    2.971005e+02
    1.032000e+00    1.222617e+03    2.983295e+02
    1.034000e+00    1.225566e+03    2.995616e+02
    1.036000e+00    1.228517e+03    3.007969e+02
    1.038000e+00    1.231470e+03    3.020355e+02
    1.040000e+00    1.234426e+03    3.032772e+02
    1.042000e+00    1.237385e+03    3.045221e+02
    1.044000e+00    1.240345e+03    3.057703e+02
    1.046000e+00    1.243308e+03    3.070216e+02
    1.048000e+00    1.246274e+03    3.082761e+02
    1.050000e+00    1.249242e+03    3.095338e+02
    1.052000e+00    1.252212e+03    3.107948e+02
    1.054000e+00    1.255185e+03    3.120589e+02
    1.056000e+00    1.258160e+03    3.133262e+02
    1.058000e+00    1.261137e+03    3.145967e+02
    1.060000e+00    1.264117e+03    3.158704e+02
    1.062000e+00    1.267100e+03    3.171473e+02
    1.064000e+00    1.270084e+03    3.184275e+02
    1.066000e+00    1.273072e+03    3.197108e+02
    1.068000e+00    1.276061e+03    3.209973e+02
    1.070000e+00    1.279053e+03    3.222870e+02
    1.072000e+00    1.282047e+03    3.235799e+02
    1.074000e+00    1.285044e+03    3.248760e+02
    1.076000e+00    1.288043e+03    3.261753e+02
    1.078000e+00    1.291045e+03    3.274778e+02
    1.080000e+00    1.294049e+03    3.287836e+02
    1.082000e+00    1.297055e+03    3.300925e+02
    1.084000e+00    1.300064e+03    3.314046e+02
    1.086000e+00    1.303076e+03    3.327199e+02
    1.088000e+00    1.306089e+03    3.340384e+02
    1.090000e+00    1.309106e+03    3.353601e+02
    1.092000e+00    1.312124e+03    3.366850e+02
    1.094000e+00    1.315145e+03    3.380131e+02
    1.096000e+00    1.318169e+03    3.393444e+02
    1.098000e+00    1.321194e+03    3.406789e+02
    1.100000e+00    1.324223e+03    3.420166e+02
    1.102000e+00    1.327253e+03    3.433575e+02
    1.104000e+00    1.330287e+03    3.447016e+02
    1.106000e+00    1.333322e+03    3.460489e+02
    1.108000e+00    1.336360e+03    3.473995e+02
    1.110000e+00    1.339401e+03    3.487532e+02
    1.112000e+00    1.342444e+03    3.501101e+02
    1.114000e+00    1.345489e+03    3.514702e+02
    1.116000e+00    1.348537e+03    3.528335e+02
    1.118000e+00    1.351587e+03    3.542000e+02
    1.120000e+00    1.354640e+03    3.555697e+02
    1.122000e+00    1.357695e+03    3.569426e+02
    1.124000e+00    1.360753e+03    3.583188e+02
    1.126000e+00    1.363813e+03    3.596981e+02
    1.128000e+00    1.366875e+03    3.610806e+02
    1.130000e+00    1.369940e+03    3.624663e+02
    1.132000e+00    1.373008e+03    3.638553e+02
    1.134000e+00    1.376078e+03    3.652474e+02
    1.136000e+00    1.379150e+03    3.666427e+02
    1.138000e+00    1.382225e+03    3.680413e+02
    1.140000e+00    1.385302e+03    3.694430e+02
    1.142000e+00    1.388382e+03    3.708479e+02
    1.144000e+00    1.391464e+03    3.722561e+02
    1.146000e+00    1.394549e+03    3.736674e+02
    1.148000e+00    1.397636e+03    3.750820e+02
    1.150000e+00    1.400725e+03    3.764998e+02
    1.152000e+00    1.403817e+03    3.779207e+02
    1.154000e+00    1.406912e+03    3.793449e+02
    1.156000e+00    1.410009e+03    3.807723e+02
    1.158000e+00    1.413108e+03    3.822028e+02
    1.160000e+00    1.416210e+03    3.836366e+02
    1.162000e+00    1.419315e+03    3.850736e+02
    1.164000e+00    1.422422e+03    3.865138e+02
    1.166000e+00    1.425531e+03    3.879572e+02
    1.168000e+00    1.428643e+03    3.894038e+02
    1.170000e+00    1.431757e+03    3.908536e+02
    1.172000e+00    1.434874e+03    3.923066e+02
    1.174000e+00    1.437993e+03    3.937628e+02
    1.176000e+00    1.441115e+03    3.952223e+02
    1.178000e+00    1.444239e+03    3.966849e+02
    1.180000e+00    1.447366e+03    3.981508e+02
    1.182000e+00    1.450495e+03    3.996198e+02
    1.184000e+00    1.453627e+03    4.010921e+02
    1.186000e+00    1.456761e+03    4.025675e+02
    1.188000e+00    1.459898e+03    4.040462e+02
    1.190000e+00    1.463037e+03    4.055281e+02
    1.192000e+00    1.466179e+03    4.070132e+02
    1.194000e+00    1.469323e+03    4.085015e+02
    1.196000e+00    1.472470e+03    4.099930e+02
    1.198000e+00    1.475619e+03    4.114877e+02
    1.200000e+00    1.478771e+03    4.129857e+02
    1.202000e+00    1.481925e+03    4.144868e+02
    1.204000e+00    1.485082e+03    4.159912e+02
    1.206000e+00    1.488241e+03    4.174987e+02
    1.208000e+00    1.491402e+03    4.190095e+02
    1.210000e+00    1.494567e+03    4.205235e+02
