    1.000000e-07    9.303716e-05    2.179515e-08
    1.023293e-07    9.520479e-05    2.248488e-08
    1.047129e-07    9.742293e-05    2.319562e-08
    1.071519e-07    9.969275e-05    2.392922e-08
    1.096478e-07    1.020155e-04    2.468516e-08
    1.122018e-07    1.043923e-04    2.546776e-08
    1.148154e-07    1.068245e-04    2.626941e-08
    1.174898e-07    1.093134e-04    2.710174e-08
    1.202264e-07    1.118603e-04    2.795434e-08
    1.230269e-07    1.144665e-04    2.883956e-08
    1.258925e-07    1.171334e-04    2.974905e-08
    1.288250e-07    1.198625e-04    3.068776e-08
    1.318257e-07    1.226552e-04    3.165355e-08
    1.348963e-07    1.255130e-04    3.265331e-08
    1.380384e-07    1.284373e-04    3.367886e-08
    1.412538e-07    1.314298e-04    3.474363e-08
    1.445440e-07    1.344920e-04    3.583426e-08
    1.479108e-07    1.376256e-04    3.696318e-08
    1.513561e-07    1.408322e-04    3.813089e-08
    1.548817e-07    1.441135e-04    3.932693e-08
    1.584893e-07    1.474712e-04    4.056205e-08
    1.621810e-07    1.509072e-04    4.184057e-08
    1.659587e-07    1.544233e-04    4.315201e-08
    1.698244e-07    1.580213e-04    4.450947e-08
    1.737801e-07    1.617032e-04    4.590601e-08
    1.778279e-07    1.654708e-04    4.735159e-08
    1.819701e-07    1.693262e-04    4.883438e-08
    1.862087e-07    1.732715e-04    5.036915e-08
    1.905461e-07    1.773087e-04    5.194571e-08
    1.949845e-07    1.814400e-04    5.357754e-08
    1.995262e-07    1.856675e-04    5.525378e-08
    2.041738e-07    1.899936e-04    5.698471e-08
    2.089296e-07    1.944205e-04    5.877097e-08
    2.137962e-07    1.989505e-04    6.061408e-08
    2.187762e-07    2.035861e-04    6.251043e-08
    2.238721e-07    2.083297e-04    6.446407e-08
    2.290868e-07    2.131838e-04    6.648615e-08
    2.344229e-07    2.181511e-04    6.856320e-08
    2.398833e-07    2.232341e-04    7.070471e-08
    2.454709e-07    2.284356e-04    7.292122e-08
    2.511886e-07    2.337582e-04    7.519796e-08
    2.570396e-07    2.392049e-04    7.755442e-08
    2.630268e-07    2.447786e-04    7.997489e-08
    2.691535e-07    2.504821e-04    8.247044e-08
    2.754229e-07    2.563185e-04    8.504551e-08
    2.818383e-07    2.622910e-04    8.769830e-08
    2.884032e-07    2.684026e-04    9.043335e-08
    2.951209e-07    2.746566e-04    9.325552e-08
    3.019952e-07    2.810564e-04    9.616285e-08
    3.090295e-07    2.876053e-04    9.916030e-08
    3.162278e-07    2.943069e-04    1.022532e-07
    3.235937e-07    3.011646e-04    1.054394e-07
    3.311311e-07    3.081821e-04    1.087243e-07
    3.388442e-07    3.153631e-04    1.121138e-07
    3.467369e-07    3.227115e-04    1.156056e-07
    3.548134e-07    3.302312e-04    1.191945e-07
    3.630781e-07    3.379261e-04    1.229143e-07
    3.715352e-07    3.458003e-04    1.267347e-07
    3.801894e-07    3.538580e-04    1.306793e-07
    3.890451e-07    3.621035e-04    1.347492e-07
    3.981072e-07    3.705412e-04    1.389292e-07
    4.073803e-07    3.791755e-04    1.432514e-07
    4.168694e-07    3.880110e-04    1.476937e-07
    4.265795e-07    3.970525e-04    1.522910e-07
    4.365158e-07    4.063046e-04    1.570123e-07
    4.466836e-07    4.157724e-04    1.618943e-07
    4.570882e-07    4.254608e-04    1.669119e-07
    4.677351e-07    4.353750e-04    1.721044e-07
    4.786301e-07    4.455202e-04    1.774370e-07
    4.897788e-07    4.559019e-04    1.829341e-07
    5.011872e-07    4.665256e-04    1.886007e-07
    5.128614e-07    4.773968e-04    1.944648e-07
    5.248075e-07    4.885214e-04    2.004870e-07
    5.370318e-07    4.999053e-04    2.066950e-07
    5.495409e-07    5.115545e-04    2.131041e-07
    5.623413e-07    5.234752e-04    2.197112e-07
    5.754399e-07    5.356737e-04    2.265174e-07
    5.888437e-07    5.481565e-04    2.335278e-07
    6.025596e-07    5.609302e-04    2.407544e-07
    6.165950e-07    5.740016e-04    2.482036e-07
    6.309573e-07    5.873777e-04    2.558825e-07
    6.456542e-07    6.010656e-04    2.637980e-07
    6.606934e-07    6.150724e-04    2.719641e-07
    6.760830e-07    6.294057e-04    2.803751e-07
    6.918310e-07    6.440731e-04    2.890453e-07
    7.079458e-07    6.590824e-04    2.979551e-07
    7.244360e-07    6.744414e-04    3.071669e-07
    7.413102e-07    6.901584e-04    3.166332e-07
    7.585776e-07    7.062418e-04    3.264204e-07
    7.762471e-07    7.227000e-04    3.365091e-07
    7.943282e-07    7.395418e-04    3.469170e-07
    8.128305e-07    7.567762e-04    3.576037e-07
    8.317638e-07    7.744122e-04    3.686529e-07
    8.511380e-07    7.924593e-04    3.800069e-07
    8.709636e-07    8.109270e-04    3.917277e-07
    8.912509e-07    8.298252e-04    4.038089e-07
    9.120108e-07    8.491639e-04    4.162421e-07
    9.332543e-07    8.689533e-04    4.290563e-07
    9.549926e-07    8.892040e-04    4.423055e-07
    9.772372e-07    9.099267e-04    4.559202e-07
    1.000000e-06    9.311324e-04    4.699526e-07
    1.023293e-06    9.528324e-04    4.844156e-07
    1.047129e-06    9.750382e-04    4.993224e-07
    1.071519e-06    9.977615e-04    5.146866e-07
    1.096478e-06    1.021015e-03    5.305221e-07
    1.122018e-06    1.044810e-03    5.468434e-07
    1.148154e-06    1.069159e-03    5.636655e-07
    1.174898e-06    1.094077e-03    5.810035e-07
    1.202264e-06    1.119575e-03    5.988734e-07
    1.230269e-06    1.145667e-03    6.172914e-07
    1.258925e-06    1.172368e-03    6.362446e-07
    1.288250e-06    1.199691e-03    6.557782e-07
    1.318257e-06    1.227651e-03    6.759414e-07
    1.348963e-06    1.256262e-03    6.967230e-07
    1.380384e-06    1.285541e-03    7.180576e-07
    1.412538e-06    1.315502e-03    7.400614e-07
    1.445440e-06    1.346161e-03    7.628092e-07
    1.479108e-06    1.377536e-03    7.861808e-07
    1.513561e-06    1.409641e-03    8.103427e-07
    1.548817e-06    1.442495e-03    8.351670e-07
    1.584893e-06    1.476115e-03    8.607500e-07
    1.621810e-06    1.510518e-03    8.870936e-07
    1.659587e-06    1.545724e-03    9.142620e-07
    1.698244e-06    1.581750e-03    9.423503e-07
    1.737801e-06    1.618616e-03    9.712084e-07
    1.778279e-06    1.656341e-03    1.000948e-06
    1.819701e-06    1.694946e-03    1.031475e-06
    1.862087e-06    1.734451e-03    1.063056e-06
    1.905461e-06    1.774877e-03    1.095602e-06
    1.949845e-06    1.816245e-03    1.129142e-06
    1.995262e-06    1.858577e-03    1.163679e-06
    2.041738e-06    1.901897e-03    1.199298e-06
    2.089296e-06    1.946226e-03    1.235889e-06
    2.137962e-06    1.991589e-03    1.273714e-06
    2.187762e-06    2.038009e-03    1.312540e-06
    2.238721e-06    2.085511e-03    1.352706e-06
    2.290868e-06    2.134121e-03    1.394098e-06
    2.344229e-06    2.183864e-03    1.436586e-06
    2.398833e-06    2.234767e-03    1.480400e-06
    2.454709e-06    2.286856e-03    1.525692e-06
    2.511886e-06    2.340160e-03    1.572179e-06
    2.570396e-06    2.394707e-03    1.620121e-06
    2.630268e-06    2.450525e-03    1.669521e-06
    2.691535e-06    2.507645e-03    1.720384e-06
    2.754229e-06    2.566096e-03    1.772836e-06
    2.818383e-06    2.625910e-03    1.826841e-06
    2.884032e-06    2.687118e-03    1.882532e-06
    2.951209e-06    2.749754e-03    1.939917e-06
    3.019952e-06    2.813850e-03    1.999002e-06
    3.090295e-06    2.879440e-03    2.059932e-06
    3.162278e-06    2.946560e-03    2.122464e-06
    3.235937e-06    3.015244e-03    2.187149e-06
    3.311311e-06    3.085530e-03    2.253536e-06
    3.388442e-06    3.157455e-03    2.322209e-06
    3.467369e-06    3.231056e-03    2.392684e-06
    3.548134e-06    3.306374e-03    2.465590e-06
    3.630781e-06    3.383447e-03    2.540412e-06
    3.715352e-06    3.462318e-03    2.617812e-06
    3.801894e-06    3.543028e-03    2.697246e-06
    3.890451e-06    3.625619e-03    2.779086e-06
    3.981072e-06    3.710137e-03    2.863471e-06
    4.073803e-06    3.796625e-03    2.950346e-06
    4.168694e-06    3.885129e-03    3.039923e-06
    4.265795e-06    3.975698e-03    3.132142e-06
    4.365158e-06    4.068378e-03    3.226846e-06
    4.466836e-06    4.163219e-03    3.325122e-06
    4.570882e-06    4.260271e-03    3.425643e-06
    4.677351e-06    4.359587e-03    3.529544e-06
    4.786301e-06    4.461218e-03    3.636675e-06
    4.897788e-06    4.565219e-03    3.746606e-06
    5.011872e-06    4.671646e-03    3.859855e-06
    5.128614e-06    4.780554e-03    3.976713e-06
    5.248075e-06    4.892001e-03    4.097197e-06
    5.370318e-06    5.006048e-03    4.221026e-06
    5.495409e-06    5.122753e-03    4.348591e-06
    5.623413e-06    5.242181e-03    4.480222e-06
    5.754399e-06    5.364393e-03    4.615374e-06
    5.888437e-06    5.489455e-03    4.755405e-06
    6.025596e-06    5.617433e-03    4.899094e-06
    6.165950e-06    5.748396e-03    5.047118e-06
    6.309573e-06    5.882413e-03    5.199103e-06
    6.456542e-06    6.019555e-03    5.356177e-06
    6.606934e-06    6.159895e-03    5.517722e-06
    6.760830e-06    6.303508e-03    5.684132e-06
    6.918310e-06    6.450470e-03    5.855552e-06
    7.079458e-06    6.600860e-03    6.032120e-06
    7.244360e-06    6.754756e-03    6.213716e-06
    7.413102e-06    6.912242e-03    6.401538e-06
    7.585776e-06    7.073400e-03    6.594238e-06
    7.762471e-06    7.238317e-03    6.792578e-06
    7.943282e-06    7.407080e-03    6.997030e-06
    8.128305e-06    7.579779e-03    7.207627e-06
    8.317638e-06    7.756505e-03    7.424534e-06
    8.511380e-06    7.937353e-03    7.647978e-06
    8.709636e-06    8.122419e-03    7.878137e-06
    8.912509e-06    8.311801e-03    8.115212e-06
    9.120108e-06    8.505600e-03    8.358590e-06
    9.332543e-06    8.703919e-03    8.610100e-06
    9.549926e-06    8.906863e-03    8.868295e-06
    9.772372e-06    9.114540e-03    9.133995e-06
    1.000000e-05    9.327061e-03    9.408801e-06
    1.023293e-05    9.544539e-03    9.690908e-06
    1.047129e-05    9.767090e-03    9.982444e-06
    1.071519e-05    9.994831e-03    1.028048e-05
    1.096478e-05    1.022788e-02    1.058868e-05
    1.122018e-05    1.046637e-02    1.090719e-05
    1.148154e-05    1.071042e-02    1.123411e-05
    1.174898e-05    1.096017e-02    1.156946e-05
    1.202264e-05    1.121574e-02    1.191624e-05
    1.230269e-05    1.147727e-02    1.227339e-05
    1.258925e-05    1.174490e-02    1.263971e-05
    1.288250e-05    1.201877e-02    1.301848e-05
    1.318257e-05    1.229903e-02    1.340699e-05
    1.348963e-05    1.258583e-02    1.380738e-05
    1.380384e-05    1.287932e-02    1.421940e-05
    1.412538e-05    1.317965e-02    1.464547e-05
    1.445440e-05    1.348699e-02    1.508095e-05
    1.479108e-05    1.380150e-02    1.553274e-05
    1.513561e-05    1.412335e-02    1.599456e-05
    1.548817e-05    1.445270e-02    1.647208e-05
    1.584893e-05    1.478974e-02    1.696347e-05
    1.621810e-05    1.513464e-02    1.746988e-05
    1.659587e-05    1.548758e-02    1.798912e-05
    1.698244e-05    1.584876e-02    1.852382e-05
    1.737801e-05    1.621837e-02    1.907672e-05
    1.778279e-05    1.659659e-02    1.964370e-05
    1.819701e-05    1.698364e-02    2.022743e-05
    1.862087e-05    1.737972e-02    2.082854e-05
    1.905461e-05    1.778504e-02    2.145011e-05
    1.949845e-05    1.819982e-02    2.208525e-05
    1.995262e-05    1.862427e-02    2.274139e-05
    2.041738e-05    1.905862e-02    2.341707e-05
    2.089296e-05    1.950311e-02    2.411034e-05
    2.137962e-05    1.995796e-02    2.482662e-05
    2.187762e-05    2.042343e-02    2.556467e-05
    2.238721e-05    2.089976e-02    2.632130e-05
    2.290868e-05    2.138720e-02    2.710037e-05
    2.344229e-05    2.188602e-02    2.790530e-05
    2.398833e-05    2.239647e-02    2.873106e-05
    2.454709e-05    2.291883e-02    2.958130e-05
    2.511886e-05    2.345338e-02    3.045666e-05
    2.570396e-05    2.400040e-02    3.135788e-05
    2.630268e-05    2.456018e-02    3.228159e-05
    2.691535e-05    2.513303e-02    3.323668e-05
    2.754229e-05    2.571924e-02    3.421646e-05
    2.818383e-05    2.631913e-02    3.522868e-05
    2.884032e-05    2.693301e-02    3.626689e-05
    2.951209e-05    2.756122e-02    3.733501e-05
    3.019952e-05    2.820409e-02    3.843531e-05
    3.090295e-05    2.886196e-02    3.956780e-05
    3.162278e-05    2.953518e-02    4.073797e-05
    3.235937e-05    3.022411e-02    4.193312e-05
    3.311311e-05    3.092911e-02    4.316842e-05
    3.388442e-05    3.165056e-02    4.444022e-05
    3.467369e-05    3.238885e-02    4.574369e-05
    3.548134e-05    3.314437e-02    4.709098e-05
    3.630781e-05    3.391752e-02    4.847201e-05
    3.715352e-05    3.470871e-02    4.989445e-05
    3.801894e-05    3.551836e-02    5.135725e-05
    3.890451e-05    3.634690e-02    5.286968e-05
    3.981072e-05    3.719478e-02    5.441402e-05
    4.073803e-05    3.806245e-02    5.600897e-05
    4.168694e-05    3.895037e-02    5.765197e-05
    4.265795e-05    3.985900e-02    5.934157e-05
    4.365158e-05    4.078884e-02    6.107441e-05
    4.466836e-05    4.173987e-02    6.252951e-05
    4.570882e-05    4.271360e-02    6.435185e-05
    4.677351e-05    4.371005e-02    6.622724e-05
    4.786301e-05    4.472976e-02    6.815708e-05
    4.897788e-05    4.577326e-02    7.014297e-05
    5.011872e-05    4.684112e-02    7.218652e-05
    5.128614e-05    4.793390e-02    7.429087e-05
    5.248075e-05    4.905219e-02    7.645483e-05
    5.370318e-05    5.019657e-02    7.867298e-05
    5.495409e-05    5.136766e-02    8.096411e-05
    5.623413e-05    5.256609e-02    8.331274e-05
    5.754399e-05    5.379249e-02    8.573849e-05
    5.888437e-05    5.504751e-02    8.821378e-05
    6.025596e-05    5.633182e-02    9.078168e-05
    6.165950e-05    5.764611e-02    9.341394e-05
    6.309573e-05    5.899107e-02    9.611156e-05
    6.456542e-05    6.036743e-02    9.889770e-05
    6.606934e-05    6.177591e-02    1.017623e-04
    6.760830e-05    6.321727e-02    1.047001e-04
    6.918310e-05    6.469227e-02    1.077342e-04
    7.079458e-05    6.620170e-02    1.108415e-04
    7.244360e-05    6.774636e-02    1.140400e-04
    7.413102e-05    6.932708e-02    1.173284e-04
    7.585776e-05    7.094470e-02    1.207135e-04
    7.762471e-05    7.260007e-02    1.241934e-04
    7.943282e-05    7.429409e-02    1.277615e-04
    8.128305e-05    7.602765e-02    1.314436e-04
    8.317638e-05    7.780168e-02    1.352337e-04
    8.511380e-05    7.961712e-02    1.391147e-04
    8.709636e-05    8.147494e-02    1.431065e-04
    8.912509e-05    8.337613e-02    1.472123e-04
    9.120108e-05    8.532170e-02    1.514382e-04
    9.332543e-05    8.731268e-02    1.557814e-04
    9.549926e-05    8.935015e-02    1.602489e-04
    9.772372e-05    9.143518e-02    1.648253e-04
    1.000000e-04    9.356889e-02    1.695508e-04
    1.023293e-04    9.575241e-02    1.743913e-04
    1.047129e-04    9.798691e-02    1.793891e-04
    1.071519e-04    1.002736e-01    1.845089e-04
    1.096478e-04    1.026136e-01    1.897740e-04
    1.122018e-04    1.050083e-01    1.951884e-04
    1.148154e-04    1.074589e-01    2.007559e-04
    1.174898e-04    1.099667e-01    2.064544e-04
    1.202264e-04    1.125330e-01    2.123418e-04
    1.230269e-04    1.151593e-01    2.183711e-04
    1.258925e-04    1.178469e-01    2.245920e-04
    1.288250e-04    1.205972e-01    2.309662e-04
    1.318257e-04    1.234118e-01    2.375208e-04
    1.348963e-04    1.262920e-01    2.442556e-04
    1.380384e-04    1.292395e-01    2.511848e-04
    1.412538e-04    1.322559e-01    2.582887e-04
    1.445440e-04    1.353426e-01    2.655929e-04
    1.479108e-04    1.385015e-01    2.731230e-04
    1.513561e-04    1.417341e-01    2.808274e-04
    1.548817e-04    1.450421e-01    2.887466e-04
    1.584893e-04    1.484274e-01    2.968937e-04
    1.621810e-04    1.518918e-01    3.052633e-04
    1.659587e-04    1.554371e-01    3.138662e-04
    1.698244e-04    1.590651e-01    3.227106e-04
    1.737801e-04    1.627779e-01    3.317633e-04
    1.778279e-04    1.665773e-01    3.411080e-04
    1.819701e-04    1.704655e-01    3.506712e-04
    1.862087e-04    1.744445e-01    3.605014e-04
    1.905461e-04    1.785164e-01    3.706489e-04
    1.949845e-04    1.826833e-01    3.810331e-04
    1.995262e-04    1.869476e-01    3.916836e-04
    2.041738e-04    1.913115e-01    4.026219e-04
    2.089296e-04    1.957772e-01    4.138951e-04
    2.137962e-04    2.003473e-01    4.254284e-04
    2.187762e-04    2.050241e-01    4.373003e-04
    2.238721e-04    2.098101e-01    4.495082e-04
    2.290868e-04    2.147076e-01    4.618306e-04
    2.344229e-04    2.197197e-01    4.746776e-04
    2.398833e-04    2.248489e-01    4.878867e-04
    2.454709e-04    2.300979e-01    5.013899e-04
    2.511886e-04    2.354695e-01    5.153249e-04
    2.570396e-04    2.409666e-01    5.228995e-04
    2.630268e-04    2.465920e-01    5.295732e-04
    2.691535e-04    2.523487e-01    5.355062e-04
    2.754229e-04    2.582396e-01    5.414717e-04
    2.818383e-04    2.642679e-01    5.471369e-04
    2.884032e-04    2.704367e-01    5.524871e-04
    2.951209e-04    2.767494e-01    5.582236e-04
    3.019952e-04    2.832092e-01    5.635044e-04
    3.090295e-04    2.898196e-01    5.693687e-04
    3.162278e-04    2.965842e-01    5.748189e-04
    3.235937e-04    3.035065e-01    5.803446e-04
    3.311311e-04    3.105901e-01    5.859494e-04
    3.388442e-04    3.178389e-01    5.916795e-04
    3.467369e-04    3.252567e-01    5.975768e-04
    3.548134e-04    3.328474e-01    6.037112e-04
    3.630781e-04    3.406150e-01    6.099101e-04
    3.715352e-04    3.485637e-01    6.162320e-04
    3.801894e-04    3.566978e-01    6.226891e-04
    3.890451e-04    3.650214e-01    6.291757e-04
    3.981072e-04    3.735391e-01    6.358671e-04
    4.073803e-04    3.822553e-01    6.426876e-04
    4.168694e-04    3.911748e-01    6.496685e-04
    4.265795e-04    4.003022e-01    6.568067e-04
    4.365158e-04    4.096423e-01    6.641376e-04
    4.466836e-04    4.192002e-01    6.716452e-04
    4.570882e-04    4.289809e-01    6.793670e-04
    4.677351e-04    4.389897e-01    6.872869e-04
    4.786301e-04    4.492317e-01    6.954158e-04
    4.897788e-04    4.597125e-01    7.037359e-04
    5.011872e-04    4.704377e-01    7.122873e-04
    5.128614e-04    4.814128e-01    7.216470e-04
    5.248075e-04    4.926438e-01    7.306796e-04
    5.370318e-04    5.041367e-01    7.399821e-04
    5.495409e-04    5.158975e-01    7.498101e-04
    5.623413e-04    5.279324e-01    7.599675e-04
    5.754399e-04    5.402480e-01    7.700429e-04
    5.888437e-04    5.528506e-01    7.810481e-04
    6.025596e-04    5.657471e-01    7.917343e-04
    6.165950e-04    5.789442e-01    8.033351e-04
    6.309573e-04    5.924490e-01    8.146938e-04
    6.456542e-04    6.062686e-01    8.269498e-04
    6.606934e-04    6.204104e-01    8.394342e-04
    6.760830e-04    6.348820e-01    8.519855e-04
    6.918310e-04    6.496909e-01    8.653521e-04
    7.079458e-04    6.648451e-01    8.790871e-04
    7.244360e-04    6.803526e-01    8.932908e-04
    7.413102e-04    6.962216e-01    9.078358e-04
    7.585776e-04    7.124606e-01    9.226923e-04
    7.762471e-04    7.290783e-01    9.382387e-04
    7.943282e-04    7.460834e-01    9.543221e-04
    8.128305e-04    7.634849e-01    9.707642e-04
    8.317638e-04    7.812923e-01    9.877110e-04
    8.511380e-04    7.995148e-01    1.005184e-03
    8.709636e-04    8.181621e-01    1.023307e-03
    8.912509e-04    8.372443e-01    1.042348e-03
    9.120108e-04    8.567714e-01    1.061504e-03
    9.332543e-04    8.767538e-01    1.081874e-03
    9.549926e-04    8.972021e-01    1.102261e-03
    9.772372e-04    9.181272e-01    1.123885e-03
    1.000000e-03    9.395403e-01    1.146209e-03
    1.023293e-03    9.614527e-01    1.168593e-03
    1.047129e-03    9.838760e-01    1.192305e-03
    1.071519e-03    1.006822e+00    1.216774e-03
    1.096478e-03    1.030303e+00    1.242002e-03
    1.122018e-03    1.054332e+00    1.268049e-03
    1.148154e-03    1.078921e+00    1.294948e-03
    1.174898e-03    1.104084e+00    1.322618e-03
    1.202264e-03    1.129833e+00    1.351917e-03
    1.230269e-03    1.156183e+00    1.381461e-03
    1.258925e-03    1.183147e+00    1.412205e-03
    1.288250e-03    1.210740e+00    1.444037e-03
    1.318257e-03    1.238977e+00    1.477097e-03
    1.348963e-03    1.267872e+00    1.510732e-03
    1.380384e-03    1.297440e+00    1.545982e-03
    1.412538e-03    1.327699e+00    1.582414e-03
    1.445440e-03    1.358663e+00    1.619998e-03
    1.479108e-03    1.390349e+00    1.658777e-03
    1.513561e-03    1.422775e+00    1.698875e-03
    1.548817e-03    1.455956e+00    1.740220e-03
    1.584893e-03    1.489911e+00    1.782943e-03
    1.621810e-03    1.524659e+00    1.827009e-03
    1.659587e-03    1.560216e+00    1.873174e-03
    1.698244e-03    1.596604e+00    1.920267e-03
    1.737801e-03    1.633839e+00    1.969461e-03
    1.778279e-03    1.671944e+00    2.020281e-03
    1.819701e-03    1.710937e+00    2.072215e-03
    1.862087e-03    1.750839e+00    2.126267e-03
    1.905461e-03    1.791672e+00    2.182272e-03
    1.949845e-03    1.833458e+00    2.240054e-03
    1.995262e-03    1.876219e+00    2.300345e-03
    2.041738e-03    1.919977e+00    2.362040e-03
    2.089296e-03    1.964755e+00    2.425661e-03
    2.137962e-03    2.010578e+00    2.492116e-03
    2.187762e-03    2.057470e+00    2.560055e-03
    2.238721e-03    2.105456e+00    2.630869e-03
    2.290868e-03    2.154562e+00    2.704042e-03
    2.344229e-03    2.204813e+00    2.779599e-03
    2.398833e-03    2.256236e+00    2.857624e-03
    2.454709e-03    2.308859e+00    2.938233e-03
    2.511886e-03    2.362709e+00    3.021487e-03
    2.570396e-03    2.417816e+00    3.107510e-03
    2.630268e-03    2.474209e+00    3.196974e-03
    2.691535e-03    2.531917e+00    3.288774e-03
    2.754229e-03    2.590971e+00    3.384238e-03
    2.818383e-03    2.651404e+00    3.482830e-03
    2.884032e-03    2.713246e+00    3.584245e-03
    2.951209e-03    2.776531e+00    3.689316e-03
    3.019952e-03    2.841293e+00    3.798549e-03
    3.090295e-03    2.907566e+00    3.910773e-03
    3.162278e-03    2.975386e+00    4.026740e-03
    3.235937e-03    3.044787e+00    4.147172e-03
    3.311311e-03    3.115809e+00    4.270910e-03
    3.388442e-03    3.188487e+00    4.399401e-03
    3.467369e-03    3.262861e+00    4.532072e-03
    3.548134e-03    3.338971e+00    4.669107e-03
    3.630781e-03    3.416857e+00    4.810695e-03
    3.715352e-03    3.496561e+00    4.956948e-03
    3.801894e-03    3.578125e+00    5.108025e-03
    3.890451e-03    3.661592e+00    5.264673e-03
    3.981072e-03    3.747007e+00    5.425901e-03
    4.073803e-03    3.834415e+00    5.593015e-03
    4.092607e-03    3.852140e+00    5.627352e-03
    4.111497e-03    3.869947e+00    5.661253e-03
    4.130475e-03    3.887836e+00    5.696068e-03
    4.149540e-03    3.905808e+00    5.730401e-03
    4.168694e-03    3.923864e+00    5.765655e-03
    4.187936e-03    3.942002e+00    5.800473e-03
    4.207266e-03    3.960225e+00    5.836125e-03
    4.226686e-03    3.978532e+00    5.872049e-03
    4.246196e-03    3.996923e+00    5.907582e-03
    4.265795e-03    4.015400e+00    5.943960e-03
    4.285485e-03    4.033962e+00    5.979947e-03
    4.305266e-03    4.052609e+00    6.016784e-03
    4.325138e-03    4.071343e+00    6.053855e-03
    4.345102e-03    4.090164e+00    6.090533e-03
    4.365158e-03    4.109072e+00    6.128120e-03
    4.385307e-03    4.128067e+00    6.165988e-03
    4.405549e-03    4.147150e+00    6.203328e-03
    4.425884e-03    4.166321e+00    6.241632e-03
    4.446313e-03    4.185582e+00    6.279398e-03
    4.466836e-03    4.204931e+00    6.318378e-03
    4.487454e-03    4.224369e+00    6.357363e-03
    4.508167e-03    4.243898e+00    6.395906e-03
    4.528976e-03    4.263516e+00    6.435630e-03
    4.549881e-03    4.283226e+00    6.475408e-03
    4.570882e-03    4.303027e+00    6.515688e-03
    4.591980e-03    4.322919e+00    6.555125e-03
    4.613176e-03    4.342903e+00    6.595713e-03
    4.634469e-03    4.362980e+00    6.636559e-03
    4.655861e-03    4.383149e+00    6.677060e-03
    4.677351e-03    4.403412e+00    6.718424e-03
    4.698941e-03    4.423769e+00    6.760050e-03
    4.720630e-03    4.444219e+00    6.801332e-03
    4.742420e-03    4.464765e+00    6.843487e-03
    4.764310e-03    4.485405e+00    6.885960e-03
    4.786301e-03    4.506141e+00    6.928702e-03
    4.808393e-03    4.526973e+00    6.971050e-03
    4.830588e-03    4.547901e+00    7.014336e-03
    4.852885e-03    4.568926e+00    7.057844e-03
    4.875285e-03    4.590048e+00    7.101733e-03
    4.897788e-03    4.611267e+00    7.145227e-03
    4.920395e-03    4.632585e+00    7.189621e-03
    4.943107e-03    4.654002e+00    7.234297e-03
    4.965923e-03    4.675518e+00    7.279310e-03
    4.988845e-03    4.697133e+00    7.324567e-03
    5.011872e-03    4.718848e+00    7.369514e-03
    5.035006e-03    4.740663e+00    7.415389e-03
    5.058247e-03    4.762580e+00    7.461502e-03
    5.081594e-03    4.784598e+00    7.507908e-03
    5.105050e-03    4.806717e+00    7.554663e-03
    5.128614e-03    4.828940e+00    7.601134e-03
    5.152286e-03    4.851264e+00    7.648485e-03
    5.176068e-03    4.873692e+00    7.696137e-03
    5.199960e-03    4.896224e+00    7.744092e-03
    5.223962e-03    4.918860e+00    7.792407e-03
    5.248075e-03    4.941601e+00    7.841030e-03
    5.272299e-03    4.964447e+00    7.889317e-03
    5.296634e-03    4.987399e+00    7.938504e-03
    5.321083e-03    5.010456e+00    7.988060e-03
    5.345644e-03    5.033621e+00    8.037932e-03
    5.370318e-03    5.056892e+00    8.088065e-03
    5.395106e-03    5.080272e+00    8.138630e-03
    5.420009e-03    5.103759e+00    8.189404e-03
    5.445027e-03    5.127355e+00    8.240696e-03
    5.470160e-03    5.151060e+00    8.291552e-03
    5.495409e-03    5.174875e+00    8.343302e-03
    5.520774e-03    5.198800e+00    8.395497e-03
    5.546257e-03    5.222836e+00    8.448025e-03
    5.571857e-03    5.246983e+00    8.500830e-03
    5.597576e-03    5.271241e+00    8.553972e-03
    5.623413e-03    5.295612e+00    8.607510e-03
    5.649370e-03    5.320096e+00    8.661391e-03
    5.675446e-03    5.344692e+00    8.715615e-03
    5.701643e-03    5.369403e+00    8.770185e-03
    5.727960e-03    5.394228e+00    8.825103e-03
    5.754399e-03    5.419168e+00    8.880372e-03
    5.780960e-03    5.444223e+00    8.935993e-03
    5.807644e-03    5.469394e+00    8.992029e-03
    5.834451e-03    5.494681e+00    9.048423e-03
    5.861382e-03    5.520086e+00    9.105117e-03
    5.888437e-03    5.545608e+00    9.162173e-03
    5.915616e-03    5.571248e+00    9.219654e-03
    5.942922e-03    5.597006e+00    9.277502e-03
    5.970353e-03    5.622884e+00    9.335659e-03
    5.997911e-03    5.648882e+00    9.394309e-03
    6.025596e-03    5.674999e+00    9.453211e-03
    6.053409e-03    5.701238e+00    9.512613e-03
    6.081350e-03    5.727598e+00    9.572271e-03
    6.109420e-03    5.754080e+00    9.632434e-03
    6.137620e-03    5.780685e+00    9.692920e-03
    6.165950e-03    5.807412e+00    9.753793e-03
    6.194411e-03    5.834263e+00    9.815117e-03
    6.223003e-03    5.861239e+00    9.876833e-03
    6.251727e-03    5.888339e+00    9.938882e-03
    6.280584e-03    5.915565e+00    1.000133e-02
    6.309573e-03    5.942916e+00    1.006423e-02
    6.338697e-03    5.970394e+00    1.012755e-02
    6.367955e-03    5.998000e+00    1.019126e-02
    6.397348e-03    6.025733e+00    1.025538e-02
    6.426877e-03    6.053594e+00    1.032005e-02
    6.456542e-03    6.081584e+00    1.038545e-02
    6.486344e-03    6.109704e+00    1.045081e-02
    6.516284e-03    6.137953e+00    1.051666e-02
    6.546362e-03    6.166334e+00    1.058286e-02
    6.576578e-03    6.194846e+00    1.064949e-02
    6.606934e-03    6.223489e+00    1.071655e-02
    6.637431e-03    6.252266e+00    1.078416e-02
    6.668068e-03    6.281175e+00    1.085208e-02
    6.698846e-03    6.310218e+00    1.092102e-02
    6.729767e-03    6.339396e+00    1.098988e-02
    6.760830e-03    6.368708e+00    1.105911e-02
    6.792036e-03    6.398156e+00    1.112892e-02
    6.823387e-03    6.427741e+00    1.119904e-02
    6.854882e-03    6.457462e+00    1.127028e-02
    6.886523e-03    6.487320e+00    1.134137e-02
    6.918310e-03    6.517317e+00    1.141292e-02
    6.950243e-03    6.547453e+00    1.148500e-02
    6.982324e-03    6.577728e+00    1.155747e-02
    7.014553e-03    6.608143e+00    1.163122e-02
    7.046931e-03    6.638699e+00    1.170441e-02
    7.079458e-03    6.669397e+00    1.177835e-02
    7.112135e-03    6.700236e+00    1.185270e-02
    7.144963e-03    6.731218e+00    1.192753e-02
    7.177943e-03    6.762343e+00    1.200344e-02
    7.211075e-03    6.793613e+00    1.207931e-02
    7.244360e-03    6.825027e+00    1.215565e-02
    7.277798e-03    6.856586e+00    1.223249e-02
    7.311391e-03    6.888292e+00    1.231036e-02
    7.345139e-03    6.920144e+00    1.238819e-02
    7.379042e-03    6.952144e+00    1.246653e-02
    7.413102e-03    6.984291e+00    1.254635e-02
    7.447320e-03    7.016588e+00    1.262524e-02
    7.481695e-03    7.049034e+00    1.270509e-02
    7.516229e-03    7.081630e+00    1.278560e-02
    7.550922e-03    7.114376e+00    1.286695e-02
    7.585776e-03    7.147275e+00    1.294842e-02
    7.620790e-03    7.180325e+00    1.303035e-02
    7.655966e-03    7.213529e+00    1.311334e-02
    7.691304e-03    7.246886e+00    1.319647e-02
    7.726806e-03    7.280398e+00    1.327999e-02
    7.762471e-03    7.314064e+00    1.336459e-02
    7.798301e-03    7.347886e+00    1.344933e-02
    7.834296e-03    7.381865e+00    1.353448e-02
    7.870458e-03    7.416001e+00    1.362071e-02
    7.906786e-03    7.450296e+00    1.370710e-02
    7.943282e-03    7.484748e+00    1.379464e-02
    7.979947e-03    7.519360e+00    1.388195e-02
    8.016781e-03    7.554133e+00    1.396988e-02
    8.053784e-03    7.589066e+00    1.405898e-02
    8.090959e-03    7.624161e+00    1.414812e-02
    8.128305e-03    7.659418e+00    1.423785e-02
    8.165824e-03    7.694839e+00    1.432866e-02
    8.203515e-03    7.730423e+00    1.441961e-02
    8.241381e-03    7.766172e+00    1.451154e-02
    8.279422e-03    7.802087e+00    1.460366e-02
    8.317638e-03    7.838168e+00    1.469692e-02
    8.356030e-03    7.874415e+00    1.479016e-02
    8.394600e-03    7.910831e+00    1.488461e-02
    8.433348e-03    7.947415e+00    1.497907e-02
    8.472274e-03    7.984168e+00    1.507421e-02
    8.511380e-03    8.021091e+00    1.517035e-02
    8.550667e-03    8.058186e+00    1.526679e-02
    8.590135e-03    8.095452e+00    1.536425e-02
    8.629785e-03    8.132890e+00    1.546186e-02
    8.669619e-03    8.170502e+00    1.556058e-02
    8.709636e-03    8.208287e+00    1.565954e-02
    8.749838e-03    8.246248e+00    1.575945e-02
    8.790225e-03    8.284384e+00    1.585969e-02
    8.830799e-03    8.322697e+00    1.596097e-02
    8.871560e-03    8.361187e+00    1.606243e-02
    8.912509e-03    8.399855e+00    1.616510e-02
    8.953648e-03    8.438702e+00    1.626788e-02
    8.994976e-03    8.477729e+00    1.637187e-02
    9.036495e-03    8.516937e+00    1.647637e-02
    9.078205e-03    8.556326e+00    1.658132e-02
    9.120108e-03    8.595897e+00    1.668725e-02
    9.162205e-03    8.635651e+00    1.679349e-02
    9.204496e-03    8.675590e+00    1.690087e-02
    9.246982e-03    8.715713e+00    1.700841e-02
    9.289664e-03    8.756022e+00    1.711718e-02
    9.332543e-03    8.796518e+00    1.722649e-02
    9.375620e-03    8.837201e+00    1.733629e-02
    9.418896e-03    8.878072e+00    1.744718e-02
    9.462372e-03    8.919133e+00    1.755841e-02
    9.506048e-03    8.960383e+00    1.767065e-02
    9.549926e-03    9.001824e+00    1.778345e-02
    9.594006e-03    9.043458e+00    1.789703e-02
    9.638290e-03    9.085283e+00    1.801154e-02
    9.682779e-03    9.127303e+00    1.812596e-02
    9.727472e-03    9.169517e+00    1.824234e-02
    9.772372e-03    9.211926e+00    1.835901e-02
    9.817479e-03    9.254532e+00    1.847615e-02
    9.862795e-03    9.297335e+00    1.859441e-02
    9.908319e-03    9.340336e+00    1.871340e-02
    9.954054e-03    9.383536e+00    1.883283e-02
    1.000000e-02    9.426936e+00    1.895341e-02
    1.004616e-02    9.470537e+00    1.907476e-02
    1.009253e-02    9.514340e+00    1.919671e-02
    1.013911e-02    9.558345e+00    1.931947e-02
    1.018591e-02    9.602554e+00    1.944320e-02
    1.023293e-02    9.646968e+00    1.956773e-02
    1.028016e-02    9.691587e+00    1.969271e-02
    1.032761e-02    9.736413e+00    1.981886e-02
    1.037528e-02    9.781446e+00    1.994583e-02
    1.042317e-02    9.826688e+00    2.007362e-02
    1.047129e-02    9.872140e+00    2.020193e-02
    1.051962e-02    9.917801e+00    2.033139e-02
    1.056818e-02    9.963674e+00    2.046168e-02
    1.061696e-02    1.000976e+01    2.059287e-02
    1.066596e-02    1.005606e+01    2.072456e-02
    1.071519e-02    1.010257e+01    2.085741e-02
    1.076465e-02    1.014930e+01    2.099117e-02
    1.081434e-02    1.019624e+01    2.112575e-02
    1.086426e-02    1.024341e+01    2.126104e-02
    1.091440e-02    1.029079e+01    2.139731e-02
    1.096478e-02    1.033839e+01    2.153458e-02
    1.101539e-02    1.038621e+01    2.167275e-02
    1.106624e-02    1.043425e+01    2.181177e-02
    1.111732e-02    1.048251e+01    2.195169e-02
    1.116863e-02    1.053100e+01    2.209234e-02
    1.122018e-02    1.057971e+01    2.223414e-02
    1.127197e-02    1.062865e+01    2.237687e-02
    1.132400e-02    1.067781e+01    2.252052e-02
    1.137627e-02    1.072720e+01    2.266507e-02
    1.142878e-02    1.077682e+01    2.281065e-02
    1.148154e-02    1.082667e+01    2.295709e-02
    1.153453e-02    1.087675e+01    2.310437e-02
    1.158777e-02    1.092706e+01    2.325273e-02
    1.164126e-02    1.097761e+01    2.340215e-02
    1.169499e-02    1.102839e+01    2.355250e-02
    1.174898e-02    1.107940e+01    2.370384e-02
    1.180321e-02    1.113065e+01    2.385621e-02
    1.185769e-02    1.118214e+01    2.400949e-02
    1.191242e-02    1.123387e+01    2.416386e-02
    1.196741e-02    1.128583e+01    2.431925e-02
    1.202264e-02    1.133804e+01    2.447555e-02
    1.207814e-02    1.139048e+01    2.463298e-02
    1.213389e-02    1.144318e+01    2.479210e-02
    1.218990e-02    1.149611e+01    2.495018e-02
    1.224616e-02    1.154929e+01    2.511130e-02
    1.230269e-02    1.160272e+01    2.527285e-02
    1.235947e-02    1.165639e+01    2.543551e-02
    1.241652e-02    1.171031e+01    2.559920e-02
    1.247384e-02    1.176448e+01    2.576400e-02
    1.253141e-02    1.181890e+01    2.592989e-02
    1.258925e-02    1.187358e+01    2.609687e-02
    1.264736e-02    1.192851e+01    2.626495e-02
    1.270574e-02    1.198369e+01    2.643413e-02
    1.276439e-02    1.203912e+01    2.660443e-02
    1.282331e-02    1.209482e+01    2.677586e-02
    1.288250e-02    1.215077e+01    2.694841e-02
    1.294196e-02    1.220698e+01    2.712210e-02
    1.300170e-02    1.226345e+01    2.729713e-02
    1.306171e-02    1.232018e+01    2.747293e-02
    1.312200e-02    1.237718e+01    2.765095e-02
    1.318257e-02    1.243444e+01    2.782848e-02
    1.324342e-02    1.249196e+01    2.800803e-02
    1.330454e-02    1.254975e+01    2.818871e-02
    1.336596e-02    1.260781e+01    2.837060e-02
    1.342765e-02    1.266614e+01    2.855368e-02
    1.348963e-02    1.272473e+01    2.873803e-02
    1.355189e-02    1.278360e+01    2.892360e-02
    1.361445e-02    1.284274e+01    2.911035e-02
    1.367729e-02    1.290216e+01    2.929834e-02
    1.374042e-02    1.296185e+01    2.948763e-02
    1.380384e-02    1.302181e+01    2.967867e-02
    1.386756e-02    1.308206e+01    2.986992e-02
    1.393157e-02    1.314258e+01    3.006300e-02
    1.399587e-02    1.320338e+01    3.025737e-02
    1.406048e-02    1.326447e+01    3.045298e-02
    1.412538e-02    1.332583e+01    3.064999e-02
    1.419058e-02    1.338749e+01    3.084822e-02
    1.425608e-02    1.344942e+01    3.104772e-02
    1.432188e-02    1.351165e+01    3.124870e-02
    1.438799e-02    1.357416e+01    3.145097e-02
    1.445440e-02    1.363696e+01    3.165458e-02
    1.452112e-02    1.370005e+01    3.185956e-02
    1.458814e-02    1.376344e+01    3.206591e-02
    1.465548e-02    1.382712e+01    3.227357e-02
    1.472313e-02    1.389109e+01    3.248268e-02
    1.479108e-02    1.395536e+01    3.269320e-02
    1.485936e-02    1.401993e+01    3.290513e-02
    1.492794e-02    1.408479e+01    3.311763e-02
    1.499685e-02    1.414996e+01    3.333316e-02
    1.506607e-02    1.421543e+01    3.354944e-02
    1.513561e-02    1.428120e+01    3.376711e-02
    1.520548e-02    1.434727e+01    3.398625e-02
    1.527566e-02    1.441365e+01    3.420674e-02
    1.534617e-02    1.448034e+01    3.442883e-02
    1.541700e-02    1.454734e+01    3.465247e-02
    1.548817e-02    1.461465e+01    3.487763e-02
    1.555966e-02    1.468227e+01    3.510405e-02
    1.563148e-02    1.475020e+01    3.533224e-02
    1.570363e-02    1.481845e+01    3.556198e-02
    1.577611e-02    1.488702e+01    3.579300e-02
    1.584893e-02    1.495590e+01    3.602586e-02
    1.592209e-02    1.502510e+01    3.626029e-02
    1.599558e-02    1.509462e+01    3.649682e-02
    1.606941e-02    1.516446e+01    3.673362e-02
    1.614359e-02    1.523463e+01    3.697285e-02
    1.621810e-02    1.530512e+01    3.721370e-02
    1.629296e-02    1.537594e+01    3.745587e-02
    1.636817e-02    1.544709e+01    3.770001e-02
    1.644372e-02    1.551856e+01    3.794611e-02
    1.651962e-02    1.559037e+01    3.819293e-02
    1.659587e-02    1.566251e+01    3.844208e-02
    1.667247e-02    1.573498e+01    3.869217e-02
    1.674943e-02    1.580779e+01    3.894519e-02
    1.682674e-02    1.588094e+01    3.919953e-02
    1.690441e-02    1.595442e+01    3.945517e-02
    1.698244e-02    1.602825e+01    3.971295e-02
    1.706082e-02    1.610242e+01    3.997249e-02
    1.713957e-02    1.617693e+01    4.023346e-02
    1.721869e-02    1.625178e+01    4.049657e-02
    1.729816e-02    1.632699e+01    4.076111e-02
    1.737801e-02    1.640254e+01    4.102785e-02
    1.745822e-02    1.647844e+01    4.129642e-02
    1.753881e-02    1.655469e+01    4.156644e-02
    1.761976e-02    1.663130e+01    4.183877e-02
    1.770109e-02    1.670826e+01    4.211246e-02
    1.778279e-02    1.678558e+01    4.238850e-02
    1.786488e-02    1.686325e+01    4.266603e-02
    1.794734e-02    1.694129e+01    4.294595e-02
    1.803018e-02    1.701968e+01    4.322796e-02
    1.811340e-02    1.709844e+01    4.351101e-02
    1.819701e-02    1.717757e+01    4.379678e-02
    1.828100e-02    1.725706e+01    4.408402e-02
    1.836538e-02    1.733692e+01    4.437372e-02
    1.845015e-02    1.741715e+01    4.466494e-02
    1.853532e-02    1.749775e+01    4.495874e-02
    1.862087e-02    1.757873e+01    4.525397e-02
    1.870682e-02    1.766008e+01    4.555187e-02
    1.879317e-02    1.774180e+01    4.585127e-02
    1.887991e-02    1.782391e+01    4.615329e-02
    1.896706e-02    1.790639e+01    4.645682e-02
    1.905461e-02    1.798926e+01    4.676319e-02
    1.914256e-02    1.807251e+01    4.707097e-02
    1.923092e-02    1.815615e+01    4.738159e-02
    1.931968e-02    1.824018e+01    4.769375e-02
    1.940886e-02    1.832459e+01    4.800870e-02
    1.949845e-02    1.840940e+01    4.832524e-02
    1.958845e-02    1.849460e+01    4.864469e-02
    1.967886e-02    1.858019e+01    4.896565e-02
    1.976970e-02    1.866618e+01    4.928857e-02
    1.986095e-02    1.875257e+01    4.961517e-02
    1.995262e-02    1.883936e+01    4.994296e-02
    2.004472e-02    1.892655e+01    5.027390e-02
    2.013724e-02    1.901414e+01    5.060634e-02
    2.023019e-02    1.910214e+01    5.094198e-02
    2.032357e-02    1.919055e+01    5.127915e-02
    2.041738e-02    1.927937e+01    5.161958e-02
    2.051162e-02    1.936860e+01    5.196155e-02
    2.060630e-02    1.945824e+01    5.230594e-02
    2.070141e-02    1.954830e+01    5.265370e-02
    2.079697e-02    1.963877e+01    5.300303e-02
    2.089296e-02    1.972967e+01    5.335578e-02
    2.098940e-02    1.982098e+01    5.371011e-02
    2.108628e-02    1.991272e+01    5.406697e-02
    2.118361e-02    2.000489e+01    5.442736e-02
    2.128139e-02    2.009748e+01    5.478935e-02
    2.137962e-02    2.019050e+01    5.515495e-02
    2.147830e-02    2.028395e+01    5.552216e-02
    2.157744e-02    2.037784e+01    5.589202e-02
    2.167704e-02    2.047216e+01    5.626558e-02
    2.177710e-02    2.056691e+01    5.664079e-02
    2.187762e-02    2.066211e+01    5.701876e-02
    2.197860e-02    2.075774e+01    5.740050e-02
    2.208005e-02    2.085382e+01    5.778391e-02
    2.218196e-02    2.095035e+01    5.817122e-02
    2.228435e-02    2.104732e+01    5.856027e-02
    2.238721e-02    2.114474e+01    5.895210e-02
    2.249055e-02    2.124262e+01    5.934794e-02
    2.259436e-02    2.134095e+01    5.974551e-02
    2.269865e-02    2.143973e+01    6.014598e-02
    2.280342e-02    2.153897e+01    6.055057e-02
    2.290868e-02    2.163867e+01    6.095693e-02
    2.301442e-02    2.173883e+01    6.136631e-02
    2.312065e-02    2.183946e+01    6.177994e-02
    2.322737e-02    2.194055e+01    6.219532e-02
    2.333458e-02    2.204212e+01    6.261375e-02
    2.344229e-02    2.214415e+01    6.303656e-02
    2.355049e-02    2.224666e+01    6.346121e-02
    2.365920e-02    2.234964e+01    6.388899e-02
    2.376840e-02    2.245309e+01    6.432132e-02
    2.387811e-02    2.255703e+01    6.475551e-02
    2.398833e-02    2.266145e+01    6.519289e-02
    2.409905e-02    2.276636e+01    6.563491e-02
    2.421029e-02    2.287175e+01    6.607884e-02
    2.432204e-02    2.297762e+01    6.652607e-02
    2.443431e-02    2.308399e+01    6.697817e-02
    2.454709e-02    2.319086e+01    6.743214e-02
    2.466039e-02    2.329821e+01    6.788950e-02
    2.477422e-02    2.340607e+01    6.834975e-02
    2.488857e-02    2.351442e+01    6.881611e-02
    2.500345e-02    2.362328e+01    6.928389e-02
    2.511886e-02    2.373264e+01    6.975523e-02
    2.523481e-02    2.384251e+01    7.023165e-02
    2.535129e-02    2.395289e+01    7.071013e-02
    2.546830e-02    2.406378e+01    7.119223e-02
    2.558586e-02    2.417519e+01    7.167968e-02
    2.570396e-02    2.428711e+01    7.216915e-02
    2.582260e-02    2.439955e+01    7.266235e-02
    2.594179e-02    2.451251e+01    7.316106e-02
    2.606154e-02    2.462599e+01    7.366184e-02
    2.618183e-02    2.474000e+01    7.416646e-02
    2.630268e-02    2.485454e+01    7.467674e-02
    2.642409e-02    2.496961e+01    7.518916e-02
    2.654606e-02    2.508522e+01    7.570551e-02
    2.666859e-02    2.520136e+01    7.622771e-02
    2.679168e-02    2.531804e+01    7.675209e-02
    2.691535e-02    2.543526e+01    7.728052e-02
    2.703958e-02    2.555302e+01    7.781497e-02
    2.716439e-02    2.567133e+01    7.835166e-02
    2.728978e-02    2.579019e+01    7.889252e-02
    2.741574e-02    2.590960e+01    7.943957e-02
    2.754229e-02    2.602956e+01    7.998894e-02
    2.766942e-02    2.615008e+01    8.054259e-02
    2.779713e-02    2.627116e+01    8.110273e-02
    2.792544e-02    2.639280e+01    8.166505e-02
    2.805434e-02    2.651500e+01    8.223191e-02
    2.818383e-02    2.663777e+01    8.280529e-02
    2.831392e-02    2.676111e+01    8.338113e-02
    2.844461e-02    2.688502e+01    8.396152e-02
    2.857591e-02    2.700951e+01    8.454866e-02
    2.870781e-02    2.713457e+01    8.513832e-02
    2.884032e-02    2.726022e+01    8.573270e-02
    2.897344e-02    2.738644e+01    8.633403e-02
    2.910717e-02    2.751325e+01    8.693794e-02
    2.924152e-02    2.764066e+01    8.754660e-02
    2.937650e-02    2.776865e+01    8.816258e-02
    2.951209e-02    2.789723e+01    8.878119e-02
    2.964831e-02    2.802641e+01    8.940709e-02
    2.978516e-02    2.815619e+01    9.003572e-02
    2.992265e-02    2.828657e+01    9.067193e-02
    3.006076e-02    2.841756e+01    9.131070e-02
    3.019952e-02    2.854916e+01    9.195477e-02
    3.033891e-02    2.868136e+01    9.260649e-02
    3.047895e-02    2.881418e+01    9.326114e-02
    3.061963e-02    2.894761e+01    9.392359e-02
    3.076097e-02    2.908167e+01    9.458900e-02
    3.090295e-02    2.921634e+01    9.526241e-02
    3.104560e-02    2.935164e+01    9.593882e-02
    3.118890e-02    2.948757e+01    9.662082e-02
    3.133286e-02    2.962413e+01    9.731103e-02
    3.147748e-02    2.976132e+01    9.800434e-02
    3.162278e-02    2.989915e+01    9.870611e-02
    3.176874e-02    3.003762e+01    9.941105e-02
    3.191538e-02    3.017673e+01    1.001245e-01
    3.206269e-02    3.031649e+01    1.008440e-01
    3.221069e-02    3.045689e+01    1.015668e-01
    3.235937e-02    3.059795e+01    1.022984e-01
    3.250873e-02    3.073966e+01    1.030334e-01
    3.265878e-02    3.088202e+01    1.037774e-01
    3.280953e-02    3.102505e+01    1.045249e-01
    3.296097e-02    3.116874e+01    1.052815e-01
    3.311311e-02    3.131310e+01    1.060446e-01
    3.326596e-02    3.145813e+01    1.068113e-01
    3.341950e-02    3.160384e+01    1.075875e-01
    3.357376e-02    3.175021e+01    1.083702e-01
    3.372873e-02    3.189727e+01    1.091568e-01
    3.388442e-02    3.204501e+01    1.099531e-01
    3.404082e-02    3.219344e+01    1.107563e-01
    3.419794e-02    3.234255e+01    1.115634e-01
    3.435579e-02    3.249236e+01    1.123805e-01
    3.451437e-02    3.264286e+01    1.132047e-01
    3.467369e-02    3.279406e+01    1.140360e-01
    3.483373e-02    3.294596e+01    1.148716e-01
    3.499452e-02    3.309857e+01    1.157175e-01
    3.515604e-02    3.325189e+01    1.165708e-01
    3.531832e-02    3.340592e+01    1.174316e-01
    3.548134e-02    3.356066e+01    1.183000e-01
    3.564511e-02    3.371612e+01    1.191729e-01
    3.580964e-02    3.387230e+01    1.200567e-01
    3.597493e-02    3.402921e+01    1.209483e-01
    3.614099e-02    3.418685e+01    1.218478e-01
    3.630781e-02    3.434521e+01    1.227554e-01
    3.647539e-02    3.450432e+01    1.236710e-01
    3.664376e-02    3.466416e+01    1.245948e-01
    3.681290e-02    3.482474e+01    1.255269e-01
    3.698282e-02    3.498607e+01    1.264674e-01
    3.715352e-02    3.514815e+01    1.274164e-01
    3.732502e-02    3.531098e+01    1.283740e-01
    3.749730e-02    3.547457e+01    1.293402e-01
    3.767038e-02    3.563892e+01    1.303151e-01
    3.784426e-02    3.580403e+01    1.312989e-01
    3.801894e-02    3.596991e+01    1.322952e-01
    3.819443e-02    3.613656e+01    1.332970e-01
    3.837072e-02    3.630398e+01    1.343081e-01
    3.854784e-02    3.647218e+01    1.353285e-01
    3.872576e-02    3.664116e+01    1.363617e-01
    3.890451e-02    3.681092e+01    1.374009e-01
    3.908409e-02    3.698148e+01    1.384498e-01
    3.926449e-02    3.715282e+01    1.395084e-01
    3.944573e-02    3.732497e+01    1.405803e-01
    3.962780e-02    3.749791e+01    1.416587e-01
    3.981072e-02    3.767165e+01    1.427507e-01
    3.999447e-02    3.784620e+01    1.438494e-01
    4.017908e-02    3.802157e+01    1.449619e-01
    4.036454e-02    3.819775e+01    1.460813e-01
    4.055085e-02    3.837474e+01    1.472148e-01
    4.073803e-02    3.855256e+01    1.483555e-01
    4.092607e-02    3.873121e+01    1.495105e-01
    4.111497e-02    3.891068e+01    1.506765e-01
    4.130475e-02    3.909099e+01    1.518501e-01
    4.149540e-02    3.927214e+01    1.530383e-01
    4.582369e-02    4.338946e+01    1.572871e-01
    4.691498e-02    4.442660e+01    1.634573e-01
    4.803255e-02    4.548887e+01    1.699395e-01
    4.917706e-02    4.657689e+01    1.767539e-01
    5.034915e-02    4.769131e+01    1.839228e-01
    5.154948e-02    4.883276e+01    1.914695e-01
    5.277876e-02    5.000189e+01    1.994198e-01
    5.403766e-02    5.119941e+01    2.078005e-01
    5.532690e-02    5.242600e+01    2.166414e-01
    5.664722e-02    5.368238e+01    2.259739e-01
    5.799937e-02    5.496927e+01    2.358319e-01
    5.938412e-02    5.628743e+01    2.462520e-01
    6.080225e-02    5.763761e+01    2.572734e-01
    6.225456e-02    5.902062e+01    2.689382e-01
    6.374188e-02    6.043724e+01    2.812919e-01
    6.526503e-02    6.188832e+01    2.943830e-01
    6.682491e-02    6.337468e+01    3.082639e-01
    6.842236e-02    6.489721e+01    3.229911e-01
    7.005831e-02    6.645677e+01    3.386249e-01
    7.173366e-02    6.805429e+01    3.552304e-01
    7.344936e-02    6.969069e+01    3.728775e-01
    7.520638e-02    7.136694e+01    3.916413e-01
    7.700569e-02    7.308400e+01    4.116021e-01
    7.884831e-02    7.484287e+01    4.328469e-01
    8.073526e-02    7.664460e+01    4.554683e-01
    8.266761e-02    7.849022e+01    4.795665e-01
    8.464642e-02    8.038083e+01    5.052487e-01
    8.667281e-02    8.231752e+01    5.326299e-01
    8.874788e-02    8.430142e+01    5.618336e-01
    9.087281e-02    8.633369e+01    5.929926e-01
    9.304876e-02    8.841555e+01    6.262491e-01
    9.527693e-02    9.054819e+01    6.617559e-01
    9.755856e-02    9.273287e+01    6.996766e-01
    9.989491e-02    9.497088e+01    7.401869e-01
    1.022872e-01    9.726354e+01    7.834752e-01
    1.047369e-01    9.961218e+01    8.297435e-01
    1.072452e-01    1.020182e+02    8.792082e-01
    1.085217e-01    1.032432e+02    9.052111e-01
    1.098136e-01    1.044830e+02    9.321014e-01
    1.111209e-01    1.057381e+02    9.599009e-01
    1.124497e-01    1.070144e+02    9.883717e-01
    1.137985e-01    1.083099e+02    1.017643e+00
    1.151660e-01    1.096238e+02    1.047816e+00
    1.165520e-01    1.109559e+02    1.078952e+00
    1.179562e-01    1.123060e+02    1.111106e+00
    1.193789e-01    1.136741e+02    1.144331e+00
    1.208200e-01    1.150603e+02    1.178675e+00
    1.222795e-01    1.164648e+02    1.214190e+00
    1.237577e-01    1.178875e+02    1.250924e+00
    1.252545e-01    1.193287e+02    1.288929e+00
    1.267703e-01    1.207886e+02    1.328258e+00
    1.283051e-01    1.222673e+02    1.368963e+00
    1.298591e-01    1.237651e+02    1.411100e+00
    1.314325e-01    1.252820e+02    1.454726e+00
    1.330254e-01    1.268183e+02    1.499898e+00
    1.346382e-01    1.283742e+02    1.546677e+00
    1.362708e-01    1.299499e+02    1.595124e+00
    1.379236e-01    1.315456e+02    1.645304e+00
    1.395967e-01    1.331617e+02    1.697283e+00
    1.412903e-01    1.347982e+02    1.751127e+00
    1.430048e-01    1.364554e+02    1.806910e+00
    1.447401e-01    1.381336e+02    1.864701e+00
    1.464966e-01    1.398329e+02    1.924577e+00
    1.482746e-01    1.415538e+02    1.986617e+00
    1.500743e-01    1.432963e+02    2.050899e+00
    1.518956e-01    1.450607e+02    2.117508e+00
    1.537392e-01    1.468474e+02    2.186528e+00
    1.556050e-01    1.486566e+02    2.258049e+00
    1.574933e-01    1.504884e+02    2.332162e+00
    1.594046e-01    1.523434e+02    2.408961e+00
    1.613387e-01    1.542217e+02    2.488546e+00
    1.632962e-01    1.561235e+02    2.571017e+00
    1.652773e-01    1.580492e+02    2.656480e+00
    1.672821e-01    1.599991e+02    2.745041e+00
    1.693109e-01    1.619734e+02    2.836814e+00
    1.713640e-01    1.639725e+02    2.931915e+00
    1.734417e-01    1.659968e+02    3.030460e+00
    1.755443e-01    1.680464e+02    3.132576e+00
    1.776718e-01    1.701217e+02    3.238390e+00
    1.798248e-01    1.722230e+02    3.348033e+00
    1.820034e-01    1.743508e+02    3.461641e+00
    1.842078e-01    1.765052e+02    3.579357e+00
    1.864385e-01    1.786866e+02    3.701325e+00
    1.886956e-01    1.808955e+02    3.827696e+00
    1.909794e-01    1.831320e+02    3.958626e+00
    1.932903e-01    1.853967e+02    4.094275e+00
    1.956286e-01    1.876897e+02    4.234808e+00
    1.979944e-01    1.900117e+02    4.380398e+00
    2.003882e-01    1.923628e+02    4.531222e+00
    2.028102e-01    1.947435e+02    4.687463e+00
    2.052607e-01    1.971541e+02    4.849308e+00
    2.077400e-01    1.995952e+02    5.016956e+00
    2.102486e-01    2.020670e+02    5.190606e+00
    2.127865e-01    2.045698e+02    5.370467e+00
    2.153542e-01    2.071044e+02    5.556753e+00
    2.179520e-01    2.096709e+02    5.749688e+00
    2.205802e-01    2.122698e+02    5.949500e+00
    2.232392e-01    2.149016e+02    6.156429e+00
    2.259293e-01    2.175666e+02    6.370716e+00
    2.286508e-01    2.202653e+02    6.592614e+00
    2.314040e-01    2.229984e+02    6.822386e+00
    2.341893e-01    2.257661e+02    7.060300e+00
    2.370071e-01    2.285689e+02    7.306634e+00
    2.398576e-01    2.314073e+02    7.561677e+00
    2.427412e-01    2.342818e+02    7.825723e+00
    2.456584e-01    2.371930e+02    8.099079e+00
    2.486095e-01    2.401414e+02    8.382062e+00
    2.515947e-01    2.431273e+02    8.674996e+00
    2.546145e-01    2.461515e+02    8.978219e+00
    2.576693e-01    2.492143e+02    9.292078e+00
    2.607595e-01    2.523164e+02    9.616933e+00
    2.638853e-01    2.554583e+02    9.953151e+00
    2.670473e-01    2.586406e+02    1.030112e+01
    2.702457e-01    2.618639e+02    1.066123e+01
    2.734810e-01    2.651288e+02    1.103388e+01
    2.767536e-01    2.684357e+02    1.141951e+01
    2.800639e-01    2.717855e+02    1.181853e+01
    2.834123e-01    2.751786e+02    1.223140e+01
    2.867990e-01    2.786157e+02    1.265859e+01
    2.902248e-01    2.820975e+02    1.310056e+01
    2.936899e-01    2.856248e+02    1.355781e+01
    2.971947e-01    2.891979e+02    1.403084e+01
    3.007398e-01    2.928178e+02    1.452019e+01
    3.043253e-01    2.964850e+02    1.502638e+01
    3.079520e-01    3.002004e+02    1.554997e+01
    3.116201e-01    3.039647e+02    1.609155e+01
    3.153303e-01    3.077786e+02    1.665170e+01
    3.190828e-01    3.116428e+02    1.723102e+01
    3.228781e-01    3.155580e+02    1.783016e+01
    3.267168e-01    3.195254e+02    1.844978e+01
    3.305992e-01    3.235453e+02    1.909053e+01
    3.345258e-01    3.276188e+02    1.975310e+01
    3.384972e-01    3.317467e+02    2.043823e+01
    3.425138e-01    3.359300e+02    2.114663e+01
    3.465762e-01    3.401693e+02    2.187908e+01
    3.506846e-01    3.444657e+02    2.263636e+01
    3.548399e-01    3.488201e+02    2.341926e+01
    3.590423e-01    3.532333e+02    2.422865e+01
    3.632924e-01    3.577065e+02    2.506536e+01
    3.675908e-01    3.622403e+02    2.593030e+01
    3.719380e-01    3.668362e+02    2.682438e+01
    3.763344e-01    3.714948e+02    2.774854e+01
    3.807808e-01    3.762173e+02    2.870375e+01
    3.852774e-01    3.810048e+02    2.969103e+01
    3.898250e-01    3.858584e+02    3.071141e+01
    3.944240e-01    3.907792e+02    3.176596e+01
    3.990752e-01    3.957683e+02    3.285578e+01
    4.037790e-01    4.008269e+02    3.398203e+01
    4.085359e-01    4.059563e+02    3.514585e+01
    4.133467e-01    4.111576e+02    3.634849e+01
    4.182118e-01    4.164321e+02    3.759116e+01
    4.231320e-01    4.217811e+02    3.887518e+01
    4.281077e-01    4.272058e+02    4.020187e+01
    4.331397e-01    4.327076e+02    4.157261e+01
    4.382285e-01    4.382880e+02    4.298880e+01
    4.433747e-01    4.439483e+02    4.445191e+01
    4.485791e-01    4.496901e+02    4.596344e+01
    4.538422e-01    4.555146e+02    4.752495e+01
    4.591648e-01    4.614235e+02    4.913804e+01
    4.645474e-01    4.674184e+02    5.080437e+01
    4.699909e-01    4.735008e+02    5.252564e+01
    4.754958e-01    4.796723e+02    5.430362e+01
    4.810628e-01    4.859347e+02    5.614012e+01
    4.866927e-01    4.922896e+02    5.803700e+01
    4.923862e-01    4.987389e+02    5.999621e+01
    4.981439e-01    5.052843e+02    6.201976e+01
    5.039668e-01    5.119277e+02    6.410967e+01
    5.098554e-01    5.186709e+02    6.626811e+01
    5.158105e-01    5.255159e+02    6.849724e+01
    5.218330e-01    5.324647e+02    7.079932e+01
    5.279235e-01    5.395195e+02    7.317671e+01
    5.340830e-01    5.466823e+02    7.563181e+01
    5.403121e-01    5.539551e+02    7.816711e+01
    5.466117e-01    5.613403e+02    8.078517e+01
    5.529827e-01    5.688402e+02    8.348864e+01
    5.594258e-01    5.764570e+02    8.628026e+01
    5.659420e-01    5.841933e+02    8.916286e+01
    5.725321e-01    5.920513e+02    9.213935e+01
    5.791970e-01    6.000338e+02    9.521274e+01
    5.859375e-01    6.081432e+02    9.838613e+01
    5.927547e-01    6.163823e+02    1.016628e+02
    5.996494e-01    6.247539e+02    1.050459e+02
    6.066226e-01    6.332607e+02    1.085390e+02
    6.136752e-01    6.419057e+02    1.121456e+02
    6.208081e-01    6.506917e+02    1.158693e+02
    6.280225e-01    6.596221e+02    1.197139e+02
    6.353192e-01    6.686998e+02    1.236833e+02
    6.426994e-01    6.779281e+02    1.277817e+02
    6.501642e-01    6.873105e+02    1.320129e+02
    6.577143e-01    6.968503e+02    1.363814e+02
    6.653512e-01    7.065511e+02    1.408916e+02
    6.730757e-01    7.164165e+02    1.455482e+02
    6.808890e-01    7.264502e+02    1.503556e+02
    6.887924e-01    7.366564e+02    1.553191e+02
    6.967869e-01    7.470386e+02    1.604436e+02
    7.048738e-01    7.576013e+02    1.657343e+02
    7.130541e-01    7.683484e+02    1.711966e+02
    7.213293e-01    7.792845e+02    1.768362e+02
    7.297004e-01    7.904141e+02    1.826588e+02
    7.381690e-01    8.017417e+02    1.886704e+02
    7.467362e-01    8.132720e+02    1.948770e+02
    7.554032e-01    8.250102e+02    2.012854e+02
    7.641716e-01    8.369611e+02    2.079019e+02
    7.730427e-01    8.491301e+02    2.147335e+02
    7.820180e-01    8.615225e+02    2.217871e+02
    7.910987e-01    8.741439e+02    2.290703e+02
    8.002866e-01    8.870000e+02    2.365904e+02
    8.095830e-01    9.000968e+02    2.443555e+02
    8.189895e-01    9.134404e+02    2.523737e+02
    8.285078e-01    9.270371e+02    2.606533e+02
    8.381393e-01    9.408936e+02    2.692031e+02
    8.478858e-01    9.550164e+02    2.780321e+02
    8.577489e-01    9.694126e+02    2.871496e+02
    8.677303e-01    9.840893e+02    2.965656e+02
    8.778319e-01    9.990542e+02    3.062897e+02
    8.880555e-01    1.014315e+03    3.163326e+02
    8.984028e-01    1.029879e+03    3.267050e+02
    9.088759e-01    1.045755e+03    3.374181e+02
    9.194766e-01    1.061952e+03    3.484835e+02
    9.302069e-01    1.078478e+03    3.599133e+02
    9.410689e-01    1.095343e+03    3.717198e+02
    9.520647e-01    1.112555e+03    3.839162e+02
    9.631964e-01    1.130125e+03    3.965156e+02
    9.744662e-01    1.148063e+03    4.095323e+02
    9.858763e-01    1.166379e+03    4.229805e+02
    9.974293e-01    1.185084e+03    4.368755e+02
    1.009127e+00    1.204191e+03    4.512327e+02
    1.020973e+00    1.223710e+03    4.660683e+02
    1.032969e+00    1.243653e+03    4.813993e+02
    1.045117e+00    1.264033e+03    4.972432e+02
    1.057421e+00    1.284863e+03    5.136180e+02
    1.069883e+00    1.306157e+03    5.305429e+02
    1.082505e+00    1.327930e+03    5.480375e+02
    1.095292e+00    1.350195e+03    5.661222e+02
    1.108245e+00    1.372968e+03    5.848184e+02
    1.121368e+00    1.396265e+03    6.041483e+02
    1.134665e+00    1.420102e+03    6.241351e+02
    1.148137e+00    1.444497e+03    6.448027e+02
    1.161791e+00    1.469467e+03    6.661764e+02
    1.175626e+00    1.495031e+03    6.882823e+02
    1.189649e+00    1.521209e+03    7.111474e+02
    1.203863e+00    1.548021e+03    7.348005e+02
    1.218270e+00    1.575487e+03    7.592711e+02
    1.232877e+00    1.603630e+03    7.845903e+02
    1.247686e+00    1.632474e+03    8.107903e+02
    1.262703e+00    1.662041e+03    8.379052e+02
    1.277931e+00    1.692357e+03    8.659699e+02
    1.293374e+00    1.723449e+03    8.950216e+02
    1.309039e+00    1.755343e+03    9.250989e+02
    1.324929e+00    1.788068e+03    9.562422e+02
    1.341050e+00    1.821655e+03    9.884939e+02
    1.357408e+00    1.856134e+03    1.021898e+03
    1.374007e+00    1.891538e+03    1.056502e+03
    1.390854e+00    1.927903e+03    1.092353e+03
    1.407954e+00    1.965264e+03    1.129503e+03
    1.425315e+00    2.003659e+03    1.168006e+03
    1.442943e+00    2.043129e+03    1.207918e+03
    1.460843e+00    2.083714e+03    1.249298e+03
    1.479023e+00    2.125459e+03    1.292208e+03
    1.497491e+00    2.168411e+03    1.336714e+03
    1.516256e+00    2.212618e+03    1.382884e+03
    1.535323e+00    2.258132e+03    1.430793e+03
    1.554703e+00    2.305008e+03    1.480515e+03
    1.574403e+00    2.353301e+03    1.532132e+03
    1.594435e+00    2.403074e+03    1.585729e+03
    1.614806e+00    2.454389e+03    1.641396e+03
    1.635527e+00    2.507313e+03    1.699226e+03
    1.656609e+00    2.561920e+03    1.759323e+03
    1.678063e+00    2.618285e+03    1.821793e+03
    1.699901e+00    2.676486e+03    1.886747e+03
    1.722135e+00    2.736611e+03    1.954306e+03
    1.744778e+00    2.798747e+03    2.024596e+03
    1.767846e+00    2.862993e+03    2.097752e+03
    1.791349e+00    2.929449e+03    2.173918e+03
