    2.670000e-04    2.502144e-01    4.925357e-04
    3.126000e-04    2.932324e-01    5.213459e-04
    3.951000e-04    3.707831e-01    5.679157e-04
    4.759000e-04    4.467551e-01    6.136963e-04
    5.812000e-04    5.456175e-01    6.758553e-04
    7.143000e-04    6.709220e-01    7.601152e-04
    8.786000e-04    8.252341e-01    8.731853e-04
    1.077000e-03    1.012500e+00    1.022367e-03
    1.314000e-03    1.235286e+00    1.217131e-03
    1.748000e-03    1.643562e+00    1.617711e-03
    2.000010e-03    1.879117e+00    2.090106e-03
    3.000010e-03    2.818647e+00    3.230164e-03
    4.000010e-03    3.758178e+00    4.480227e-03
    5.000010e-03    4.697764e+00    5.820295e-03
    6.000010e-03    5.637519e+00    7.220366e-03
    7.000010e-03    6.577106e+00    8.680440e-03
    8.000010e-03    7.516131e+00    1.020052e-02
    9.000010e-03    8.455718e+00    1.172059e-02
    1.000001e-02    9.395304e+00    1.328067e-02
    1.100001e-02    1.033489e+01    1.486075e-02
    1.200001e-02    1.127448e+01    1.646083e-02
    1.300001e-02    1.221406e+01    1.808092e-02
    1.400001e-02    1.315365e+01    1.969100e-02
    1.500001e-02    1.409324e+01    2.131108e-02
    1.600001e-02    1.503282e+01    2.293116e-02
    1.700001e-02    1.597241e+01    2.455124e-02
    1.800001e-02    1.691200e+01    2.615133e-02
    1.900001e-02    1.785158e+01    2.775141e-02
    2.000001e-02    1.879117e+01    2.934149e-02
    2.100001e-02    1.973019e+01    3.092157e-02
    2.200001e-02    2.066978e+01    3.248165e-02
    2.300001e-02    2.160937e+01    3.402172e-02
    2.400001e-02    2.254895e+01    3.553180e-02
    2.500001e-02    2.348854e+01    3.702188e-02
    2.600001e-02    2.442813e+01    3.849195e-02
    2.700001e-02    2.536771e+01    3.994202e-02
    2.800001e-02    2.630730e+01    4.137210e-02
    2.900001e-02    2.724689e+01    4.277217e-02
    3.000001e-02    2.818647e+01    4.414224e-02
    3.100001e-02    2.912606e+01    4.549231e-02
    3.200001e-02    3.006565e+01    4.681237e-02
    3.300001e-02    3.100523e+01    4.781242e-02
    3.400001e-02    3.194482e+01    4.909249e-02
    3.500001e-02    3.288384e+01    5.035255e-02
    3.600001e-02    3.382343e+01    5.159261e-02
    3.700001e-02    3.476302e+01    5.279268e-02
    3.800001e-02    3.570260e+01    5.398274e-02
    3.900001e-02    3.664219e+01    5.514279e-02
    4.000001e-02    3.758178e+01    5.626285e-02
    4.100001e-02    3.852136e+01    5.737291e-02
    4.200001e-02    3.946095e+01    5.845296e-02
    4.300001e-02    4.040054e+01    5.950302e-02
    4.400001e-02    4.134012e+01    6.053307e-02
    4.500001e-02    4.227971e+01    6.150312e-02
    4.600001e-02    4.321930e+01    6.247317e-02
    4.700001e-02    4.415888e+01    6.343321e-02
    4.800001e-02    4.509847e+01    6.436326e-02
    4.900001e-02    4.603750e+01    6.528331e-02
    5.000001e-02    4.697708e+01    6.616335e-02
    5.100001e-02    4.791667e+01    6.704340e-02
    5.200001e-02    4.885625e+01    6.786344e-02
    5.300001e-02    4.979584e+01    6.870348e-02
    5.400001e-02    5.073543e+01    6.953352e-02
    5.500001e-02    5.167501e+01    6.929351e-02
    5.600001e-02    5.261460e+01    7.026356e-02
    5.700001e-02    5.355419e+01    7.124361e-02
    5.800001e-02    5.449377e+01    7.202365e-02
    5.900001e-02    5.543336e+01    7.298370e-02
    6.000001e-02    5.637519e+01    7.377374e-02
    6.100001e-02    5.731197e+01    7.475379e-02
    6.200001e-02    5.825436e+01    7.559383e-02
    6.300001e-02    5.919115e+01    7.664388e-02
    6.400001e-02    6.013354e+01    7.757393e-02
    6.500001e-02    6.107032e+01    7.875399e-02
    6.600001e-02    6.201271e+01    7.985405e-02
    6.700001e-02    6.294949e+01    8.123412e-02
    6.800001e-02    6.389188e+01    8.271419e-02
    6.900001e-02    6.482866e+01    8.418427e-02
    7.000001e-02    6.576545e+01    8.596436e-02
    7.100001e-02    6.670784e+01    8.774445e-02
    7.200001e-02    6.764462e+01    8.985455e-02
    7.300001e-02    6.858701e+01    9.199466e-02
    7.400001e-02    6.952379e+01    9.445479e-02
    7.500001e-02    7.046618e+01    9.708492e-02
    7.600001e-02    7.140297e+01    9.990506e-02
    7.700001e-02    7.234536e+01    1.029052e-01
    7.800001e-02    7.328214e+01    1.060954e-01
    7.900001e-02    7.422453e+01    1.093355e-01
    8.000001e-02    7.516131e+01    1.125457e-01
    8.226453e-02    7.768684e+01    1.214754e-01
    8.456914e-02    7.986685e+01    1.389747e-01
    8.687375e-02    8.204737e+01    1.587225e-01
    8.917836e-02    8.422844e+01    1.808479e-01
    9.148297e-02    8.641011e+01    2.054783e-01
    9.378758e-02    8.859244e+01    2.327393e-01
    9.609218e-02    9.077547e+01    2.627545e-01
    9.839679e-02    9.295925e+01    2.956458e-01
    1.007014e-01    9.514384e+01    3.315328e-01
    1.030060e-01    9.732929e+01    3.705334e-01
    1.053106e-01    9.951564e+01    4.127632e-01
    1.076152e-01    1.017030e+02    4.583359e-01
    1.099198e-01    1.038913e+02    5.073630e-01
    1.122245e-01    1.060807e+02    5.599537e-01
    1.145291e-01    1.082712e+02    6.162153e-01
    1.168337e-01    1.104629e+02    6.762529e-01
    1.191383e-01    1.126558e+02    7.401691e-01
    1.214429e-01    1.148499e+02    8.080647e-01
    1.237475e-01    1.170454e+02    8.800381e-01
    1.260521e-01    1.192423e+02    9.561854e-01
    1.283567e-01    1.214406e+02    1.036601e+00
    1.306613e-01    1.236404e+02    1.121376e+00
    1.329659e-01    1.258418e+02    1.210600e+00
    1.352705e-01    1.280447e+02    1.304361e+00
    1.375752e-01    1.302492e+02    1.402743e+00
    1.398798e-01    1.324555e+02    1.505830e+00
    1.421844e-01    1.346634e+02    1.613702e+00
    1.444890e-01    1.368732e+02    1.726438e+00
    1.467936e-01    1.390848e+02    1.844114e+00
    1.490982e-01    1.412983e+02    1.966804e+00
    1.514028e-01    1.435137e+02    2.094580e+00
    1.537074e-01    1.457311e+02    2.227512e+00
    1.560120e-01    1.479506e+02    2.365667e+00
    1.583166e-01    1.501721e+02    2.509112e+00
    1.606212e-01    1.523957e+02    2.657910e+00
    1.629259e-01    1.546215e+02    2.812123e+00
    1.652305e-01    1.568496e+02    2.971810e+00
    1.675351e-01    1.590799e+02    3.136839e+00
    1.698397e-01    1.613125e+02    3.306887e+00
    1.721443e-01    1.635474e+02    3.482251e+00
    1.744489e-01    1.657848e+02    3.663050e+00
    1.767535e-01    1.680245e+02    3.849362e+00
    1.790581e-01    1.702668e+02    4.041256e+00
    1.813627e-01    1.725115e+02    4.238786e+00
    1.836673e-01    1.747588e+02    4.442006e+00
    1.859719e-01    1.770086e+02    4.650962e+00
    1.882765e-01    1.792611e+02    4.865699e+00
    1.905812e-01    1.815163e+02    5.086260e+00
    1.928858e-01    1.837741e+02    5.312683e+00
    1.951904e-01    1.860347e+02    5.545006e+00
    1.974950e-01    1.882981e+02    5.783264e+00
    1.997996e-01    1.905643e+02    6.027492e+00
    2.021042e-01    1.928333e+02    6.277722e+00
    2.044088e-01    1.951053e+02    6.533985e+00
    2.067134e-01    1.973801e+02    6.796310e+00
    2.090180e-01    1.996579e+02    7.064727e+00
    2.113227e-01    2.019387e+02    7.339263e+00
    2.136272e-01    2.042225e+02    7.619943e+00
    2.159319e-01    2.065094e+02    7.906793e+00
    2.182365e-01    2.087994e+02    8.199837e+00
    2.205411e-01    2.110925e+02    8.499099e+00
    2.228457e-01    2.133888e+02    8.804601e+00
    2.251503e-01    2.156883e+02    9.116366e+00
    2.274549e-01    2.179910e+02    9.434413e+00
    2.297595e-01    2.202969e+02    9.758764e+00
    2.320641e-01    2.226061e+02    1.008944e+01
    2.343687e-01    2.249187e+02    1.042645e+01
    2.366734e-01    2.272346e+02    1.076983e+01
    2.389780e-01    2.295538e+02    1.111959e+01
    2.412826e-01    2.318765e+02    1.147574e+01
    2.435872e-01    2.342026e+02    1.183831e+01
    2.458918e-01    2.365322e+02    1.220730e+01
    2.481964e-01    2.388652e+02    1.258275e+01
    2.505010e-01    2.412018e+02    1.296465e+01
    2.528056e-01    2.435419e+02    1.335303e+01
    2.551102e-01    2.458856e+02    1.374791e+01
    2.574148e-01    2.482328e+02    1.414929e+01
    2.597194e-01    2.505837e+02    1.455719e+01
    2.620241e-01    2.529383e+02    1.497163e+01
    2.643287e-01    2.552965e+02    1.539262e+01
    2.666333e-01    2.576584e+02    1.582018e+01
    2.689379e-01    2.600240e+02    1.625431e+01
    2.712425e-01    2.623934e+02    1.669503e+01
    2.735471e-01    2.647666e+02    1.714236e+01
    2.758517e-01    2.671436e+02    1.759630e+01
    2.781563e-01    2.695243e+02    1.805687e+01
    2.804609e-01    2.719090e+02    1.852408e+01
    2.827655e-01    2.742974e+02    1.899794e+01
    2.850701e-01    2.766898e+02    1.947847e+01
    2.873748e-01    2.790861e+02    1.996568e+01
    2.896794e-01    2.814863e+02    2.045958e+01
    2.919840e-01    2.838905e+02    2.096017e+01
    2.942886e-01    2.862987e+02    2.146748e+01
    2.965932e-01    2.887108e+02    2.198152e+01
    2.988978e-01    2.911270e+02    2.250228e+01
    3.012024e-01    2.935472e+02    2.302979e+01
    3.035070e-01    2.959715e+02    2.356406e+01
    3.058116e-01    2.983999e+02    2.410510e+01
    3.081162e-01    3.008323e+02    2.465291e+01
    3.104208e-01    3.032689e+02    2.520751e+01
    3.127255e-01    3.057097e+02    2.576891e+01
    3.150301e-01    3.081546e+02    2.633712e+01
    3.173347e-01    3.106036e+02    2.691214e+01
    3.196393e-01    3.130569e+02    2.749399e+01
    3.219439e-01    3.155144e+02    2.808268e+01
    3.242485e-01    3.179761e+02    2.867822e+01
    3.265531e-01    3.204421e+02    2.928061e+01
    3.288577e-01    3.229124e+02    2.988987e+01
    3.311623e-01    3.253869e+02    3.050600e+01
    3.334669e-01    3.278658e+02    3.112901e+01
    3.357715e-01    3.303490e+02    3.175892e+01
    3.380762e-01    3.328366e+02    3.239572e+01
    3.403808e-01    3.353285e+02    3.303944e+01
    3.426854e-01    3.378248e+02    3.369007e+01
    3.449900e-01    3.403255e+02    3.434762e+01
    3.472946e-01    3.428306e+02    3.501211e+01
    3.495992e-01    3.453401e+02    3.568353e+01
    3.519038e-01    3.478541e+02    3.636191e+01
    3.542084e-01    3.503726e+02    3.704723e+01
    3.565130e-01    3.528955e+02    3.773952e+01
    3.588176e-01    3.554229e+02    3.843878e+01
    3.611222e-01    3.579549e+02    3.914501e+01
    3.634269e-01    3.604914e+02    3.985822e+01
    3.657315e-01    3.630324e+02    4.057842e+01
    3.680361e-01    3.655780e+02    4.130562e+01
    3.703407e-01    3.681282e+02    4.203981e+01
    3.726453e-01    3.706829e+02    4.278101e+01
    3.749499e-01    3.732423e+02    4.352922e+01
    3.772545e-01    3.758062e+02    4.428445e+01
    3.795591e-01    3.783748e+02    4.504669e+01
    3.818637e-01    3.809481e+02    4.581597e+01
    3.841683e-01    3.835260e+02    4.659227e+01
    3.864729e-01    3.861086e+02    4.737561e+01
    3.887776e-01    3.886959e+02    4.816599e+01
    3.910822e-01    3.912879e+02    4.896341e+01
    3.933868e-01    3.938846e+02    4.976788e+01
    3.956914e-01    3.964861e+02    5.057939e+01
    3.979960e-01    3.990923e+02    5.139797e+01
    4.003006e-01    4.017033e+02    5.222360e+01
    4.026052e-01    4.043190e+02    5.305629e+01
    4.049098e-01    4.069395e+02    5.389605e+01
    4.072144e-01    4.095648e+02    5.474287e+01
    4.095190e-01    4.121950e+02    5.559676e+01
    4.118236e-01    4.148299e+02    5.645772e+01
    4.141283e-01    4.174697e+02    5.732575e+01
    4.164329e-01    4.201144e+02    5.820086e+01
    4.187375e-01    4.227639e+02    5.908304e+01
    4.210421e-01    4.254183e+02    5.997230e+01
    4.233467e-01    4.280775e+02    6.086864e+01
    4.256513e-01    4.307417e+02    6.177207e+01
    4.279559e-01    4.334108e+02    6.268257e+01
    4.302605e-01    4.360848e+02    6.360015e+01
    4.325651e-01    4.387637e+02    6.452482e+01
    4.348697e-01    4.414476e+02    6.545656e+01
    4.371743e-01    4.441365e+02    6.639539e+01
    4.394790e-01    4.468303e+02    6.734131e+01
    4.417836e-01    4.495290e+02    6.829430e+01
    4.440882e-01    4.522328e+02    6.925438e+01
    4.463928e-01    4.549416e+02    7.022154e+01
    4.486974e-01    4.576554e+02    7.119578e+01
    4.510020e-01    4.603742e+02    7.217709e+01
    4.533066e-01    4.630980e+02    7.316549e+01
    4.556112e-01    4.658269e+02    7.416097e+01
    4.579158e-01    4.685609e+02    7.516352e+01
    4.602204e-01    4.712999e+02    7.617314e+01
    4.625250e-01    4.740439e+02    7.718984e+01
    4.648297e-01    4.767931e+02    7.821361e+01
    4.671343e-01    4.795473e+02    7.924445e+01
    4.694389e-01    4.823067e+02    8.028236e+01
    4.717435e-01    4.850712e+02    8.132733e+01
    4.740481e-01    4.878408e+02    8.237936e+01
    4.763527e-01    4.906155e+02    8.343846e+01
    4.786573e-01    4.933953e+02    8.450461e+01
    4.809619e-01    4.961803e+02    8.557782e+01
    4.832665e-01    4.989705e+02    8.665808e+01
    4.855711e-01    5.017659e+02    8.774540e+01
    4.878757e-01    5.045664e+02    8.883975e+01
    4.901804e-01    5.073721e+02    8.994116e+01
    4.924850e-01    5.101830e+02    9.104960e+01
    4.947896e-01    5.129991e+02    9.216508e+01
    4.970942e-01    5.158204e+02    9.328759e+01
    4.993988e-01    5.186469e+02    9.441714e+01
    5.017034e-01    5.214787e+02    9.555371e+01
    5.040080e-01    5.243157e+02    9.669730e+01
    5.063126e-01    5.271580e+02    9.784792e+01
    5.086172e-01    5.300055e+02    9.900555e+01
    5.109218e-01    5.328582e+02    1.001702e+02
    5.132265e-01    5.357162e+02    1.013419e+02
    5.155311e-01    5.385795e+02    1.025205e+02
    5.178357e-01    5.414481e+02    1.037062e+02
    5.201403e-01    5.443220e+02    1.048988e+02
    5.224449e-01    5.472012e+02    1.060985e+02
    5.247495e-01    5.500857e+02    1.073051e+02
    5.270541e-01    5.529755e+02    1.085188e+02
    5.293587e-01    5.558706e+02    1.097394e+02
    5.316633e-01    5.587711e+02    1.109670e+02
    5.339679e-01    5.616769e+02    1.122015e+02
    5.362725e-01    5.645880e+02    1.134431e+02
    5.385771e-01    5.675045e+02    1.146916e+02
    5.408818e-01    5.704263e+02    1.159470e+02
    5.431864e-01    5.733536e+02    1.172095e+02
    5.454910e-01    5.762861e+02    1.184788e+02
    5.477956e-01    5.792241e+02    1.197552e+02
    5.501002e-01    5.821674e+02    1.210385e+02
    5.524048e-01    5.851162e+02    1.223287e+02
    5.547094e-01    5.880703e+02    1.236258e+02
    5.570140e-01    5.910298e+02    1.249299e+02
    5.593186e-01    5.939948e+02    1.262410e+02
    5.616233e-01    5.969651e+02    1.275589e+02
    5.639279e-01    5.999409e+02    1.288838e+02
    5.662325e-01    6.029221e+02    1.302156e+02
    5.685371e-01    6.059088e+02    1.315543e+02
    5.708417e-01    6.089008e+02    1.328999e+02
    5.731463e-01    6.118984e+02    1.342525e+02
    5.754509e-01    6.149014e+02    1.356119e+02
    5.777555e-01    6.179098e+02    1.369783e+02
    5.800601e-01    6.209237e+02    1.383515e+02
    5.823647e-01    6.239431e+02    1.397317e+02
    5.846693e-01    6.269679e+02    1.411187e+02
    5.869739e-01    6.299983e+02    1.425126e+02
    5.892786e-01    6.330341e+02    1.439135e+02
    5.915832e-01    6.360754e+02    1.453212e+02
    5.938878e-01    6.391222e+02    1.467358e+02
    5.961924e-01    6.421745e+02    1.481572e+02
    5.984970e-01    6.452323e+02    1.495856e+02
    6.008016e-01    6.482957e+02    1.510208e+02
    6.031062e-01    6.513645e+02    1.524629e+02
    6.054108e-01    6.544389e+02    1.539118e+02
    6.077154e-01    6.575188e+02    1.553676e+02
    6.100200e-01    6.606042e+02    1.568303e+02
    6.123247e-01    6.636952e+02    1.582999e+02
    6.146293e-01    6.667917e+02    1.597763e+02
    6.169339e-01    6.698938e+02    1.612595e+02
    6.192385e-01    6.730014e+02    1.627497e+02
    6.215431e-01    6.761146e+02    1.642466e+02
    6.238477e-01    6.792333e+02    1.657504e+02
    6.261523e-01    6.823577e+02    1.672611e+02
    6.284569e-01    6.854875e+02    1.687786e+02
    6.307615e-01    6.886230e+02    1.703030e+02
    6.330661e-01    6.917641e+02    1.718342e+02
    6.353707e-01    6.949107e+02    1.733723e+02
    6.376753e-01    6.980629e+02    1.749172e+02
    6.399800e-01    7.012207e+02    1.764689e+02
    6.422846e-01    7.043841e+02    1.780275e+02
    6.445892e-01    7.075532e+02    1.795929e+02
    6.468938e-01    7.107278e+02    1.811651e+02
    6.491984e-01    7.139080e+02    1.827442e+02
    6.515030e-01    7.170939e+02    1.843301e+02
    6.538076e-01    7.202854e+02    1.859229e+02
    6.561122e-01    7.234825e+02    1.875225e+02
    6.584168e-01    7.266852e+02    1.891289e+02
    6.607214e-01    7.298936e+02    1.907421e+02
    6.630261e-01    7.331076e+02    1.923622e+02
    6.653307e-01    7.363273e+02    1.939891e+02
    6.676353e-01    7.395526e+02    1.956228e+02
    6.699399e-01    7.427835e+02    1.972634e+02
    6.722445e-01    7.460202e+02    1.989108e+02
    6.745491e-01    7.492624e+02    2.005650e+02
    6.768537e-01    7.525104e+02    2.022260e+02
    6.791583e-01    7.557640e+02    2.038939e+02
    6.814629e-01    7.590233e+02    2.055686e+02
    6.837675e-01    7.622882e+02    2.072501e+02
    6.860721e-01    7.655588e+02    2.089385e+02
    6.883767e-01    7.688351e+02    2.106336e+02
    6.906814e-01    7.721171e+02    2.123356e+02
    6.929860e-01    7.754048e+02    2.140444e+02
    6.952906e-01    7.786982e+02    2.157600e+02
    6.975952e-01    7.819973e+02    2.174825e+02
    6.998998e-01    7.853021e+02    2.192118e+02
    7.022044e-01    7.886126e+02    2.209479e+02
    7.045090e-01    7.919287e+02    2.226908e+02
    7.068136e-01    7.952507e+02    2.244405e+02
    7.091182e-01    7.985783e+02    2.261971e+02
    7.114229e-01    8.019116e+02    2.279604e+02
    7.137275e-01    8.052507e+02    2.297306e+02
    7.160321e-01    8.085955e+02    2.315076e+02
    7.183367e-01    8.119460e+02    2.332915e+02
    7.206413e-01    8.153023e+02    2.350821e+02
    7.229459e-01    8.186643e+02    2.368795e+02
    7.252505e-01    8.220320e+02    2.386838e+02
    7.275551e-01    8.254055e+02    2.404949e+02
    7.298597e-01    8.287847e+02    2.423128e+02
    7.321643e-01    8.321697e+02    2.441375e+02
    7.344689e-01    8.355604e+02    2.459691e+02
    7.367735e-01    8.389569e+02    2.478074e+02
    7.390782e-01    8.423592e+02    2.496526e+02
    7.413828e-01    8.457672e+02    2.515045e+02
    7.436874e-01    8.491810e+02    2.533633e+02
    7.459920e-01    8.526005e+02    2.552289e+02
    7.482966e-01    8.560258e+02    2.571013e+02
    7.506012e-01    8.594570e+02    2.589805e+02
    7.529058e-01    8.628938e+02    2.608665e+02
    7.552104e-01    8.663365e+02    2.627593e+02
    7.575150e-01    8.697850e+02    2.646589e+02
    7.598196e-01    8.732392e+02    2.665653e+02
    7.621242e-01    8.766993e+02    2.684785e+02
    7.644289e-01    8.801651e+02    2.703985e+02
    7.667335e-01    8.836367e+02    2.723253e+02
    7.690381e-01    8.871142e+02    2.742589e+02
    7.713427e-01    8.905974e+02    2.761993e+02
    7.736473e-01    8.940864e+02    2.781465e+02
    7.759519e-01    8.975813e+02    2.801004e+02
    7.782565e-01    9.010820e+02    2.820612e+02
    7.805611e-01    9.045884e+02    2.840287e+02
    7.828657e-01    9.081008e+02    2.860031e+02
    7.851703e-01    9.116189e+02    2.879842e+02
    7.874750e-01    9.151428e+02    2.899721e+02
    7.897796e-01    9.186726e+02    2.919667e+02
    7.920842e-01    9.222082e+02    2.939682e+02
    7.943888e-01    9.257497e+02    2.959764e+02
    7.966934e-01    9.292970e+02    2.979914e+02
    7.989980e-01    9.328501e+02    3.000132e+02
    8.013026e-01    9.364090e+02    3.020417e+02
    8.036072e-01    9.399738e+02    3.040770e+02
    8.059118e-01    9.435445e+02    3.061190e+02
    8.082164e-01    9.471210e+02    3.081678e+02
    8.105210e-01    9.507033e+02    3.102234e+02
    8.128256e-01    9.542916e+02    3.122857e+02
    8.151303e-01    9.578856e+02    3.143548e+02
    8.174349e-01    9.614855e+02    3.164306e+02
    8.197395e-01    9.650913e+02    3.185131e+02
    8.220441e-01    9.687030e+02    3.206024e+02
    8.243487e-01    9.723205e+02    3.226984e+02
    8.266533e-01    9.759439e+02    3.248012e+02
    8.289579e-01    9.795731e+02    3.269107e+02
    8.312625e-01    9.832082e+02    3.290269e+02
    8.335671e-01    9.868493e+02    3.311499e+02
    8.358717e-01    9.904961e+02    3.332795e+02
    8.381764e-01    9.941489e+02    3.354159e+02
    8.404810e-01    9.978076e+02    3.375590e+02
    8.427856e-01    1.001472e+03    3.397088e+02
    8.450902e-01    1.005143e+03    3.418653e+02
    8.473948e-01    1.008819e+03    3.440285e+02
    8.496994e-01    1.012501e+03    3.461984e+02
    8.520040e-01    1.016189e+03    3.483750e+02
    8.543086e-01    1.019883e+03    3.505582e+02
    8.566132e-01    1.023583e+03    3.527482e+02
    8.589178e-01    1.027289e+03    3.549449e+02
    8.612224e-01    1.031001e+03    3.571482e+02
    8.635270e-01    1.034718e+03    3.593582e+02
    8.658317e-01    1.038442e+03    3.615748e+02
    8.681363e-01    1.042171e+03    3.637981e+02
    8.704409e-01    1.045906e+03    3.660281e+02
    8.727455e-01    1.049648e+03    3.682647e+02
    8.750501e-01    1.053395e+03    3.705080e+02
    8.773547e-01    1.057148e+03    3.727579e+02
    8.796593e-01    1.060907e+03    3.750145e+02
    8.819639e-01    1.064672e+03    3.772777e+02
    8.842685e-01    1.068443e+03    3.795476e+02
    8.865732e-01    1.072219e+03    3.818240e+02
    8.888778e-01    1.076002e+03    3.841071e+02
    8.911824e-01    1.079791e+03    3.863968e+02
    8.934870e-01    1.083585e+03    3.886931e+02
    8.957916e-01    1.087386e+03    3.909960e+02
    8.980962e-01    1.091192e+03    3.933055e+02
    9.004008e-01    1.095004e+03    3.956216e+02
    9.027054e-01    1.098823e+03    3.979443e+02
    9.050100e-01    1.102647e+03    4.002736e+02
    9.073146e-01    1.106477e+03    4.026095e+02
    9.096192e-01    1.110313e+03    4.049519e+02
    9.119238e-01    1.114155e+03    4.073009e+02
    9.142285e-01    1.118003e+03    4.096565e+02
    9.165331e-01    1.121857e+03    4.120186e+02
    9.188377e-01    1.125717e+03    4.143873e+02
    9.211423e-01    1.129583e+03    4.167626e+02
    9.234469e-01    1.133455e+03    4.191444e+02
    9.257515e-01    1.137332e+03    4.215327e+02
    9.280561e-01    1.141216e+03    4.239275e+02
    9.303607e-01    1.145106e+03    4.263289e+02
    9.326653e-01    1.149001e+03    4.287368e+02
    9.349699e-01    1.152903e+03    4.311512e+02
    9.372746e-01    1.156810e+03    4.335722e+02
    9.395792e-01    1.160724e+03    4.359996e+02
    9.418838e-01    1.164643e+03    4.384335e+02
    9.441884e-01    1.168569e+03    4.408739e+02
    9.464930e-01    1.172500e+03    4.433208e+02
    9.487976e-01    1.176437e+03    4.457743e+02
    9.511022e-01    1.180381e+03    4.482341e+02
    9.534068e-01    1.184330e+03    4.507005e+02
    9.557114e-01    1.188285e+03    4.531733e+02
    9.580160e-01    1.192246e+03    4.556525e+02
    9.603206e-01    1.196214e+03    4.581382e+02
    9.626252e-01    1.200187e+03    4.606304e+02
    9.649299e-01    1.204166e+03    4.631290e+02
    9.672345e-01    1.208151e+03    4.656340e+02
    9.695391e-01    1.212142e+03    4.681455e+02
    9.718437e-01    1.216139e+03    4.706634e+02
    9.741483e-01    1.220142e+03    4.731877e+02
    9.764529e-01    1.224151e+03    4.757184e+02
    9.787575e-01    1.228166e+03    4.782556e+02
    9.810621e-01    1.232187e+03    4.807991e+02
    9.833667e-01    1.236214e+03    4.833490e+02
    9.856713e-01    1.240247e+03    4.859054e+02
    9.879760e-01    1.244286e+03    4.884681e+02
    9.902806e-01    1.248331e+03    4.910371e+02
    9.925852e-01    1.252382e+03    4.936126e+02
    9.948898e-01    1.256439e+03    4.961944e+02
    9.971944e-01    1.260502e+03    4.987826e+02
    9.994990e-01    1.264570e+03    5.013771e+02
    1.001804e+00    1.268645e+03    5.039779e+02
    1.004108e+00    1.272726e+03    5.065852e+02
    1.006413e+00    1.276813e+03    5.091987e+02
    1.008717e+00    1.280906e+03    5.118186e+02
    1.011022e+00    1.285005e+03    5.144448e+02
    1.013327e+00    1.289109e+03    5.170773e+02
    1.015631e+00    1.293220e+03    5.197161e+02
    1.017936e+00    1.297337e+03    5.223612e+02
    1.020240e+00    1.301460e+03    5.250127e+02
    1.022545e+00    1.305589e+03    5.276704e+02
    1.024850e+00    1.309723e+03    5.303344e+02
    1.027154e+00    1.313864e+03    5.330047e+02
    1.029459e+00    1.318011e+03    5.356813e+02
    1.031764e+00    1.322164e+03    5.383641e+02
    1.034068e+00    1.326323e+03    5.410532e+02
    1.036373e+00    1.330487e+03    5.437485e+02
    1.038677e+00    1.334658e+03    5.464501e+02
    1.040982e+00    1.338835e+03    5.491580e+02
    1.043287e+00    1.343018e+03    5.518721e+02
    1.045591e+00    1.347207e+03    5.545924e+02
    1.047896e+00    1.351401e+03    5.573190e+02
    1.050200e+00    1.355602e+03    5.600517e+02
    1.052505e+00    1.359809e+03    5.627907e+02
    1.054810e+00    1.364022e+03    5.655359e+02
    1.057114e+00    1.368241e+03    5.682873e+02
    1.059419e+00    1.372465e+03    5.710449e+02
    1.061723e+00    1.376696e+03    5.738087e+02
    1.064028e+00    1.380933e+03    5.765787e+02
    1.066333e+00    1.385176e+03    5.793549e+02
    1.068637e+00    1.389425e+03    5.821372e+02
    1.070942e+00    1.393680e+03    5.849257e+02
    1.073246e+00    1.397940e+03    5.877204e+02
    1.075551e+00    1.402207e+03    5.905212e+02
    1.077856e+00    1.406480e+03    5.933281e+02
    1.080160e+00    1.410759e+03    5.961413e+02
    1.082465e+00    1.415044e+03    5.989605e+02
    1.084770e+00    1.419335e+03    6.017859e+02
    1.087074e+00    1.423632e+03    6.046174e+02
    1.089379e+00    1.427935e+03    6.074550e+02
    1.091683e+00    1.432244e+03    6.102988e+02
    1.093988e+00    1.436559e+03    6.131487e+02
    1.096293e+00    1.440879e+03    6.160046e+02
    1.098597e+00    1.445206e+03    6.188667e+02
    1.100902e+00    1.449539e+03    6.217348e+02
    1.103206e+00    1.453878e+03    6.246091e+02
    1.105511e+00    1.458223e+03    6.274894e+02
    1.107816e+00    1.462574e+03    6.303758e+02
    1.110120e+00    1.466931e+03    6.332683e+02
    1.112425e+00    1.471294e+03    6.361668e+02
    1.114729e+00    1.475663e+03    6.390714e+02
    1.117034e+00    1.480038e+03    6.419820e+02
    1.119339e+00    1.484419e+03    6.448987e+02
    1.121643e+00    1.488807e+03    6.478215e+02
    1.123948e+00    1.493200e+03    6.507503e+02
    1.126253e+00    1.497599e+03    6.536850e+02
    1.128557e+00    1.502004e+03    6.566259e+02
    1.130862e+00    1.506415e+03    6.595727e+02
    1.133166e+00    1.510832e+03    6.625256e+02
    1.135471e+00    1.515255e+03    6.654845e+02
    1.137776e+00    1.519684e+03    6.684494e+02
    1.140080e+00    1.524119e+03    6.714202e+02
    1.142385e+00    1.528561e+03    6.743971e+02
    1.144689e+00    1.533008e+03    6.773799e+02
    1.146994e+00    1.537461e+03    6.803688e+02
    1.149299e+00    1.541920e+03    6.833636e+02
    1.151603e+00    1.546385e+03    6.863644e+02
    1.153908e+00    1.550857e+03    6.893711e+02
    1.156212e+00    1.555334e+03    6.923838e+02
    1.158517e+00    1.559817e+03    6.954025e+02
    1.160822e+00    1.564306e+03    6.984271e+02
    1.163126e+00    1.568802e+03    7.014577e+02
    1.165431e+00    1.573303e+03    7.044942e+02
    1.167735e+00    1.577810e+03    7.075366e+02
    1.170040e+00    1.582324e+03    7.105850e+02
    1.172345e+00    1.586843e+03    7.136392e+02
    1.174649e+00    1.591368e+03    7.166995e+02
    1.176954e+00    1.595900e+03    7.197656e+02
    1.179259e+00    1.600437e+03    7.228376e+02
    1.181563e+00    1.604980e+03    7.259155e+02
    1.183868e+00    1.609530e+03    7.289994e+02
    1.186172e+00    1.614085e+03    7.320891e+02
    1.188477e+00    1.618646e+03    7.351847e+02
    1.190782e+00    1.623214e+03    7.382862e+02
    1.193086e+00    1.627787e+03    7.413935e+02
    1.195391e+00    1.632366e+03    7.445068e+02
    1.197695e+00    1.636952e+03    7.476259e+02
    1.200000e+00    1.641543e+03    7.507509e+02
