0.0  0.0   0.0
5.97050570183e-13  5.61738690035e-10   0.952486530048
6.84497471205e-13  6.44013643082e-10   0.952486530054
7.84752266366e-13  7.38338981866e-10   0.95248653006
8.99690861505e-13  8.464796639e-10   0.952486530067
1.03146391666e-12  9.70459150871e-10   0.952486530074
1.1825370879e-12  1.11259727041e-09   0.952486530083
1.35573716315e-12  1.27555362326e-09   0.952486530094
1.55430495529e-12  1.4623773481e-09   0.952486530105
1.78195594227e-12  1.67656417516e-09   0.952486530119
2.04294978884e-12  1.92212183611e-09   0.952486530135
2.34217005074e-12  2.20364505433e-09   0.952486530152
2.6852155528e-12  2.5264015185e-09   0.952486530173
3.0785051507e-12  2.89643044832e-09   0.952486530196
3.5293978366e-12  3.32065559673e-09   0.952486530223
4.04633043611e-12  3.80701480281e-09   0.952486530254
4.63897547293e-12  4.36460851982e-09   0.952486530289
5.31842215514e-12  5.00387009717e-09   0.95248653033
6.09738386964e-12  5.73676100289e-09   0.952486530376
6.99043606717e-12  6.5769946392e-09   0.952486530429
8.01428898918e-12  7.54029293922e-09   0.95248653049
9.1881003395e-12  8.64468054611e-09   0.95248653056
1.05338337515e-11  9.91082207904e-09   0.95248653064
1.20766697582e-11  1.13624087968e-08   0.952486530732
1.38454769543e-11  1.3026601894e-08   0.952486530837
1.58733521684e-11  1.49345407246e-08   0.952486530958
1.81982397496e-11  1.71219254622e-08   0.952486531097
2.08636415591e-11  1.96296850998e-08   0.952486531255
2.39194309503e-11  2.25047432879e-08   0.952486531437
2.74227859679e-11  2.58008963404e-08   0.952486531646
3.14392592284e-11  2.95798198386e-08   0.952486531885
3.60440045e-11  3.39122226666e-08   0.952486532159
4.13231829337e-11  3.88791700717e-08   0.952486532474
4.73755752575e-11  4.4573600508e-08   0.952486532834
5.43144301005e-11  5.11020646428e-08   0.952486533247
6.2269583031e-11  5.85867190674e-08   0.952486533721
7.138988596e-11  6.71676120158e-08   0.952486534264
8.18459923658e-11  7.70053038603e-08   0.952486534887
9.38335504571e-11  8.82838714189e-08   0.952486535601
1.07576864021e-10  1.01214352287e-07   0.952486536419
1.23333089456e-10  1.16038693641e-07   0.952486537358
1.41397047528e-10  1.33034279409e-07   0.952486538433
1.62106739868e-10  1.52519120502e-07   0.952486539667
1.85849673455e-10  1.74857805242e-07   0.952486541081
2.13070111407e-10  2.00468321314e-07   0.952486542702
2.44277385754e-10  2.29829876891e-07   0.95248654456
2.80055427751e-10  2.63491867284e-07   0.952486546691
3.21073694032e-10  3.02084154889e-07   0.952486549133
3.68099693076e-10  3.46328854782e-07   0.952486551934
4.22013346348e-10  3.97053846494e-07   0.952486555145
4.83823452847e-10  4.55208264782e-07   0.952486558825
5.54686565129e-10  5.21880259255e-07   0.952486563045
6.35928630009e-10  5.98317355158e-07   0.952486567884
7.29069798852e-10  6.85949796302e-07   0.95248657343
8.35852871714e-10  7.86417306903e-07   0.952486579789
9.58275907537e-10  9.01599773097e-07   0.95248658708
1.0986296106e-09  1.03365241822e-06   0.952486595438
1.25954019274e-09  1.18504613001e-06   0.952486605021
1.44401851345e-09  1.35861369437e-06   0.952486616007
1.65551641719e-09  1.5576028007e-06   0.952486628602
1.89799132217e-09  1.78573681072e-06   0.952486643041
2.17598026914e-09  2.04728442769e-06   0.952486659596
2.49468481566e-09  2.3471395698e-06   0.952486678575
2.86006836447e-09  2.69091294226e-06   0.952486700335
3.278967747e-09  3.08503702131e-06   0.952486725281
3.75922114988e-09  3.53688641492e-06   0.952486753881
4.30981477835e-09  4.05491585197e-06   0.952486786669
4.94105100048e-09  4.64881838208e-06   0.952486824261
5.66474111881e-09  5.32970674615e-06   0.952486867357
6.49442637609e-09  6.11032131137e-06   0.952486916767
7.44563133068e-09  7.00526846145e-06   0.952486973412
8.53615434253e-09  8.03129390269e-06   0.952487038355
9.78640060504e-09  9.20759599984e-06   0.952487112809
1.12197639545e-08  1.05561850049e-05   0.952490355449
1.28630646011e-08  1.21022946647e-05   0.952493527865
1.4747050972e-08  1.38748549843e-05   0.952493545578
1.69069750574e-08  1.5907033016e-05   0.952493574305
1.93832520233e-08  1.82368536202e-05   0.952493614821
2.22222164357e-08  2.09079109575e-05   0.952493667763
2.54769892442e-08  2.39701842063e-05   0.952493743268
2.92084717485e-08  2.74809727267e-05   0.952493840038
3.34864851456e-08  3.15059682299e-05   0.952493969319
3.83910769814e-08  3.61204839458e-05   0.952494131906
4.40140189508e-08  4.14108638365e-05   0.952494341797
5.04605240728e-08  4.74760982426e-05   0.952494597487
5.78512153717e-08  5.44296760645e-05   0.952494918624
6.6324382901e-08  6.24017083861e-05   0.952495303329
7.60385713409e-08  7.15413629394e-05   0.952495767867
8.71755465888e-08  8.20196553163e-05   0.952496325729
9.99436968508e-08  9.4032648857e-05   0.952496978684
1.14581931873e-07  0.0001078051233   0.95249775772
1.31364153272e-07  0.000123594780695   0.952498660074
1.50604379616e-07  0.000141697067389   0.952499718505
1.72662622142e-07  0.000162450702226   0.952500951389
1.97951621069e-07  0.000186244014438   0.952502375412
2.26944568533e-07  0.000213522209866   0.952504035993
2.6018396267e-07  0.000244795701302   0.952505943055
2.98291758504e-07  0.000280649659132   0.952508150569
3.41981005587e-07  0.000321754960575   0.952510697077
3.9206919014e-07  0.000368880742827   0.952513613176
4.49493531354e-07  0.000422908794631   0.952516990826
5.15328518052e-07  0.000484850055806   0.952520856027
5.90806013867e-07  0.000555863533343   0.952525310567
6.77338307106e-07  0.000637277988057   0.95253035163
7.76544536624e-07  0.000730616797569   0.95253616834
8.90280988149e-07  0.000837626460868   0.952542782988
1.02067582795e-06  0.000960309277751   0.952550452047
1.17016892378e-06  0.00110096081475   0.952559187064
1.34155749816e-06  0.00126221285843   0.952569248421
1.5380484683e-06  0.00144708265987   0.952580829711
1.76331845193e-06  0.00165902939186   0.952594002807
2.02158256194e-06  0.00190201887497   0.952609279018
2.31767327691e-06  0.00218059778383   0.952626674248
2.65713086353e-06  0.00249997872285   0.952646796477
3.04630704262e-06  0.00286613776072   0.952669891318
3.4924838386e-06  0.00328592625212   0.952696280844
4.00400983624e-06  0.00376719903722   0.952726697772
4.59045639424e-06  0.00431896141645   0.952761407014
5.2627967386e-06  0.00495153765799   0.952801362529
6.03361128678e-06  0.00567676417591   0.952847165595
6.91732304479e-06  0.00650821101143   0.952899551583
7.93046748154e-06  0.00746143575505   0.952959901405
9.09200193029e-06  0.00855427464242   0.95302874577
1.04236603066e-05  0.00980717632473   0.953108036941
1.19503597801e-05  0.0112435844717   0.95319882962
1.37006670087e-05  0.0128903764708   0.953302781234
1.5707332661e-05  0.0147783663463   0.953422446479
1.80079042258e-05  0.0169428813402   0.953558936751
2.06454285782e-05  0.0194244229939   0.95371619381
2.36692574456e-05  0.0222694249758   0.953896058496
2.71359708473e-05  0.0255311220126   0.954102246833
3.11104357843e-05  0.0292705460024   0.954339382484
3.56670199911e-05  0.0335576681244   0.954609876011
4.08909834586e-05  0.0384727081515   0.954921577206
4.68800737665e-05  0.0441076356714   0.955277742484
5.37463550755e-05  0.050567891073   0.955686492189
6.16183050029e-05  0.0579743587639   0.956156139041
7.06432186162e-05  0.0664656294179   0.956692013721
8.09899645281e-05  0.0762005934618   0.957309528062
9.28521446608e-05  0.0873614149203   0.958014602724
0.000106451716806  0.100156940339   0.958824595916
0.000122043147764  0.1148266078   0.959754369581
0.000139918174765  0.131644928207   0.960815867163
0.00016041126428  0.150926623244   0.962038855327
0.00018390587035  0.173032516683   0.96343455314
0.00021084160954  0.198376288132   0.96503929388
0.000241722486775  0.227432217655   0.966879519803
0.000277126325966  0.260744064606   0.968982197535
0.000317715581898  0.298935248324   0.971403673163
0.000364249735672  0.342720521665   0.974166454877
0.000417599505646  0.3929193551   0.977344861989
0.000478763139785  0.450471284898   0.980985974527
0.000548885094254  0.516453511093   0.985150788429
0.000629277447777  0.592101077675   0.989943238369
0.000721444452449  0.678830014212   0.995411692007
0.000827110680364  0.778263872499   1.00170401629
0.000948253292753  0.892264161369   1.00890537361
0.0010871390354  1.0229652489   1.01715243962
0.00124636665257  1.17281439385   1.02663116709
0.00142891551317  1.34461766114   1.03745256563
0.00163820135877  1.54159258733   1.04989997355
0.00187814021693  1.76742859911   1.064135763
0.00215322167545  2.02635632273   1.08045618345
0.00246859288877  2.32322710708   1.09918729014
0.00283015488836  2.66360427909   1.12059346964
0.00324467299915  3.0538678464   1.14519274908
0.00371990342815  3.50133470736   1.17332653556
0.00426473839379  4.01439659065   1.20559815742
0.00488937251163  4.60267846505   1.24259619617
0.00560549354967  5.27722045048   1.28494334582
0.00642650112272  6.05068664177   1.33355861279
0.00736775741769  6.93760524837   1.38922763837
0.00844687464131  7.95464418286   1.45312343112
0.00968404456894  9.12092820552   1.52642549941
0.0111024163605  10.4584033991   1.61055147374
0.0127285297135  11.9922560951   1.7072648168
0.0145928114572  13.7513959043   1.81846732423
0.0167301448806  15.7690101744   1.94662485194
0.0191805224474  18.0832048499   2.09457927956
0.0219897941101  20.737740805   2.2657604697
0.0252105252258  23.7828863359   2.46468172558
0.028902980127  27.2763978733   2.69650360215
0.0331362497505  31.2846611638   2.96844139263
0.0379895444241  35.8840091477   3.28932307139
0.043553676002  41.1622454213   3.67048820346
0.0499327570793  47.2204813932   4.12835346069
0.0572461490835  54.175142133   4.68199667643
0.0656306956911  62.1605145153   5.36124288145
0.0752432833625  71.3321895499   6.20207143982
0.0862637769041  81.8702732228   7.25644392461
0.0988983849883  93.9808984946   8.59484206913
0.113383518602  107.911375483   10.311071531
0.129990214624  123.946867648   12.5395059448
0.149029207299  142.425407301   15.4598464667
0.170856742504  163.754846594   19.329306535
0.195881243605  188.433247149   24.499891661
0.224570953617  217.076872127   31.4804409512
0.257462696686  250.486352435   40.9410871618
0.295171922802  289.699338369   53.8215917118
0.338404223727  336.141270181   71.2739216971
0.387968535589  391.734478763   94.6681906207
0.444792275194  459.250797598   125.717302983
0.509938693281  542.424069709   166.028713968
0.58462676941  646.803990637   217.82576694
0.670254020756  779.934709306   283.252666031
0.768422651589  952.933045197   365.30695935
0.880969532728  1181.49294944   467.253561829
1.01000057194  1488.14739989   593.655664238
1.15793011837  1905.39669287   749.564656706
1.32752613839  2479.76149407   942.103463481
1.52196200802  3278.41653786   1179.52447842
1.74487589124  4397.60921153   1472.47666764
2.00043881501  5976.68024464   1834.77849297
2.29343271501  8214.70415213   2282.86343217
2.62933991224  11400.605752   2838.97717328
3.0144456948  15947.9489368   3529.86713441
3.45595592437  22453.642916   4390.40018163
3.96213186783  31779.8792478   5464.97807075
4.54244477696  45162.6076249   6809.22679838
5.20775310869  64387.9929581   8497.97520163
5.97050570183  92060.6928163   10616.3788285
