    1.000000e-07    9.306241e-05    2.141635e-08
    1.023293e-07    9.523062e-05    2.209411e-08
    1.047129e-07    9.744935e-05    2.279040e-08
    1.071519e-07    9.971978e-05    2.351340e-08
    1.096478e-07    1.020431e-04    2.425396e-08
    1.122018e-07    1.044206e-04    2.502293e-08
    1.148154e-07    1.068534e-04    2.581057e-08
    1.174898e-07    1.093430e-04    2.662593e-08
    1.202264e-07    1.118905e-04    2.746610e-08
    1.230269e-07    1.144974e-04    2.833327e-08
    1.258925e-07    1.171651e-04    2.922408e-08
    1.288250e-07    1.198949e-04    3.014546e-08
    1.318257e-07    1.226883e-04    3.109643e-08
    1.348963e-07    1.255469e-04    3.207331e-08
    1.380384e-07    1.284720e-04    3.308454e-08
    1.412538e-07    1.314653e-04    3.412333e-08
    1.445440e-07    1.345283e-04    3.520027e-08
    1.479108e-07    1.376627e-04    3.630660e-08
    1.513561e-07    1.408701e-04    3.745011e-08
    1.548817e-07    1.441523e-04    3.862475e-08
    1.584893e-07    1.475110e-04    3.983594e-08
    1.621810e-07    1.509479e-04    4.108967e-08
    1.659587e-07    1.544649e-04    4.237751e-08
    1.698244e-07    1.580638e-04    4.371058e-08
    1.737801e-07    1.617466e-04    4.507991e-08
    1.778279e-07    1.655153e-04    4.649180e-08
    1.819701e-07    1.693717e-04    4.795326e-08
    1.862087e-07    1.733180e-04    4.945445e-08
    1.905461e-07    1.773563e-04    5.100833e-08
    1.949845e-07    1.814887e-04    5.260444e-08
    1.995262e-07    1.857173e-04    5.424507e-08
    2.041738e-07    1.900445e-04    5.594834e-08
    2.089296e-07    1.944725e-04    5.769787e-08
    2.137962e-07    1.990037e-04    5.950173e-08
    2.187762e-07    2.036405e-04    6.136313e-08
    2.238721e-07    2.083854e-04    6.328077e-08
    2.290868e-07    2.132408e-04    6.525793e-08
    2.344229e-07    2.182094e-04    6.730441e-08
    2.398833e-07    2.232937e-04    6.939996e-08
    2.454709e-07    2.284965e-04    7.156700e-08
    2.511886e-07    2.338206e-04    7.380311e-08
    2.570396e-07    2.392687e-04    7.610674e-08
    2.630268e-07    2.448438e-04    7.848181e-08
    2.691535e-07    2.505488e-04    8.093256e-08
    2.754229e-07    2.563868e-04    8.345729e-08
    2.818383e-07    2.623608e-04    8.605226e-08
    2.884032e-07    2.684740e-04    8.873571e-08
    2.951209e-07    2.747296e-04    9.150462e-08
    3.019952e-07    2.811311e-04    9.434826e-08
    3.090295e-07    2.876817e-04    9.728884e-08
    3.162278e-07    2.943849e-04    1.003112e-07
    3.235937e-07    3.012444e-04    1.034391e-07
    3.311311e-07    3.082638e-04    1.066613e-07
    3.388442e-07    3.154467e-04    1.099731e-07
    3.467369e-07    3.227970e-04    1.133871e-07
    3.548134e-07    3.303186e-04    1.169204e-07
    3.630781e-07    3.380154e-04    1.205490e-07
    3.715352e-07    3.458917e-04    1.243012e-07
    3.801894e-07    3.539515e-04    1.281576e-07
    3.890451e-07    3.621991e-04    1.321330e-07
    3.981072e-07    3.706389e-04    1.362472e-07
    4.073803e-07    3.792754e-04    1.404723e-07
    4.168694e-07    3.881132e-04    1.448277e-07
    4.265795e-07    3.971570e-04    1.493175e-07
    4.365158e-07    4.064115e-04    1.539458e-07
    4.466836e-07    4.158817e-04    1.587283e-07
    4.570882e-07    4.255725e-04    1.636392e-07
    4.677351e-07    4.354893e-04    1.687093e-07
    4.786301e-07    4.456371e-04    1.739357e-07
    4.897788e-07    4.560215e-04    1.793233e-07
    5.011872e-07    4.666478e-04    1.848770e-07
    5.128614e-07    4.775218e-04    1.905841e-07
    5.248075e-07    4.886492e-04    1.964850e-07
    5.370318e-07    5.000360e-04    2.025918e-07
    5.495409e-07    5.116881e-04    2.088432e-07
    5.623413e-07    5.236118e-04    2.153070e-07
    5.754399e-07    5.358134e-04    2.219699e-07
    5.888437e-07    5.482993e-04    2.288167e-07
    6.025596e-07    5.610763e-04    2.358960e-07
    6.165950e-07    5.741510e-04    2.431706e-07
    6.309573e-07    5.875305e-04    2.506922e-07
    6.456542e-07    6.012217e-04    2.584212e-07
    6.606934e-07    6.152321e-04    2.663876e-07
    6.760830e-07    6.295690e-04    2.746244e-07
    6.918310e-07    6.442400e-04    2.830884e-07
    7.079458e-07    6.592530e-04    2.918122e-07
    7.244360e-07    6.746159e-04    3.008179e-07
    7.413102e-07    6.903368e-04    3.101006e-07
    7.585776e-07    7.064242e-04    3.196537e-07
    7.762471e-07    7.228865e-04    3.294996e-07
    7.943282e-07    7.397325e-04    3.396481e-07
    8.128305e-07    7.569711e-04    3.501080e-07
    8.317638e-07    7.746115e-04    3.608890e-07
    8.511380e-07    7.926631e-04    3.720008e-07
    8.709636e-07    8.111354e-04    3.834536e-07
    8.912509e-07    8.300382e-04    3.952578e-07
    9.120108e-07    8.493817e-04    4.074242e-07
    9.332543e-07    8.691759e-04    4.199638e-07
    9.549926e-07    8.894316e-04    4.328882e-07
    9.772372e-07    9.101594e-04    4.461562e-07
    1.000000e-06    9.313703e-04    4.598405e-07
    1.023293e-06    9.530755e-04    4.739881e-07
    1.047129e-06    9.752867e-04    4.885696e-07
    1.071519e-06    9.980156e-04    5.035506e-07
    1.096478e-06    1.021274e-03    5.190388e-07
    1.122018e-06    1.045075e-03    5.349513e-07
    1.148154e-06    1.069431e-03    5.513370e-07
    1.174898e-06    1.094354e-03    5.682366e-07
    1.202264e-06    1.119858e-03    5.857083e-07
    1.230269e-06    1.145957e-03    6.036585e-07
    1.258925e-06    1.172664e-03    6.222162e-07
    1.288250e-06    1.199994e-03    6.412059e-07
    1.318257e-06    1.227960e-03    6.608519e-07
    1.348963e-06    1.256579e-03    6.810973e-07
    1.380384e-06    1.285864e-03    7.020289e-07
    1.412538e-06    1.315833e-03    7.234474e-07
    1.445440e-06    1.346499e-03    7.456062e-07
    1.479108e-06    1.377881e-03    7.684418e-07
    1.513561e-06    1.409994e-03    7.918810e-07
    1.548817e-06    1.442856e-03    8.161302e-07
    1.584893e-06    1.476484e-03    8.411201e-07
    1.621810e-06    1.510895e-03    8.668733e-07
    1.659587e-06    1.546109e-03    8.933068e-07
    1.698244e-06    1.582144e-03    9.206539e-07
    1.737801e-06    1.619018e-03    9.487232e-07
    1.778279e-06    1.656753e-03    9.776692e-07
    1.819701e-06    1.695367e-03    1.007592e-06
    1.862087e-06    1.734881e-03    1.038306e-06
    1.905461e-06    1.775316e-03    1.069978e-06
    1.949845e-06    1.816693e-03    1.102589e-06
    1.995262e-06    1.859036e-03    1.136326e-06
    2.041738e-06    1.902365e-03    1.170980e-06
    2.089296e-06    1.946705e-03    1.206661e-06
    2.137962e-06    1.992078e-03    1.243457e-06
    2.187762e-06    2.038509e-03    1.281219e-06
    2.238721e-06    2.086022e-03    1.320346e-06
    2.290868e-06    2.134643e-03    1.360503e-06
    2.344229e-06    2.184397e-03    1.401979e-06
    2.398833e-06    2.235312e-03    1.444544e-06
    2.454709e-06    2.287413e-03    1.488576e-06
    2.511886e-06    2.340729e-03    1.533912e-06
    2.570396e-06    2.395288e-03    1.580474e-06
    2.630268e-06    2.451119e-03    1.628641e-06
    2.691535e-06    2.508251e-03    1.678072e-06
    2.754229e-06    2.566715e-03    1.729040e-06
    2.818383e-06    2.626543e-03    1.781509e-06
    2.884032e-06    2.687765e-03    1.835570e-06
    2.951209e-06    2.750415e-03    1.891494e-06
    3.019952e-06    2.814525e-03    1.948886e-06
    3.090295e-06    2.880130e-03    2.007822e-06
    3.162278e-06    2.947264e-03    2.068984e-06
    3.235937e-06    3.015964e-03    2.131750e-06
    3.311311e-06    3.086265e-03    2.196204e-06
    3.388442e-06    3.158205e-03    2.262874e-06
    3.467369e-06    3.231823e-03    2.331511e-06
    3.548134e-06    3.307157e-03    2.401992e-06
    3.630781e-06    3.384247e-03    2.474840e-06
    3.715352e-06    3.463135e-03    2.549947e-06
    3.801894e-06    3.543862e-03    2.627019e-06
    3.890451e-06    3.626472e-03    2.706415e-06
    3.981072e-06    3.711007e-03    2.788343e-06
    4.073803e-06    3.797514e-03    2.872746e-06
    4.168694e-06    3.886037e-03    2.959554e-06
    4.265795e-06    3.976625e-03    3.048982e-06
    4.365158e-06    4.069324e-03    3.141177e-06
    4.466836e-06    4.164185e-03    3.236082e-06
    4.570882e-06    4.261258e-03    3.333849e-06
    4.677351e-06    4.360595e-03    3.434557e-06
    4.786301e-06    4.462247e-03    3.538309e-06
    4.897788e-06    4.566270e-03    3.644833e-06
    5.011872e-06    4.672719e-03    3.754926e-06
    5.128614e-06    4.781649e-03    3.867958e-06
    5.248075e-06    4.893120e-03    3.984779e-06
    5.370318e-06    5.007189e-03    4.104718e-06
    5.495409e-06    5.123919e-03    4.228676e-06
    5.623413e-06    5.243370e-03    4.355943e-06
    5.754399e-06    5.365607e-03    4.487022e-06
    5.888437e-06    5.490695e-03    4.621946e-06
    6.025596e-06    5.618699e-03    4.761027e-06
    6.165950e-06    5.749688e-03    4.904284e-06
    6.309573e-06    5.883731e-03    5.051845e-06
    6.456542e-06    6.020901e-03    5.203838e-06
    6.606934e-06    6.161269e-03    5.360396e-06
    6.760830e-06    6.304910e-03    5.520986e-06
    6.918310e-06    6.451901e-03    5.687054e-06
    7.079458e-06    6.602320e-03    5.857541e-06
    7.244360e-06    6.756246e-03    6.033730e-06
    7.413102e-06    6.913762e-03    6.214453e-06
    7.585776e-06    7.074952e-03    6.400721e-06
    7.762471e-06    7.239900e-03    6.593219e-06
    7.943282e-06    7.408695e-03    6.790331e-06
    8.128305e-06    7.581427e-03    6.994158e-06
    8.317638e-06    7.758186e-03    7.202874e-06
    8.511380e-06    7.939068e-03    7.419452e-06
    8.709636e-06    8.124169e-03    7.641767e-06
    8.912509e-06    8.313586e-03    7.869772e-06
    9.120108e-06    8.507420e-03    8.105555e-06
    9.332543e-06    8.705776e-03    8.347371e-06
    9.549926e-06    8.908757e-03    8.597413e-06
    9.772372e-06    9.116472e-03    8.853874e-06
    1.000000e-05    9.329032e-03    9.117971e-06
    1.023293e-05    9.546549e-03    9.391079e-06
    1.047129e-05    9.769139e-03    9.671170e-06
    1.071519e-05    9.996920e-03    9.959785e-06
    1.096478e-05    1.023001e-02    1.025680e-05
    1.122018e-05    1.046854e-02    1.056266e-05
    1.148154e-05    1.071264e-02    1.087786e-05
    1.174898e-05    1.096243e-02    1.120107e-05
    1.202264e-05    1.121804e-02    1.153504e-05
    1.230269e-05    1.147961e-02    1.187770e-05
    1.258925e-05    1.174729e-02    1.223206e-05
    1.288250e-05    1.202121e-02    1.259670e-05
    1.318257e-05    1.230152e-02    1.297087e-05
    1.348963e-05    1.258836e-02    1.335614e-05
    1.380384e-05    1.288190e-02    1.375278e-05
    1.412538e-05    1.318228e-02    1.416122e-05
    1.445440e-05    1.348967e-02    1.458176e-05
    1.479108e-05    1.380423e-02    1.501477e-05
    1.513561e-05    1.412613e-02    1.546056e-05
    1.548817e-05    1.445554e-02    1.591798e-05
    1.584893e-05    1.479263e-02    1.639058e-05
    1.621810e-05    1.513758e-02    1.687545e-05
    1.659587e-05    1.549058e-02    1.737643e-05
    1.698244e-05    1.585181e-02    1.789033e-05
    1.737801e-05    1.622147e-02    1.841947e-05
    1.778279e-05    1.659976e-02    1.896618e-05
    1.819701e-05    1.698686e-02    1.952464e-05
    1.862087e-05    1.738300e-02    2.010192e-05
    1.905461e-05    1.778838e-02    2.069632e-05
    1.949845e-05    1.820321e-02    2.130824e-05
    1.995262e-05    1.862773e-02    2.193777e-05
    2.041738e-05    1.906214e-02    2.258389e-05
    2.089296e-05    1.950669e-02    2.324859e-05
    2.137962e-05    1.996161e-02    2.393580e-05
    2.187762e-05    2.042714e-02    2.464081e-05
    2.238721e-05    2.090354e-02    2.536570e-05
    2.290868e-05    2.139104e-02    2.611534e-05
    2.344229e-05    2.188992e-02    2.688090e-05
    2.398833e-05    2.240044e-02    2.767511e-05
    2.454709e-05    2.292287e-02    2.848627e-05
    2.511886e-05    2.345749e-02    2.932422e-05
    2.570396e-05    2.400458e-02    3.018408e-05
    2.630268e-05    2.456443e-02    3.107184e-05
    2.691535e-05    2.513735e-02    3.198228e-05
    2.754229e-05    2.572363e-02    3.291918e-05
    2.818383e-05    2.632359e-02    3.388787e-05
    2.884032e-05    2.693755e-02    3.488058e-05
    2.951209e-05    2.756583e-02    3.590214e-05
    3.019952e-05    2.820877e-02    3.694977e-05
    3.090295e-05    2.886671e-02    3.803191e-05
    3.162278e-05    2.954001e-02    3.914549e-05
    3.235937e-05    3.022901e-02    4.028746e-05
    3.311311e-05    3.093409e-02    4.146707e-05
    3.388442e-05    3.165562e-02    4.267636e-05
    3.467369e-05    3.239399e-02    4.392100e-05
    3.548134e-05    3.314958e-02    4.520668e-05
    3.630781e-05    3.392280e-02    4.652467e-05
    3.715352e-05    3.471407e-02    4.788119e-05
    3.801894e-05    3.552380e-02    4.927061e-05
    3.890451e-05    3.635242e-02    5.070693e-05
    3.981072e-05    3.720038e-02    5.218498e-05
    4.073803e-05    3.806812e-02    5.369884e-05
    4.168694e-05    3.895612e-02    5.525782e-05
    4.265795e-05    3.986483e-02    5.686778e-05
    4.365158e-05    4.079475e-02    5.851729e-05
    4.466836e-05    4.174637e-02    6.021565e-05
    4.570882e-05    4.272019e-02    6.196159e-05
    4.677351e-05    4.371675e-02    6.375135e-05
    4.786301e-05    4.473655e-02    6.560069e-05
    4.897788e-05    4.578015e-02    6.750253e-05
    5.011872e-05    4.684811e-02    6.945131e-05
    5.128614e-05    4.794099e-02    7.146575e-05
    5.248075e-05    4.905937e-02    7.352848e-05
    5.370318e-05    5.020385e-02    7.565093e-05
    5.495409e-05    5.137504e-02    7.783395e-05
    5.623413e-05    5.257357e-02    8.008017e-05
    5.754399e-05    5.380006e-02    8.239046e-05
    5.888437e-05    5.505518e-02    8.476763e-05
    6.025596e-05    5.633959e-02    8.720289e-05
    6.165950e-05    5.765397e-02    8.971830e-05
    6.309573e-05    5.899903e-02    9.229513e-05
    6.456542e-05    6.037549e-02    9.494619e-05
    6.606934e-05    6.178406e-02    9.768339e-05
    6.760830e-05    6.322552e-02    1.004754e-04
    6.918310e-05    6.470061e-02    1.033596e-04
    7.079458e-05    6.621013e-02    1.063263e-04
    7.244360e-05    6.775488e-02    1.093763e-04
    7.413102e-05    6.933569e-02    1.125021e-04
    7.585776e-05    7.095339e-02    1.157285e-04
    7.762471e-05    7.260885e-02    1.190349e-04
    7.943282e-05    7.430295e-02    1.224330e-04
    8.128305e-05    7.603659e-02    1.259284e-04
    8.317638e-05    7.781070e-02    1.295246e-04
    8.511380e-05    7.962621e-02    1.332205e-04
    8.709636e-05    8.148411e-02    1.370222e-04
    8.912509e-05    8.338536e-02    1.409147e-04
    9.120108e-05    8.533100e-02    1.449337e-04
    9.332543e-05    8.732205e-02    1.490507e-04
    9.549926e-05    8.935958e-02    1.532828e-04
    9.772372e-05    9.144466e-02    1.576344e-04
    1.000000e-04    9.357842e-02    1.621099e-04
    1.023293e-04    9.576199e-02    1.667105e-04
    1.047129e-04    9.799652e-02    1.714408e-04
    1.071519e-04    1.002832e-01    1.762809e-04
    1.096478e-04    1.026233e-01    1.812824e-04
    1.122018e-04    1.050180e-01    1.863985e-04
    1.148154e-04    1.074686e-01    1.916613e-04
    1.174898e-04    1.099764e-01    1.970682e-04
    1.202264e-04    1.125428e-01    2.026541e-04
    1.230269e-04    1.151690e-01    2.083461e-04
    1.258925e-04    1.178566e-01    2.142204e-04
    1.288250e-04    1.206069e-01    2.202630e-04
    1.318257e-04    1.234214e-01    2.264440e-04
    1.348963e-04    1.263017e-01    2.328248e-04
    1.380384e-04    1.292491e-01    2.393556e-04
    1.412538e-04    1.322654e-01    2.460681e-04
    1.445440e-04    1.353521e-01    2.529675e-04
    1.479108e-04    1.385109e-01    2.600610e-04
    1.513561e-04    1.417434e-01    2.673495e-04
    1.548817e-04    1.450513e-01    2.748029e-04
    1.584893e-04    1.484365e-01    2.825012e-04
    1.621810e-04    1.519008e-01    2.903783e-04
    1.659587e-04    1.554459e-01    2.984680e-04
    1.698244e-04    1.590738e-01    3.067862e-04
    1.737801e-04    1.627863e-01    3.153289e-04
    1.778279e-04    1.665856e-01    3.241074e-04
    1.819701e-04    1.704736e-01    3.331336e-04
    1.862087e-04    1.744523e-01    3.423612e-04
    1.905461e-04    1.785239e-01    3.518852e-04
    1.949845e-04    1.826907e-01    3.616234e-04
    1.995262e-04    1.869546e-01    3.716321e-04
    2.041738e-04    1.913182e-01    3.819388e-04
    2.089296e-04    1.957836e-01    3.925041e-04
    2.137962e-04    2.003533e-01    4.033335e-04
    2.187762e-04    2.050297e-01    4.144845e-04
    2.238721e-04    2.098153e-01    4.259337e-04
    2.290868e-04    2.147126e-01    4.376433e-04
    2.344229e-04    2.197188e-01    4.459593e-04
    2.398833e-04    2.248473e-01    4.582351e-04
    2.454709e-04    2.300955e-01    4.707790e-04
    2.511886e-04    2.354663e-01    4.836289e-04
    2.570396e-04    2.409625e-01    4.968668e-04
    2.630268e-04    2.465871e-01    5.104190e-04
    2.691535e-04    2.523429e-01    5.243719e-04
    2.754229e-04    2.582332e-01    5.386315e-04
    2.818383e-04    2.642610e-01    5.532709e-04
    2.884032e-04    2.704292e-01    5.442485e-04
    2.951209e-04    2.767415e-01    5.509457e-04
    3.019952e-04    2.832009e-01    5.572265e-04
    3.090295e-04    2.898110e-01    5.635797e-04
    3.162278e-04    2.965752e-01    5.699865e-04
    3.235937e-04    3.034972e-01    5.765278e-04
    3.311311e-04    3.105805e-01    5.831476e-04
    3.388442e-04    3.178290e-01    5.898903e-04
    3.467369e-04    3.252465e-01    5.962991e-04
    3.548134e-04    3.328369e-01    6.032957e-04
    3.630781e-04    3.406042e-01    6.104551e-04
    3.715352e-04    3.485527e-01    6.172962e-04
    3.801894e-04    3.566865e-01    6.247740e-04
    3.890451e-04    3.650100e-01    6.324398e-04
    3.981072e-04    3.735275e-01    6.397851e-04
    4.073803e-04    3.822435e-01    6.477974e-04
    4.168694e-04    3.911628e-01    6.560264e-04
    4.265795e-04    4.002901e-01    6.640372e-04
    4.365158e-04    4.096301e-01    6.726211e-04
    4.466836e-04    4.191880e-01    6.815064e-04
    4.570882e-04    4.289686e-01    6.906006e-04
    4.677351e-04    4.389773e-01    6.999696e-04
    4.786301e-04    4.492193e-01    7.095993e-04
    4.897788e-04    4.597002e-01    7.194741e-04
    5.011872e-04    4.704254e-01    7.296358e-04
    5.128614e-04    4.814007e-01    7.400687e-04
    5.248075e-04    4.926319e-01    7.508477e-04
    5.370318e-04    5.041250e-01    7.619280e-04
    5.495409e-04    5.158860e-01    7.738404e-04
    5.623413e-04    5.279212e-01    7.855453e-04
    5.754399e-04    5.402371e-01    7.981656e-04
    5.888437e-04    5.528402e-01    8.106252e-04
    6.025596e-04    5.657371e-01    8.239885e-04
    6.165950e-04    5.789347e-01    8.373474e-04
    6.309573e-04    5.924401e-01    8.514205e-04
    6.456542e-04    6.062604e-01    8.660220e-04
    6.606934e-04    6.204030e-01    8.811031e-04
    6.760830e-04    6.348753e-01    8.966104e-04
    6.918310e-04    6.496852e-01    9.126402e-04
    7.079458e-04    6.648403e-01    9.293745e-04
    7.244360e-04    6.803489e-01    9.467657e-04
    7.413102e-04    6.962191e-01    9.643565e-04
    7.585776e-04    7.124595e-01    9.830226e-04
    7.762471e-04    7.290785e-01    1.001805e-03
    7.943282e-04    7.460851e-01    1.021712e-03
    8.128305e-04    7.634884e-01    1.042252e-03
    8.317638e-04    7.812974e-01    1.063452e-03
    8.511380e-04    7.995219e-01    1.085364e-03
    8.709636e-04    8.181713e-01    1.107973e-03
    8.912509e-04    8.372557e-01    1.131369e-03
    9.120108e-04    8.567852e-01    1.155992e-03
    9.332543e-04    8.767701e-01    1.180958e-03
    9.549926e-04    8.972212e-01    1.207235e-03
    9.772372e-04    9.181493e-01    1.234414e-03
    1.000000e-03    9.395654e-01    1.262508e-03
    1.023293e-03    9.614811e-01    1.291527e-03
    1.047129e-03    9.839080e-01    1.321538e-03
    1.071519e-03    1.006858e+00    1.352555e-03
    1.096478e-03    1.030343e+00    1.385149e-03
    1.122018e-03    1.054376e+00    1.418312e-03
    1.148154e-03    1.078970e+00    1.453127e-03
    1.174898e-03    1.104138e+00    1.489139e-03
    1.202264e-03    1.129892e+00    1.526368e-03
    1.230269e-03    1.156247e+00    1.564894e-03
    1.258925e-03    1.183217e+00    1.604951e-03
    1.288250e-03    1.210817e+00    1.646410e-03
    1.318257e-03    1.239060e+00    1.689551e-03
    1.348963e-03    1.267962e+00    1.733660e-03
    1.380384e-03    1.297538e+00    1.779849e-03
    1.412538e-03    1.327804e+00    1.827822e-03
    1.445440e-03    1.358777e+00    1.877496e-03
    1.479108e-03    1.390472e+00    1.928606e-03
    1.513561e-03    1.422906e+00    1.982022e-03
    1.548817e-03    1.456097e+00    2.037300e-03
    1.584893e-03    1.490063e+00    2.094515e-03
    1.621810e-03    1.524821e+00    2.153671e-03
    1.659587e-03    1.560391e+00    2.214954e-03
    1.698244e-03    1.596790e+00    2.278842e-03
    1.737801e-03    1.634038e+00    2.344818e-03
    1.778279e-03    1.672156e+00    2.412742e-03
    1.819701e-03    1.711164e+00    2.484095e-03
    1.862087e-03    1.751081e+00    2.557494e-03
    1.905461e-03    1.791930e+00    2.633410e-03
    1.949845e-03    1.833733e+00    2.712458e-03
    1.995262e-03    1.876511e+00    2.794224e-03
    2.041738e-03    1.920287e+00    2.878935e-03
    2.089296e-03    1.965085e+00    2.967190e-03
    2.137962e-03    2.010929e+00    3.057793e-03
    2.187762e-03    2.057842e+00    3.152168e-03
    2.238721e-03    2.105851e+00    3.249913e-03
    2.290868e-03    2.154980e+00    3.351072e-03
    2.344229e-03    2.205256e+00    3.456150e-03
    2.398833e-03    2.256706e+00    3.564658e-03
    2.454709e-03    2.309356e+00    3.677352e-03
    2.511886e-03    2.363236e+00    3.793757e-03
    2.570396e-03    2.418373e+00    3.915022e-03
    2.630268e-03    2.474798e+00    4.040427e-03
    2.691535e-03    2.532540e+00    4.169570e-03
    2.754229e-03    2.591630e+00    4.304419e-03
    2.818383e-03    2.652099e+00    4.443583e-03
    2.884032e-03    2.713980e+00    4.587783e-03
    2.951209e-03    2.777306e+00    4.737445e-03
    3.019952e-03    2.842111e+00    4.891749e-03
    3.090295e-03    2.908429e+00    5.051857e-03
    3.162278e-03    2.976295e+00    5.217680e-03
    3.235937e-03    3.045746e+00    5.389390e-03
    3.311311e-03    3.116819e+00    5.567117e-03
    3.388442e-03    3.189552e+00    5.751145e-03
    3.467369e-03    3.263983e+00    5.941433e-03
    3.548134e-03    3.340152e+00    6.138792e-03
    3.630781e-03    3.418101e+00    6.342894e-03
    3.715352e-03    3.497869e+00    6.554095e-03
    3.801894e-03    3.579501e+00    6.772654e-03
    3.890451e-03    3.663039e+00    6.998841e-03
    3.981072e-03    3.748529e+00    7.233222e-03
    4.073803e-03    3.836015e+00    7.474291e-03
    4.092607e-03    3.853756e+00    7.524258e-03
    4.111497e-03    3.871579e+00    7.573882e-03
    4.130475e-03    3.889485e+00    7.624159e-03
    4.149540e-03    3.907474e+00    7.674428e-03
    4.168694e-03    3.925545e+00    7.725036e-03
    4.187936e-03    3.943701e+00    7.776415e-03
    4.207266e-03    3.961940e+00    7.827750e-03
    4.226686e-03    3.980264e+00    7.879414e-03
    4.246196e-03    3.998673e+00    7.931834e-03
    4.265795e-03    4.017167e+00    7.984207e-03
    4.285485e-03    4.035746e+00    8.036949e-03
    4.305266e-03    4.054412e+00    8.089936e-03
    4.325138e-03    4.073164e+00    8.143916e-03
    4.345102e-03    4.092002e+00    8.197726e-03
    4.365158e-03    4.110928e+00    8.251915e-03
    4.385307e-03    4.129942e+00    8.306469e-03
    4.405549e-03    4.149043e+00    8.361966e-03
    4.425884e-03    4.168233e+00    8.417151e-03
    4.446313e-03    4.187512e+00    8.472828e-03
    4.466836e-03    4.206880e+00    8.528880e-03
    4.487454e-03    4.226338e+00    8.585311e-03
    4.508167e-03    4.245886e+00    8.642123e-03
    4.528976e-03    4.265524e+00    8.700088e-03
    4.549881e-03    4.285253e+00    8.756683e-03
    4.570882e-03    4.305074e+00    8.815416e-03
    4.591980e-03    4.324986e+00    8.873790e-03
    4.613176e-03    4.344990e+00    8.932545e-03
    4.634469e-03    4.365087e+00    8.991710e-03
    4.655861e-03    4.385277e+00    9.051276e-03
    4.677351e-03    4.405561e+00    9.111231e-03
    4.698941e-03    4.425938e+00    9.171605e-03
    4.720630e-03    4.446410e+00    9.232387e-03
    4.742420e-03    4.466977e+00    9.293579e-03
    4.764310e-03    4.487639e+00    9.355186e-03
    4.786301e-03    4.508396e+00    9.417209e-03
    4.808393e-03    4.529250e+00    9.479641e-03
    4.830588e-03    4.550200e+00    9.542507e-03
    4.852885e-03    4.571247e+00    9.605787e-03
    4.875285e-03    4.592391e+00    9.668617e-03
    4.897788e-03    4.613634e+00    9.732857e-03
    4.920395e-03    4.634974e+00    9.797468e-03
    4.943107e-03    4.656414e+00    9.862476e-03
    4.965923e-03    4.677953e+00    9.927925e-03
    4.988845e-03    4.699591e+00    9.993786e-03
    5.011872e-03    4.721330e+00    1.006015e-02
    5.035006e-03    4.743170e+00    1.012697e-02
    5.058247e-03    4.765110e+00    1.019331e-02
    5.081594e-03    4.787152e+00    1.026099e-02
    5.105050e-03    4.809296e+00    1.032912e-02
    5.128614e-03    4.831543e+00    1.039773e-02
    5.152286e-03    4.853893e+00    1.046687e-02
    5.176068e-03    4.876346e+00    1.053539e-02
    5.199960e-03    4.898903e+00    1.060537e-02
    5.223962e-03    4.921564e+00    1.067583e-02
    5.248075e-03    4.944331e+00    1.074578e-02
    5.272299e-03    4.967203e+00    1.081719e-02
    5.296634e-03    4.990180e+00    1.088908e-02
    5.321083e-03    5.013264e+00    1.096042e-02
    5.345644e-03    5.036456e+00    1.103327e-02
    5.370318e-03    5.059754e+00    1.110662e-02
    5.395106e-03    5.083160e+00    1.117937e-02
    5.420009e-03    5.106675e+00    1.125370e-02
    5.445027e-03    5.130299e+00    1.132738e-02
    5.470160e-03    5.154031e+00    1.140272e-02
    5.495409e-03    5.177874e+00    1.147856e-02
    5.520774e-03    5.201828e+00    1.155372e-02
    5.546257e-03    5.225892e+00    1.163057e-02
    5.571857e-03    5.250067e+00    1.170672e-02
    5.597576e-03    5.274355e+00    1.178459e-02
    5.623413e-03    5.298755e+00    1.186174e-02
    5.649370e-03    5.323268e+00    1.194066e-02
    5.675446e-03    5.347894e+00    1.201882e-02
    5.701643e-03    5.372635e+00    1.209879e-02
    5.727960e-03    5.397490e+00    1.217797e-02
    5.754399e-03    5.422460e+00    1.225901e-02
    5.780960e-03    5.447546e+00    1.233923e-02
    5.807644e-03    5.472748e+00    1.241997e-02
    5.834451e-03    5.498066e+00    1.250263e-02
    5.861382e-03    5.523502e+00    1.258442e-02
    5.888437e-03    5.549056e+00    1.266817e-02
    5.915616e-03    5.574728e+00    1.275105e-02
    5.942922e-03    5.600519e+00    1.283443e-02
    5.970353e-03    5.626429e+00    1.291845e-02
    5.997911e-03    5.652460e+00    1.300436e-02
    6.025596e-03    5.678611e+00    1.308938e-02
    6.053409e-03    5.704883e+00    1.317646e-02
    6.081350e-03    5.731276e+00    1.326266e-02
    6.109420e-03    5.757792e+00    1.334934e-02
    6.137620e-03    5.784431e+00    1.343658e-02
    6.165950e-03    5.811193e+00    1.352448e-02
    6.194411e-03    5.838079e+00    1.361444e-02
    6.223003e-03    5.865089e+00    1.370338e-02
    6.251727e-03    5.892225e+00    1.379288e-02
    6.280584e-03    5.919486e+00    1.388297e-02
    6.309573e-03    5.946873e+00    1.397529e-02
    6.338697e-03    5.974388e+00    1.406668e-02
    6.367955e-03    6.002030e+00    1.415853e-02
    6.397348e-03    6.029799e+00    1.425096e-02
    6.426877e-03    6.057698e+00    1.434397e-02
    6.456542e-03    6.085725e+00    1.443757e-02
    6.486344e-03    6.113882e+00    1.453179e-02
    6.516284e-03    6.142170e+00    1.462659e-02
    6.546362e-03    6.170589e+00    1.472200e-02
    6.576578e-03    6.199139e+00    1.481802e-02
    6.606934e-03    6.227822e+00    1.491463e-02
    6.637431e-03    6.256637e+00    1.501190e-02
    6.668068e-03    6.285586e+00    1.510975e-02
    6.698846e-03    6.314669e+00    1.520825e-02
    6.729767e-03    6.343887e+00    1.530734e-02
    6.760830e-03    6.373240e+00    1.540711e-02
    6.792036e-03    6.402729e+00    1.550748e-02
    6.823387e-03    6.432355e+00    1.560849e-02
    6.854882e-03    6.462117e+00    1.571017e-02
    6.886523e-03    6.492018e+00    1.581247e-02
    6.918310e-03    6.522057e+00    1.591542e-02
    6.950243e-03    6.552235e+00    1.601905e-02
    6.982324e-03    6.582553e+00    1.612323e-02
    7.014553e-03    6.613012e+00    1.622595e-02
    7.046931e-03    6.643611e+00    1.633134e-02
    7.079458e-03    6.674352e+00    1.643756e-02
    7.112135e-03    6.705236e+00    1.654448e-02
    7.144963e-03    6.736262e+00    1.665208e-02
    7.177943e-03    6.767433e+00    1.675999e-02
    7.211075e-03    6.798747e+00    1.686663e-02
    7.244360e-03    6.830207e+00    1.697626e-02
    7.277798e-03    6.861813e+00    1.708660e-02
    7.311391e-03    6.893564e+00    1.719717e-02
    7.345139e-03    6.925463e+00    1.730652e-02
    7.379042e-03    6.957510e+00    1.741891e-02
    7.413102e-03    6.989705e+00    1.752960e-02
    7.447320e-03    7.022049e+00    1.764293e-02
    7.481695e-03    7.054543e+00    1.775742e-02
    7.516229e-03    7.087188e+00    1.787000e-02
    7.550922e-03    7.119984e+00    1.798558e-02
    7.585776e-03    7.152931e+00    1.810225e-02
    7.620790e-03    7.186032e+00    1.821650e-02
    7.655966e-03    7.219285e+00    1.833466e-02
    7.691304e-03    7.252693e+00    1.845302e-02
    7.726806e-03    7.286255e+00    1.856984e-02
    7.762471e-03    7.319973e+00    1.868992e-02
    7.798301e-03    7.353847e+00    1.880795e-02
    7.834296e-03    7.387878e+00    1.892970e-02
    7.870458e-03    7.422067e+00    1.904890e-02
    7.906786e-03    7.456414e+00    1.917209e-02
    7.943282e-03    7.490920e+00    1.929276e-02
    7.979947e-03    7.525585e+00    1.941465e-02
    8.016781e-03    7.560412e+00    1.953966e-02
    8.053784e-03    7.595400e+00    1.966263e-02
    8.090959e-03    7.630550e+00    1.978955e-02
    8.128305e-03    7.665862e+00    1.991369e-02
    8.165824e-03    7.701338e+00    2.004238e-02
    8.203515e-03    7.736979e+00    2.016811e-02
    8.241381e-03    7.772785e+00    2.029456e-02
    8.279422e-03    7.808756e+00    2.042559e-02
    8.317638e-03    7.844894e+00    2.055352e-02
    8.356030e-03    7.881200e+00    2.068213e-02
    8.394600e-03    7.917674e+00    2.081561e-02
    8.433348e-03    7.954316e+00    2.094579e-02
    8.472274e-03    7.991129e+00    2.107671e-02
    8.511380e-03    8.028112e+00    2.121198e-02
    8.550667e-03    8.065266e+00    2.134500e-02
    8.590135e-03    8.102592e+00    2.147835e-02
    8.629785e-03    8.140092e+00    2.161231e-02
    8.669619e-03    8.177765e+00    2.175050e-02
    8.709636e-03    8.215612e+00    2.188386e-02
    8.749838e-03    8.253635e+00    2.202337e-02
    8.790225e-03    8.291834e+00    2.216058e-02
    8.830799e-03    8.330210e+00    2.229848e-02
    8.871560e-03    8.368764e+00    2.243716e-02
    8.912509e-03    8.407496e+00    2.258009e-02
    8.953648e-03    8.446408e+00    2.272095e-02
    8.994976e-03    8.485500e+00    2.286262e-02
    9.036495e-03    8.524773e+00    2.300143e-02
    9.078205e-03    8.564228e+00    2.314768e-02
    9.120108e-03    8.603866e+00    2.329122e-02
    9.162205e-03    8.643687e+00    2.343557e-02
    9.204496e-03    8.683693e+00    2.358071e-02
    9.246982e-03    8.723885e+00    2.372677e-02
    9.289664e-03    8.764262e+00    2.387363e-02
    9.332543e-03    8.804827e+00    2.402121e-02
    9.375620e-03    8.845579e+00    2.416981e-02
    9.418896e-03    8.886520e+00    2.431902e-02
    9.462372e-03    8.927651e+00    2.446927e-02
    9.506048e-03    8.968973e+00    2.461643e-02
    9.549926e-03    9.010485e+00    2.476766e-02
    9.594006e-03    9.052191e+00    2.492371e-02
    9.638290e-03    9.094089e+00    2.507268e-02
    9.682779e-03    9.136181e+00    2.522716e-02
    9.727472e-03    9.178469e+00    2.538238e-02
    9.772372e-03    9.220952e+00    2.553846e-02
    9.817479e-03    9.263632e+00    2.569539e-02
    9.862795e-03    9.306510e+00    2.585269e-02
    9.908319e-03    9.349587e+00    2.601010e-02
    9.954054e-03    9.392863e+00    2.616546e-02
    1.000000e-02    9.436340e+00    2.632589e-02
    1.004616e-02    9.480018e+00    2.648721e-02
    1.009253e-02    9.523898e+00    2.664769e-02
    1.013911e-02    9.567981e+00    2.680603e-02
    1.018591e-02    9.612269e+00    2.697004e-02
    1.023293e-02    9.656762e+00    2.713412e-02
    1.028016e-02    9.701462e+00    2.729407e-02
    1.032761e-02    9.746368e+00    2.746068e-02
    1.037528e-02    9.791482e+00    2.762761e-02
    1.042317e-02    9.836805e+00    2.778968e-02
    1.047129e-02    9.882339e+00    2.795921e-02
    1.051962e-02    9.928083e+00    2.812317e-02
    1.056818e-02    9.974039e+00    2.829339e-02
    1.061696e-02    1.002021e+01    2.846544e-02
    1.066596e-02    1.006659e+01    2.863120e-02
    1.071519e-02    1.011319e+01    2.880517e-02
    1.076465e-02    1.016000e+01    2.897220e-02
    1.081434e-02    1.020703e+01    2.914810e-02
    1.086426e-02    1.025428e+01    2.931721e-02
    1.091440e-02    1.030175e+01    2.949474e-02
    1.096478e-02    1.034944e+01    2.966529e-02
    1.101539e-02    1.039734e+01    2.984478e-02
    1.106624e-02    1.044547e+01    3.001711e-02
    1.111732e-02    1.049383e+01    3.019859e-02
    1.116863e-02    1.054240e+01    3.037254e-02
    1.122018e-02    1.059121e+01    3.054912e-02
    1.127197e-02    1.064023e+01    3.073162e-02
    1.132400e-02    1.068949e+01    3.090814e-02
    1.137627e-02    1.073897e+01    3.108835e-02
    1.142878e-02    1.078869e+01    3.127251e-02
    1.148154e-02    1.083863e+01    3.145184e-02
    1.153453e-02    1.088880e+01    3.164079e-02
    1.158777e-02    1.093921e+01    3.182156e-02
    1.164126e-02    1.098985e+01    3.200331e-02
    1.169499e-02    1.104073e+01    3.218753e-02
    1.174898e-02    1.109184e+01    3.237864e-02
    1.180321e-02    1.114318e+01    3.256325e-02
    1.185769e-02    1.119477e+01    3.274821e-02
    1.191242e-02    1.124659e+01    3.294201e-02
    1.196741e-02    1.129866e+01    3.312455e-02
    1.202264e-02    1.135096e+01    3.331897e-02
    1.207814e-02    1.140351e+01    3.350785e-02
    1.213389e-02    1.145630e+01    3.369727e-02
    1.218990e-02    1.150934e+01    3.388771e-02
    1.224616e-02    1.156262e+01    3.407942e-02
    1.230269e-02    1.161615e+01    3.427268e-02
    1.235947e-02    1.166992e+01    3.447360e-02
    1.241652e-02    1.172395e+01    3.466112e-02
    1.247384e-02    1.177823e+01    3.486381e-02
    1.253141e-02    1.183275e+01    3.505934e-02
    1.258925e-02    1.188753e+01    3.525618e-02
    1.264736e-02    1.194257e+01    3.545382e-02
    1.270574e-02    1.199785e+01    3.565197e-02
    1.276439e-02    1.205340e+01    3.585146e-02
    1.282331e-02    1.210920e+01    3.604341e-02
    1.288250e-02    1.216526e+01    3.625169e-02
    1.294196e-02    1.222158e+01    3.645268e-02
    1.300170e-02    1.227816e+01    3.665443e-02
    1.306171e-02    1.233500e+01    3.684909e-02
    1.312200e-02    1.239211e+01    3.705348e-02
    1.318257e-02    1.244948e+01    3.725897e-02
    1.324342e-02    1.250712e+01    3.746524e-02
    1.330454e-02    1.256502e+01    3.767199e-02
    1.336596e-02    1.262319e+01    3.786930e-02
    1.342765e-02    1.268164e+01    3.807684e-02
    1.348963e-02    1.274035e+01    3.828710e-02
    1.355189e-02    1.279933e+01    3.849749e-02
    1.361445e-02    1.285859e+01    3.869660e-02
    1.367729e-02    1.291812e+01    3.890841e-02
    1.374042e-02    1.297793e+01    3.912238e-02
    1.380384e-02    1.303801e+01    3.933364e-02
    1.386756e-02    1.309838e+01    3.953792e-02
    1.393157e-02    1.315902e+01    3.975412e-02
    1.399587e-02    1.321994e+01    3.995666e-02
    1.406048e-02    1.328115e+01    4.017500e-02
    1.722001e-02    1.627547e+01    4.048621e-02
    1.762603e-02    1.666018e+01    4.147617e-02
    1.804168e-02    1.705406e+01    4.247886e-02
    1.846722e-02    1.745730e+01    4.349382e-02
    1.890285e-02    1.787016e+01    4.452060e-02
    1.934884e-02    1.829283e+01    4.555868e-02
    1.980541e-02    1.872557e+01    4.660751e-02
    2.027282e-02    1.916862e+01    4.766654e-02
    2.075135e-02    1.962222e+01    4.873514e-02
    2.124123e-02    2.008661e+01    4.981271e-02
    2.174276e-02    2.056206e+01    5.089856e-02
    2.225620e-02    2.104883e+01    5.199203e-02
    2.278183e-02    2.154719e+01    5.309240e-02
    2.331995e-02    2.205741e+01    5.419895e-02
    2.387085e-02    2.257979e+01    5.531097e-02
    2.443484e-02    2.311459e+01    5.642767e-02
    2.501222e-02    2.366212e+01    5.754834e-02
    2.560331e-02    2.422269e+01    5.867223e-02
    2.620846e-02    2.479659e+01    5.979859e-02
    2.682796e-02    2.538415e+01    6.092673e-02
    2.746218e-02    2.598569e+01    6.205596e-02
    2.811145e-02    2.660154e+01    6.318565e-02
    2.877614e-02    2.723203e+01    6.431521e-02
    2.945660e-02    2.787751e+01    6.544412e-02
    3.015321e-02    2.853834e+01    6.657196e-02
    3.086636e-02    2.921488e+01    6.769840e-02
    3.159641e-02    2.990750e+01    6.882323e-02
    3.234380e-02    3.061656e+01    6.994638e-02
    3.310891e-02    3.134248e+01    7.106798e-02
    3.389214e-02    3.208563e+01    7.218832e-02
    3.469396e-02    3.284643e+01    7.330792e-02
    3.551478e-02    3.362527e+01    7.442758e-02
    3.635503e-02    3.442260e+01    7.554839e-02
    3.721520e-02    3.523885e+01    7.667178e-02
    3.809573e-02    3.607445e+01    7.779954e-02
    3.899711e-02    3.692986e+01    7.893391e-02
    3.991981e-02    3.780553e+01    8.007762e-02
    4.086435e-02    3.870195e+01    8.123392e-02
    4.183123e-02    3.961960e+01    8.240669e-02
    4.282096e-02    4.055897e+01    8.360049e-02
    4.383409e-02    4.152057e+01    8.482061e-02
    4.487115e-02    4.250492e+01    8.607320e-02
    4.593270e-02    4.351254e+01    8.736537e-02
    4.701931e-02    4.454398e+01    8.870521e-02
    4.813156e-02    4.559979e+01    9.010200e-02
    4.927005e-02    4.668054e+01    9.156625e-02
    5.043538e-02    4.778681e+01    9.310990e-02
    5.162818e-02    4.891919e+01    9.474642e-02
    5.284908e-02    5.007829e+01    9.649094e-02
    5.409873e-02    5.126472e+01    9.836051e-02
    5.537779e-02    5.247913e+01    1.003742e-01
    5.668695e-02    5.372216e+01    1.025533e-01
    5.802689e-02    5.499448e+01    1.049216e-01
    5.939833e-02    5.629676e+01    1.075055e-01
    6.080201e-02    5.762971e+01    1.103346e-01
    6.223865e-02    5.899404e+01    1.134413e-01
    6.370902e-02    6.039048e+01    1.168621e-01
    6.521389e-02    6.181977e+01    1.206368e-01
    6.675406e-02    6.328268e+01    1.248098e-01
    6.833035e-02    6.478000e+01    1.294299e-01
    6.994360e-02    6.631253e+01    1.345510e-01
    7.159464e-02    6.788110e+01    1.402323e-01
    7.328434e-02    6.948655e+01    1.465393e-01
    7.501361e-02    7.112973e+01    1.535437e-01
    7.678334e-02    7.281156e+01    1.613241e-01
    7.859450e-02    7.453292e+01    1.699673e-01
    8.044801e-02    7.629477e+01    1.795680e-01
    8.234487e-02    7.809806e+01    1.902301e-01
    8.428607e-02    7.994377e+01    2.020673e-01
    8.627266e-02    8.183293e+01    2.152041e-01
    8.830566e-02    8.376655e+01    2.297767e-01
    9.038618e-02    8.574572e+01    2.459337e-01
    9.251529e-02    8.777153e+01    2.638376e-01
    9.469416e-02    8.984512e+01    2.836657e-01
    9.692393e-02    9.196763e+01    3.056115e-01
    9.920580e-02    9.414029e+01    3.298858e-01
    1.015410e-01    9.636431e+01    3.567187e-01
    1.039307e-01    9.864097e+01    3.863607e-01
    1.063763e-01    1.009716e+02    4.190846e-01
    1.076205e-01    1.021576e+02    4.366940e-01
    1.088792e-01    1.033574e+02    4.551874e-01
    1.101524e-01    1.045716e+02    4.746058e-01
    1.114404e-01    1.058001e+02    4.949923e-01
    1.127435e-01    1.070431e+02    5.163920e-01
    1.140617e-01    1.083008e+02    5.388513e-01
    1.153953e-01    1.095734e+02    5.624192e-01
    1.167443e-01    1.108611e+02    5.871466e-01
    1.181091e-01    1.121642e+02    6.130864e-01
    1.194898e-01    1.134826e+02    6.402941e-01
    1.208866e-01    1.148168e+02    6.688272e-01
    1.222996e-01    1.161669e+02    6.987457e-01
    1.237291e-01    1.175331e+02    7.301126e-01
    1.251752e-01    1.189156e+02    7.629929e-01
    1.266383e-01    1.203146e+02    7.974546e-01
    1.281185e-01    1.217304e+02    8.335690e-01
    1.296159e-01    1.231631e+02    8.714096e-01
    1.311331e-01    1.246153e+02    9.109899e-01
    1.326720e-01    1.260886e+02    9.523563e-01
    1.342310e-01    1.275816e+02    9.956456e-01
    1.358098e-01    1.290942e+02    1.040963e+00
    1.374086e-01    1.306264e+02    1.088410e+00
    1.390273e-01    1.321784e+02    1.138089e+00
    1.406662e-01    1.337503e+02    1.190108e+00
    1.423253e-01    1.353422e+02    1.244573e+00
    1.440049e-01    1.369544e+02    1.301600e+00
    1.457052e-01    1.385873e+02    1.361304e+00
    1.474265e-01    1.402408e+02    1.423808e+00
    1.491688e-01    1.419155e+02    1.489239e+00
    1.509326e-01    1.436114e+02    1.557727e+00
    1.527179e-01    1.453290e+02    1.629410e+00
    1.545251e-01    1.470685e+02    1.704429e+00
    1.563546e-01    1.488302e+02    1.782935e+00
    1.582064e-01    1.506146e+02    1.865080e+00
    1.600809e-01    1.524218e+02    1.951026e+00
    1.619785e-01    1.542522e+02    2.040941e+00
    1.638994e-01    1.561062e+02    2.134999e+00
    1.658439e-01    1.579842e+02    2.233382e+00
    1.678123e-01    1.598864e+02    2.336280e+00
    1.698050e-01    1.618134e+02    2.443891e+00
    1.718223e-01    1.637655e+02    2.556418e+00
    1.738645e-01    1.657430e+02    2.674077e+00
    1.759320e-01    1.677464e+02    2.797093e+00
    1.780252e-01    1.697762e+02    2.925697e+00
    1.801443e-01    1.718327e+02    3.060133e+00
    1.822898e-01    1.739166e+02    3.200652e+00
    1.844622e-01    1.760281e+02    3.347520e+00
    1.866616e-01    1.781679e+02    3.501011e+00
    1.888887e-01    1.803362e+02    3.661413e+00
    1.911437e-01    1.825339e+02    3.829023e+00
    1.934272e-01    1.847613e+02    4.004154e+00
    1.957395e-01    1.870190e+02    4.187130e+00
    1.980811e-01    1.893075e+02    4.378291e+00
    2.004525e-01    1.916275e+02    4.577991e+00
    2.028542e-01    1.939795e+02    4.786598e+00
    2.052866e-01    1.963642e+02    5.004498e+00
    2.077502e-01    1.987821e+02    5.232091e+00
    2.102456e-01    2.012340e+02    5.469798e+00
    2.127733e-01    2.037207e+02    5.718056e+00
    2.153339e-01    2.062426e+02    5.977320e+00
    2.179278e-01    2.088007e+02    6.248067e+00
    2.205558e-01    2.113957e+02    6.530795e+00
    2.232184e-01    2.140283e+02    6.826024e+00
    2.259162e-01    2.166994e+02    7.134296e+00
    2.286500e-01    2.194098e+02    7.456177e+00
    2.314202e-01    2.221605e+02    7.792260e+00
    2.342277e-01    2.249523e+02    8.143164e+00
    2.370730e-01    2.277861e+02    8.509534e+00
    2.399571e-01    2.306630e+02    8.892047e+00
    2.428806e-01    2.335840e+02    9.291408e+00
    2.458443e-01    2.365502e+02    9.708359e+00
    2.488491e-01    2.395627e+02    1.014367e+01
    2.518957e-01    2.426226e+02    1.059815e+01
    2.549851e-01    2.457311e+02    1.107264e+01
    2.581182e-01    2.488895e+02    1.156804e+01
    2.612960e-01    2.520992e+02    1.208526e+01
    2.645193e-01    2.553615e+02    1.262529e+01
    2.677892e-01    2.586778e+02    1.318913e+01
    2.711070e-01    2.620496e+02    1.377785e+01
    2.744735e-01    2.654786e+02    1.439257e+01
    2.778901e-01    2.689663e+02    1.503446e+01
    2.813578e-01    2.725144e+02    1.570476e+01
    2.848780e-01    2.761249e+02    1.640475e+01
    2.884521e-01    2.797994e+02    1.713579e+01
    2.920813e-01    2.835401e+02    1.789929e+01
    2.957672e-01    2.873491e+02    1.869676e+01
    2.995112e-01    2.912285e+02    1.952978e+01
    3.033151e-01    2.951806e+02    2.039998e+01
    3.071803e-01    2.992080e+02    2.130911e+01
    3.111088e-01    3.033130e+02    2.225900e+01
    3.151023e-01    3.074985e+02    2.325159e+01
    3.191628e-01    3.117673e+02    2.428888e+01
    3.232924e-01    3.161223e+02    2.537306e+01
    3.274931e-01    3.205669e+02    2.650634e+01
    3.317672e-01    3.251042e+02    2.769116e+01
    3.361172e-01    3.297380e+02    2.893000e+01
    3.405457e-01    3.344721e+02    3.022554e+01
    3.450553e-01    3.393103e+02    3.158061e+01
    3.496487e-01    3.442570e+02    3.299819e+01
    3.543290e-01    3.493167e+02    3.448146e+01
    3.590994e-01    3.544942e+02    3.603374e+01
    3.639632e-01    3.597947e+02    3.765861e+01
    3.689241e-01    3.652235e+02    3.935986e+01
    3.739858e-01    3.707865e+02    4.114148e+01
    3.791523e-01    3.764900e+02    4.300777e+01
    3.844280e-01    3.823405e+02    4.496327e+01
    3.898172e-01    3.883450e+02    4.701283e+01
    3.953249e-01    3.945112e+02    4.916161e+01
    4.009563e-01    4.008473e+02    5.141513e+01
    4.067169e-01    4.073618e+02    5.377930e+01
    4.126124e-01    4.140641e+02    5.626040e+01
    4.186491e-01    4.209640e+02    5.886521e+01
    4.248337e-01    4.280724e+02    6.160092e+01
    4.311731e-01    4.354006e+02    6.447531e+01
    4.376749e-01    4.429610e+02    6.749666e+01
    4.443470e-01    4.507667e+02    7.067392e+01
    4.511981e-01    4.588317e+02    7.401666e+01
    4.582369e-01    4.671716e+02    7.753516e+01
    4.654731e-01    4.758023e+02    8.124051e+01
    4.729168e-01    4.847413e+02    8.514461e+01
    4.805787e-01    4.940072e+02    8.926026e+01
    4.884700e-01    5.036199e+02    9.360122e+01
    4.966023e-01    5.136006e+02    9.818228e+01
    5.049881e-01    5.239718e+02    1.030193e+02
    5.136400e-01    5.347574e+02    1.081294e+02
    5.225711e-01    5.459823e+02    1.135306e+02
    5.317950e-01    5.576733e+02    1.192428e+02
    5.413253e-01    5.698579e+02    1.252864e+02
    5.511755e-01    5.825648e+02    1.316837e+02
    5.613593e-01    5.958235e+02    1.384581e+02
    5.718897e-01    6.096643e+02    1.456341e+02
    5.827790e-01    6.241175e+02    1.532379e+02
    5.940388e-01    6.392137e+02    1.612963e+02
    6.056789e-01    6.549824e+02    1.698373e+02
    6.177080e-01    6.714527e+02    1.788897e+02
    6.301323e-01    6.886515e+02    1.884825e+02
    6.429559e-01    7.066041e+02    1.986457e+02
    6.561801e-01    7.253325e+02    2.094083e+02
    6.698035e-01    7.448562e+02    2.208000e+02
    6.838217e-01    7.651908e+02    2.328494e+02
    6.982270e-01    7.863480e+02    2.455841e+02
    7.130095e-01    8.083361e+02    2.590310e+02
    7.281560e-01    8.311592e+02    2.732155e+02
    7.436516e-01    8.548181e+02    2.881618e+02
    7.594792e-01    8.793103e+02    3.038928e+02
    7.756208e-01    9.046310e+02    3.204301e+02
    7.920573e-01    9.307735e+02    3.377940e+02
    8.087693e-01    9.577295e+02    3.560043e+02
    8.257379e-01    9.854903e+02    3.750796e+02
    8.429448e-01    1.014048e+03    3.950384e+02
    8.603725e-01    1.043393e+03    4.158988e+02
    8.780048e-01    1.073520e+03    4.376790e+02
    8.958270e-01    1.104423e+03    4.603975e+02
    9.138259e-01    1.136099e+03    4.840731e+02
    9.319898e-01    1.168544e+03    5.087256e+02
    9.503087e-01    1.201761e+03    5.343751e+02
    9.687739e-01    1.235752e+03    5.610432e+02
    9.873782e-01    1.270521e+03    5.887522e+02
    1.006116e+00    1.306075e+03    6.175253e+02
    1.024982e+00    1.342422e+03    6.473872e+02
    1.043974e+00    1.379574e+03    6.783637e+02
    1.063088e+00    1.417544e+03    7.104817e+02
    1.082323e+00    1.456346e+03    7.437697e+02
    1.101679e+00    1.495996e+03    7.782569e+02
    1.121154e+00    1.536512e+03    8.139743e+02
    1.140749e+00    1.577913e+03    8.509539e+02
    1.160466e+00    1.620221e+03    8.892293e+02
    1.180305e+00    1.663457e+03    9.288354e+02
    1.200268e+00    1.707645e+03    9.698080e+02
    1.220358e+00    1.752810e+03    1.012185e+03
    1.240576e+00    1.798978e+03    1.056004e+03
    1.260925e+00    1.846176e+03    1.101308e+03
    1.281408e+00    1.894433e+03    1.148135e+03
    1.302028e+00    1.943779e+03    1.196530e+03
    1.322788e+00    1.994244e+03    1.246538e+03
    1.343691e+00    2.045860e+03    1.298204e+03
    1.364741e+00    2.098660e+03    1.351575e+03
    1.385940e+00    2.152679e+03    1.406700e+03
    1.407293e+00    2.207952e+03    1.463631e+03
    1.428802e+00    2.264514e+03    1.522419e+03
    1.450472e+00    2.322405e+03    1.583116e+03
    1.472306e+00    2.381662e+03    1.645780e+03
    1.494308e+00    2.442325e+03    1.710466e+03
    1.516481e+00    2.504437e+03    1.777234e+03
    1.538829e+00    2.568038e+03    1.846144e+03
    1.561356e+00    2.633174e+03    1.917258e+03
    1.584065e+00    2.699888e+03    1.990639e+03
    1.606961e+00    2.768227e+03    2.066355e+03
    1.630047e+00    2.838238e+03    2.144471e+03
    1.653327e+00    2.909971e+03    2.225059e+03
    1.676805e+00    2.983475e+03    2.308189e+03
    1.700484e+00    3.058803e+03    2.393937e+03
    1.724369e+00    3.136007e+03    2.482376e+03
