    1.000000e-07    9.306241e-05    2.141311e-08
    1.023293e-07    9.523062e-05    2.209181e-08
    1.047129e-07    9.744935e-05    2.278801e-08
    1.071519e-07    9.971977e-05    2.351094e-08
    1.096478e-07    1.020431e-04    2.425142e-08
    1.122018e-07    1.044206e-04    2.502032e-08
    1.148154e-07    1.068534e-04    2.580787e-08
    1.174898e-07    1.093430e-04    2.661998e-08
    1.202264e-07    1.118905e-04    2.746323e-08
    1.230269e-07    1.144974e-04    2.832693e-08
    1.258925e-07    1.171651e-04    2.922102e-08
    1.288250e-07    1.198949e-04    3.014230e-08
    1.318257e-07    1.226883e-04    3.109317e-08
    1.348963e-07    1.255469e-04    3.206995e-08
    1.380384e-07    1.284720e-04    3.308108e-08
    1.412538e-07    1.314653e-04    3.411975e-08
    1.445440e-07    1.345283e-04    3.519494e-08
    1.479108e-07    1.376627e-04    3.630279e-08
    1.513561e-07    1.408701e-04    3.744173e-08
    1.548817e-07    1.441523e-04    3.862070e-08
    1.584893e-07    1.475109e-04    3.983175e-08
    1.621810e-07    1.509479e-04    4.108535e-08
    1.659587e-07    1.544649e-04    4.237305e-08
    1.698244e-07    1.580638e-04    4.370598e-08
    1.737801e-07    1.617466e-04    4.507516e-08
    1.778279e-07    1.655152e-04    4.648691e-08
    1.819701e-07    1.693717e-04    4.794821e-08
    1.862087e-07    1.733180e-04    4.944924e-08
    1.905461e-07    1.773563e-04    5.099691e-08
    1.949845e-07    1.814886e-04    5.259399e-08
    1.995262e-07    1.857173e-04    5.423934e-08
    2.041738e-07    1.900445e-04    5.594243e-08
    2.089296e-07    1.944725e-04    5.769177e-08
    2.137962e-07    1.990037e-04    5.949543e-08
    2.187762e-07    2.036405e-04    6.135664e-08
    2.238721e-07    2.083854e-04    6.327407e-08
    2.290868e-07    2.132408e-04    6.525101e-08
    2.344229e-07    2.182094e-04    6.729100e-08
    2.398833e-07    2.232937e-04    6.939260e-08
    2.454709e-07    2.284965e-04    7.155940e-08
    2.511886e-07    2.338206e-04    7.378998e-08
    2.570396e-07    2.392687e-04    7.609865e-08
    2.630268e-07    2.448438e-04    7.847346e-08
    2.691535e-07    2.505488e-04    8.091431e-08
    2.754229e-07    2.563867e-04    8.344055e-08
    2.818383e-07    2.623607e-04    8.604302e-08
    2.884032e-07    2.684739e-04    8.872203e-08
    2.951209e-07    2.747296e-04    9.149478e-08
    3.019952e-07    2.811310e-04    9.433811e-08
    3.090295e-07    2.876816e-04    9.727836e-08
    3.162278e-07    2.943849e-04    1.003004e-07
    3.235937e-07    3.012444e-04    1.034279e-07
    3.311311e-07    3.082637e-04    1.066399e-07
    3.388442e-07    3.154466e-04    1.099613e-07
    3.467369e-07    3.227969e-04    1.133750e-07
    3.548134e-07    3.303185e-04    1.169079e-07
    3.630781e-07    3.380154e-04    1.205360e-07
    3.715352e-07    3.458916e-04    1.242762e-07
    3.801894e-07    3.539514e-04    1.281438e-07
    3.890451e-07    3.621991e-04    1.321187e-07
    3.981072e-07    3.706389e-04    1.362325e-07
    4.073803e-07    3.792754e-04    1.404571e-07
    4.168694e-07    3.881132e-04    1.448120e-07
    4.265795e-07    3.971569e-04    1.493013e-07
    4.365158e-07    4.064114e-04    1.539291e-07
    4.466836e-07    4.158816e-04    1.586997e-07
    4.570882e-07    4.255725e-04    1.636214e-07
    4.677351e-07    4.354892e-04    1.686909e-07
    4.786301e-07    4.456371e-04    1.739167e-07
    4.897788e-07    4.560214e-04    1.793037e-07
    5.011872e-07    4.666477e-04    1.848568e-07
    5.128614e-07    4.775217e-04    1.905632e-07
    5.248075e-07    4.886492e-04    1.964635e-07
    5.370318e-07    5.000359e-04    2.025456e-07
    5.495409e-07    5.116880e-04    2.087956e-07
    5.623413e-07    5.236117e-04    2.152833e-07
    5.754399e-07    5.358133e-04    2.219247e-07
    5.888437e-07    5.482993e-04    2.287915e-07
    6.025596e-07    5.610762e-04    2.358589e-07
    6.165950e-07    5.741509e-04    2.431438e-07
    6.309573e-07    5.875304e-04    2.506409e-07
    6.456542e-07    6.012216e-04    2.583926e-07
    6.606934e-07    6.152320e-04    2.663578e-07
    6.760830e-07    6.295689e-04    2.745936e-07
    6.918310e-07    6.442400e-04    2.830566e-07
    7.079458e-07    6.592529e-04    2.917793e-07
    7.244360e-07    6.746158e-04    3.007699e-07
    7.413102e-07    6.903367e-04    3.100657e-07
    7.585776e-07    7.064241e-04    3.196176e-07
    7.762471e-07    7.228864e-04    3.294627e-07
    7.943282e-07    7.397324e-04    3.396100e-07
    8.128305e-07    7.569710e-04    3.500687e-07
    8.317638e-07    7.746114e-04    3.608484e-07
    8.511380e-07    7.926630e-04    3.719589e-07
    8.709636e-07    8.111353e-04    3.834103e-07
    8.912509e-07    8.300381e-04    3.952131e-07
    9.120108e-07    8.493815e-04    4.073781e-07
    9.332543e-07    8.691758e-04    4.199162e-07
    9.549926e-07    8.894314e-04    4.327877e-07
    9.772372e-07    9.101592e-04    4.460632e-07
    1.000000e-06    9.313701e-04    4.597881e-07
    1.023293e-06    9.530754e-04    4.739339e-07
    1.047129e-06    9.752866e-04    4.884906e-07
    1.071519e-06    9.980155e-04    5.034929e-07
    1.096478e-06    1.021274e-03    5.189792e-07
    1.122018e-06    1.045075e-03    5.348263e-07
    1.148154e-06    1.069431e-03    5.512734e-07
    1.174898e-06    1.094354e-03    5.681703e-07
    1.202264e-06    1.119858e-03    5.856399e-07
    1.230269e-06    1.145957e-03    6.035878e-07
    1.258925e-06    1.172664e-03    6.220693e-07
    1.288250e-06    1.199993e-03    6.411305e-07
    1.318257e-06    1.227960e-03    6.607741e-07
    1.348963e-06    1.256579e-03    6.810179e-07
    1.380384e-06    1.285864e-03    7.019135e-07
    1.412538e-06    1.315832e-03    7.233627e-07
    1.445440e-06    1.346499e-03    7.455187e-07
    1.479108e-06    1.377881e-03    7.683515e-07
    1.513561e-06    1.409994e-03    7.917876e-07
    1.548817e-06    1.442856e-03    8.160338e-07
    1.584893e-06    1.476483e-03    8.410206e-07
    1.621810e-06    1.510895e-03    8.666674e-07
    1.659587e-06    1.546109e-03    8.932007e-07
    1.698244e-06    1.582143e-03    9.205443e-07
    1.737801e-06    1.619018e-03    9.486100e-07
    1.778279e-06    1.656752e-03    9.775523e-07
    1.819701e-06    1.695366e-03    1.007470e-06
    1.862087e-06    1.734880e-03    1.038180e-06
    1.905461e-06    1.775315e-03    1.069848e-06
    1.949845e-06    1.816693e-03    1.102454e-06
    1.995262e-06    1.859035e-03    1.136078e-06
    2.041738e-06    1.902365e-03    1.170698e-06
    2.089296e-06    1.946704e-03    1.206399e-06
    2.137962e-06    1.992077e-03    1.243305e-06
    2.187762e-06    2.038508e-03    1.281062e-06
    2.238721e-06    2.086021e-03    1.320121e-06
    2.290868e-06    2.134642e-03    1.360336e-06
    2.344229e-06    2.184397e-03    1.401807e-06
    2.398833e-06    2.235311e-03    1.444366e-06
    2.454709e-06    2.287412e-03    1.488286e-06
    2.511886e-06    2.340728e-03    1.533572e-06
    2.570396e-06    2.395287e-03    1.580275e-06
    2.630268e-06    2.451118e-03    1.628278e-06
    2.691535e-06    2.508250e-03    1.677779e-06
    2.754229e-06    2.566715e-03    1.728821e-06
    2.818383e-06    2.626542e-03    1.781286e-06
    2.884032e-06    2.687764e-03    1.835339e-06
    2.951209e-06    2.750414e-03    1.891256e-06
    3.019952e-06    2.814524e-03    1.948640e-06
    3.090295e-06    2.880129e-03    2.007567e-06
    3.162278e-06    2.947263e-03    2.068721e-06
    3.235937e-06    3.015963e-03    2.131272e-06
    3.311311e-06    3.086264e-03    2.195924e-06
    3.388442e-06    3.158204e-03    2.262528e-06
    3.467369e-06    3.231822e-03    2.331207e-06
    3.548134e-06    3.307156e-03    2.401678e-06
    3.630781e-06    3.384246e-03    2.474516e-06
    3.715352e-06    3.463134e-03    2.549311e-06
    3.801894e-06    3.543861e-03    2.626678e-06
    3.890451e-06    3.626471e-03    2.706063e-06
    3.981072e-06    3.711006e-03    2.787843e-06
    4.073803e-06    3.797512e-03    2.872089e-06
    4.168694e-06    3.886036e-03    2.959021e-06
    4.265795e-06    3.976623e-03    3.048574e-06
    4.365158e-06    4.069323e-03    3.140377e-06
    4.466836e-06    4.164184e-03    3.235257e-06
    4.570882e-06    4.261257e-03    3.333399e-06
    4.677351e-06    4.360593e-03    3.434099e-06
    4.786301e-06    4.462246e-03    3.537490e-06
    4.897788e-06    4.566269e-03    3.644344e-06
    5.011872e-06    4.672717e-03    3.754421e-06
    5.128614e-06    4.781647e-03    3.867437e-06
    5.248075e-06    4.893118e-03    3.984231e-06
    5.370318e-06    5.007188e-03    4.103655e-06
    5.495409e-06    5.123917e-03    4.227579e-06
    5.623413e-06    5.243369e-03    4.354811e-06
    5.754399e-06    5.365606e-03    4.485864e-06
    5.888437e-06    5.490693e-03    4.621310e-06
    6.025596e-06    5.618697e-03    4.760369e-06
    6.165950e-06    5.749686e-03    4.903605e-06
    6.309573e-06    5.883729e-03    5.051131e-06
    6.456542e-06    6.020899e-03    5.203100e-06
    6.606934e-06    6.161266e-03    5.358983e-06
    6.760830e-06    6.304908e-03    5.520197e-06
    6.918310e-06    6.451899e-03    5.685688e-06
    7.079458e-06    6.602317e-03    5.856001e-06
    7.244360e-06    6.756244e-03    6.032140e-06
    7.413102e-06    6.913760e-03    6.213568e-06
    7.585776e-06    7.074949e-03    6.399790e-06
    7.762471e-06    7.239897e-03    6.591454e-06
    7.943282e-06    7.408692e-03    6.788997e-06
    8.128305e-06    7.581424e-03    6.992798e-06
    8.317638e-06    7.758183e-03    7.201829e-06
    8.511380e-06    7.939065e-03    7.417630e-06
    8.709636e-06    8.124165e-03    7.639698e-06
    8.912509e-06    8.313582e-03    7.868596e-06
    9.120108e-06    8.507417e-03    8.103350e-06
    9.332543e-06    8.705772e-03    8.346114e-06
    9.549926e-06    8.908753e-03    8.595087e-06
    9.772372e-06    9.116468e-03    8.852556e-06
    1.000000e-05    9.329028e-03    9.116581e-06
    1.023293e-05    9.546544e-03    9.388493e-06
    1.047129e-05    9.769134e-03    9.668709e-06
    1.071519e-05    9.996916e-03    9.957056e-06
    1.096478e-05    1.023001e-02    1.025525e-05
    1.122018e-05    1.046854e-02    1.055998e-05
    1.148154e-05    1.071263e-02    1.087483e-05
    1.174898e-05    1.096242e-02    1.119907e-05
    1.202264e-05    1.121803e-02    1.153322e-05
    1.230269e-05    1.147961e-02    1.187585e-05
    1.258925e-05    1.174728e-02    1.222865e-05
    1.288250e-05    1.202120e-02    1.259314e-05
    1.318257e-05    1.230151e-02    1.296720e-05
    1.348963e-05    1.258836e-02    1.335399e-05
    1.380384e-05    1.288189e-02    1.375060e-05
    1.412538e-05    1.318228e-02    1.415892e-05
    1.445440e-05    1.348967e-02    1.457938e-05
    1.479108e-05    1.380423e-02    1.501077e-05
    1.513561e-05    1.412612e-02    1.545648e-05
    1.548817e-05    1.445553e-02    1.591540e-05
    1.584893e-05    1.479262e-02    1.638618e-05
    1.621810e-05    1.513757e-02    1.687264e-05
    1.659587e-05    1.549057e-02    1.737136e-05
    1.698244e-05    1.585181e-02    1.788516e-05
    1.737801e-05    1.622146e-02    1.841596e-05
    1.778279e-05    1.659975e-02    1.896060e-05
    1.819701e-05    1.698685e-02    1.952130e-05
    1.862087e-05    1.738299e-02    2.009604e-05
    1.905461e-05    1.778837e-02    2.069017e-05
    1.949845e-05    1.820320e-02    2.130190e-05
    1.995262e-05    1.862772e-02    2.193167e-05
    2.041738e-05    1.906213e-02    2.257720e-05
    2.089296e-05    1.950668e-02    2.324450e-05
    2.137962e-05    1.996160e-02    2.392858e-05
    2.187762e-05    2.042713e-02    2.463582e-05
    2.238721e-05    2.090352e-02    2.535799e-05
    2.290868e-05    2.139103e-02    2.610738e-05
    2.344229e-05    2.188991e-02    2.687268e-05
    2.398833e-05    2.240043e-02    2.766673e-05
    2.454709e-05    2.292286e-02    2.847750e-05
    2.511886e-05    2.345747e-02    2.931576e-05
    2.570396e-05    2.400456e-02    3.017802e-05
    2.630268e-05    2.456442e-02    3.106218e-05
    2.691535e-05    2.513733e-02    3.197632e-05
    2.754229e-05    2.572361e-02    3.291316e-05
    2.818383e-05    2.632357e-02    3.387721e-05
    2.884032e-05    2.693753e-02    3.486958e-05
    2.951209e-05    2.756581e-02    3.589093e-05
    3.019952e-05    2.820875e-02    3.693802e-05
    3.090295e-05    2.886669e-02    3.802460e-05
    3.162278e-05    2.953999e-02    3.913392e-05
    3.235937e-05    3.022899e-02    4.027962e-05
    3.311311e-05    3.093407e-02    4.145369e-05
    3.388442e-05    3.165559e-02    4.266254e-05
    3.467369e-05    3.239396e-02    4.390673e-05
    3.548134e-05    3.314955e-02    4.519193e-05
    3.630781e-05    3.392278e-02    4.650943e-05
    3.715352e-05    3.471404e-02    4.786545e-05
    3.801894e-05    3.552377e-02    4.926087e-05
    3.890451e-05    3.635239e-02    5.069012e-05
    3.981072e-05    3.720035e-02    5.216762e-05
    4.073803e-05    3.806809e-02    5.368196e-05
    4.168694e-05    3.895608e-02    5.523928e-05
    4.265795e-05    3.986480e-02    5.684863e-05
    4.365158e-05    4.079471e-02    5.849750e-05
    4.466836e-05    4.174633e-02    6.019521e-05
    4.570882e-05    4.272016e-02    6.194047e-05
    4.677351e-05    4.371670e-02    6.372951e-05
    4.786301e-05    4.473651e-02    6.557813e-05
    4.897788e-05    4.578011e-02    6.747922e-05
    5.011872e-05    4.684806e-02    6.942722e-05
    5.128614e-05    4.794094e-02    7.144086e-05
    5.248075e-05    4.905932e-02    7.350276e-05
    5.370318e-05    5.020380e-02    7.562435e-05
    5.495409e-05    5.137499e-02    7.780649e-05
    5.623413e-05    5.257352e-02    8.005178e-05
    5.754399e-05    5.380001e-02    8.236113e-05
    5.888437e-05    5.505512e-02    8.473261e-05
    6.025596e-05    5.633953e-02    8.717156e-05
    6.165950e-05    5.765391e-02    8.968593e-05
    6.309573e-05    5.899897e-02    9.226168e-05
    6.456542e-05    6.037542e-02    9.491162e-05
    6.606934e-05    6.178400e-02    9.763488e-05
    6.760830e-05    6.322544e-02    1.004378e-04
    6.918310e-05    6.470054e-02    1.033214e-04
    7.079458e-05    6.621005e-02    1.062848e-04
    7.244360e-05    6.775480e-02    1.093356e-04
    7.413102e-05    6.933561e-02    1.124579e-04
    7.585776e-05    7.095331e-02    1.156776e-04
    7.762471e-05    7.260877e-02    1.189877e-04
    7.943282e-05    7.430286e-02    1.223864e-04
    8.128305e-05    7.603650e-02    1.258794e-04
    8.317638e-05    7.781060e-02    1.294725e-04
    8.511380e-05    7.962611e-02    1.331666e-04
    8.709636e-05    8.148400e-02    1.369603e-04
    8.912509e-05    8.338526e-02    1.408598e-04
    9.120108e-05    8.533089e-02    1.448603e-04
    9.332543e-05    8.732193e-02    1.489910e-04
    9.549926e-05    8.935946e-02    1.532222e-04
    9.772372e-05    9.144454e-02    1.575688e-04
    1.000000e-04    9.357829e-02    1.620410e-04
    1.023293e-04    9.576186e-02    1.666405e-04
    1.047129e-04    9.799639e-02    1.713585e-04
    1.071519e-04    1.002831e-01    1.762061e-04
    1.096478e-04    1.026232e-01    1.811826e-04
    1.122018e-04    1.050178e-01    1.863205e-04
    1.148154e-04    1.074684e-01    1.915788e-04
    1.174898e-04    1.099763e-01    1.969865e-04
    1.202264e-04    1.125426e-01    2.025421e-04
    1.230269e-04    1.151689e-01    2.082533e-04
    1.258925e-04    1.178564e-01    2.141283e-04
    1.288250e-04    1.206067e-01    2.201378e-04
    1.318257e-04    1.234212e-01    2.263434e-04
    1.348963e-04    1.263015e-01    2.326932e-04
    1.380384e-04    1.292489e-01    2.392197e-04
    1.412538e-04    1.322652e-01    2.459278e-04
    1.445440e-04    1.353519e-01    2.528225e-04
    1.479108e-04    1.385106e-01    2.599090e-04
    1.513561e-04    1.417431e-01    2.671879e-04
    1.548817e-04    1.450511e-01    2.746738e-04
    1.584893e-04    1.484363e-01    2.823336e-04
    1.621810e-04    1.519005e-01    2.902002e-04
    1.659587e-04    1.554456e-01    2.983254e-04
    1.698244e-04    1.590735e-01    3.066336e-04
    1.737801e-04    1.627860e-01    3.151766e-04
    1.778279e-04    1.665853e-01    3.239499e-04
    1.819701e-04    1.704732e-01    3.329244e-04
    1.862087e-04    1.744520e-01    3.421871e-04
    1.905461e-04    1.785236e-01    3.516619e-04
    1.949845e-04    1.826903e-01    3.613965e-04
    1.995262e-04    1.869543e-01    3.714438e-04
    2.041738e-04    1.913178e-01    3.817204e-04
    2.089296e-04    1.957832e-01    3.922745e-04
    2.137962e-04    2.003529e-01    4.031215e-04
    2.187762e-04    2.050293e-01    4.142068e-04
    2.238721e-04    2.098149e-01    4.256538e-04
    2.290868e-04    2.147122e-01    4.373590e-04
    2.344229e-04    2.197183e-01    4.457235e-04
    2.398833e-04    2.248468e-01    4.579331e-04
    2.454709e-04    2.300950e-01    4.704671e-04
    2.511886e-04    2.354658e-01    4.833397e-04
    2.570396e-04    2.409620e-01    4.965579e-04
    2.630268e-04    2.465865e-01    5.100694e-04
    2.691535e-04    2.523423e-01    5.240087e-04
    2.754229e-04    2.582326e-01    5.382564e-04
    2.818383e-04    2.642604e-01    5.529554e-04
    2.884032e-04    2.704286e-01    5.444330e-04
    2.951209e-04    2.767409e-01    5.507618e-04
    3.019952e-04    2.832003e-01    5.574371e-04
    3.090295e-04    2.898104e-01    5.637950e-04
    3.162278e-04    2.965746e-01    5.702065e-04
    3.235937e-04    3.034965e-01    5.767326e-04
    3.311311e-04    3.105798e-01    5.833570e-04
    3.388442e-04    3.178283e-01    5.897689e-04
    3.467369e-04    3.252457e-01    5.964972e-04
    3.548134e-04    3.328361e-01    6.034985e-04
    3.630781e-04    3.406035e-01    6.104846e-04
    3.715352e-04    3.485520e-01    6.175093e-04
    3.801894e-04    3.566858e-01    6.249691e-04
    3.890451e-04    3.650092e-01    6.323793e-04
    3.981072e-04    3.735267e-01    6.399660e-04
    4.073803e-04    3.822428e-01    6.479829e-04
    4.168694e-04    3.911621e-01    6.562167e-04
    4.265795e-04    4.002893e-01    6.641299e-04
    4.365158e-04    4.096293e-01    6.727952e-04
    4.466836e-04    4.191871e-01    6.816584e-04
    4.570882e-04    4.289678e-01    6.907839e-04
    4.677351e-04    4.389765e-01    7.001299e-04
    4.786301e-04    4.492185e-01    7.097639e-04
    4.897788e-04    4.596993e-01    7.196431e-04
    5.011872e-04    4.704245e-01    7.297797e-04
    5.128614e-04    4.813998e-01    7.402467e-04
    5.248075e-04    4.926310e-01    7.509996e-04
    5.370318e-04    5.041240e-01    7.620527e-04
    5.495409e-04    5.158851e-01    7.739685e-04
    5.623413e-04    5.279203e-01    7.856770e-04
    5.754399e-04    5.402362e-01    7.983006e-04
    5.888437e-04    5.528392e-01    8.107301e-04
    6.025596e-04    5.657361e-01    8.240963e-04
    6.165950e-04    5.789337e-01    8.375315e-04
    6.309573e-04    5.924391e-01    8.515344e-04
    6.456542e-04    6.062594e-01    8.661023e-04
    6.606934e-04    6.204020e-01    8.811485e-04
    6.760830e-04    6.348743e-01    8.966952e-04
    6.918310e-04    6.496841e-01    9.126887e-04
    7.079458e-04    6.648392e-01    9.296598e-04
    7.244360e-04    6.803478e-01    9.467769e-04
    7.413102e-04    6.962180e-01    9.644095e-04
    7.585776e-04    7.124583e-01    9.830768e-04
    7.762471e-04    7.290774e-01    1.002116e-03
    7.943282e-04    7.460840e-01    1.021726e-03
    8.128305e-04    7.634872e-01    1.042244e-03
    8.317638e-04    7.812962e-01    1.063467e-03
    8.511380e-04    7.995206e-01    1.085333e-03
    8.709636e-04    8.181701e-01    1.107965e-03
    8.912509e-04    8.372544e-01    1.131834e-03
    9.120108e-04    8.567839e-01    1.155959e-03
    9.332543e-04    8.767688e-01    1.181426e-03
    9.549926e-04    8.972199e-01    1.207200e-03
    9.772372e-04    9.181479e-01    1.234378e-03
    1.000000e-03    9.395641e-01    1.262444e-03
    1.023293e-03    9.614798e-01    1.291435e-03
    1.047129e-03    9.839066e-01    1.321444e-03
    1.071519e-03    1.006857e+00    1.352707e-03
    1.096478e-03    1.030342e+00    1.385021e-03
    1.122018e-03    1.054375e+00    1.418633e-03
    1.148154e-03    1.078969e+00    1.452992e-03
    1.174898e-03    1.104136e+00    1.488971e-03
    1.202264e-03    1.129890e+00    1.526195e-03
    1.230269e-03    1.156246e+00    1.564686e-03
    1.258925e-03    1.183216e+00    1.605005e-03
    1.288250e-03    1.210815e+00    1.646190e-03
    1.318257e-03    1.239058e+00    1.689326e-03
    1.348963e-03    1.267960e+00    1.733926e-03
    1.380384e-03    1.297536e+00    1.780049e-03
    1.412538e-03    1.327802e+00    1.827822e-03
    1.445440e-03    1.358775e+00    1.877210e-03
    1.479108e-03    1.390470e+00    1.928786e-03
    1.513561e-03    1.422904e+00    1.981720e-03
    1.548817e-03    1.456095e+00    2.036990e-03
    1.584893e-03    1.490061e+00    2.094126e-03
    1.621810e-03    1.524819e+00    2.153344e-03
    1.659587e-03    1.560389e+00    2.214793e-03
    1.698244e-03    1.596788e+00    2.278422e-03
    1.737801e-03    1.634036e+00    2.344525e-03
    1.778279e-03    1.672154e+00    2.412902e-03
    1.819701e-03    1.711161e+00    2.483718e-03
    1.862087e-03    1.751079e+00    2.557068e-03
    1.905461e-03    1.791928e+00    2.633332e-03
    1.949845e-03    1.833730e+00    2.711970e-03
    1.995262e-03    1.876508e+00    2.793725e-03
    2.041738e-03    1.920285e+00    2.878457e-03
    2.089296e-03    1.965083e+00    2.966451e-03
    2.137962e-03    2.010926e+00    3.057216e-03
    2.187762e-03    2.057840e+00    3.151619e-03
    2.238721e-03    2.105848e+00    3.249268e-03
    2.290868e-03    2.154977e+00    3.350539e-03
    2.344229e-03    2.205253e+00    3.455562e-03
    2.398833e-03    2.256703e+00    3.564339e-03
    2.454709e-03    2.309353e+00    3.676716e-03
    2.511886e-03    2.363233e+00    3.793560e-03
    2.570396e-03    2.418370e+00    3.914343e-03
    2.630268e-03    2.474795e+00    4.039639e-03
    2.691535e-03    2.532536e+00    4.169429e-03
    2.754229e-03    2.591626e+00    4.303750e-03
    2.818383e-03    2.652096e+00    4.442862e-03
    2.884032e-03    2.713977e+00    4.587096e-03
    2.951209e-03    2.777303e+00    4.736371e-03
    3.019952e-03    2.842107e+00    4.890963e-03
    3.090295e-03    2.908425e+00    5.051068e-03
    3.162278e-03    2.976291e+00    5.216888e-03
    3.235937e-03    3.045742e+00    5.388597e-03
    3.311311e-03    3.116815e+00    5.566327e-03
    3.388442e-03    3.189548e+00    5.750400e-03
    3.467369e-03    3.263979e+00    5.940574e-03
    3.548134e-03    3.340148e+00    6.137985e-03
    3.630781e-03    3.418096e+00    6.342223e-03
    3.715352e-03    3.497865e+00    6.553286e-03
    3.801894e-03    3.579496e+00    6.771720e-03
    3.890451e-03    3.663035e+00    6.998201e-03
    3.981072e-03    3.748524e+00    7.232367e-03
    4.073803e-03    3.836011e+00    7.474440e-03
    4.092607e-03    3.853752e+00    7.523740e-03
    4.111497e-03    3.871575e+00    7.573685e-03
    4.130475e-03    3.889480e+00    7.623660e-03
    4.149540e-03    3.907469e+00    7.673872e-03
    4.168694e-03    3.925540e+00    7.724929e-03
    4.187936e-03    3.943696e+00    7.775964e-03
    4.207266e-03    3.961935e+00    7.827161e-03
    4.226686e-03    3.980259e+00    7.879350e-03
    4.246196e-03    3.998668e+00    7.931400e-03
    4.265795e-03    4.017162e+00    7.983800e-03
    4.285485e-03    4.035741e+00    8.036950e-03
    4.305266e-03    4.054407e+00    8.090069e-03
    4.325138e-03    4.073159e+00    8.143547e-03
    4.345102e-03    4.091997e+00    8.198148e-03
    4.365158e-03    4.110923e+00    8.252025e-03
    4.385307e-03    4.129937e+00    8.306603e-03
    4.405549e-03    4.149038e+00    8.361550e-03
    4.425884e-03    4.168228e+00    8.416868e-03
    4.446313e-03    4.187507e+00    8.473327e-03
    4.466836e-03    4.206875e+00    8.529147e-03
    4.487454e-03    4.226333e+00    8.585576e-03
    4.508167e-03    4.245880e+00    8.642416e-03
    4.528976e-03    4.265519e+00    8.699639e-03
    4.549881e-03    4.285248e+00    8.757250e-03
    4.570882e-03    4.305068e+00    8.815250e-03
    4.591980e-03    4.324981e+00    8.873642e-03
    4.613176e-03    4.344985e+00    8.933283e-03
    4.634469e-03    4.365082e+00    8.991513e-03
    4.655861e-03    4.385272e+00    9.051025e-03
    4.677351e-03    4.405556e+00    9.110968e-03
    4.698941e-03    4.425933e+00    9.172226e-03
    4.720630e-03    4.446405e+00    9.232126e-03
    4.742420e-03    4.466971e+00    9.293346e-03
    4.764310e-03    4.487633e+00    9.355911e-03
    4.786301e-03    4.508391e+00    9.417992e-03
    4.808393e-03    4.529244e+00    9.480515e-03
    4.830588e-03    4.550194e+00    9.542525e-03
    4.852885e-03    4.571241e+00    9.606826e-03
    4.875285e-03    4.592386e+00    9.669672e-03
    4.897788e-03    4.613628e+00    9.733849e-03
    4.920395e-03    4.634969e+00    9.798461e-03
    4.943107e-03    4.656408e+00    9.863510e-03
    4.965923e-03    4.677947e+00    9.929002e-03
    4.988845e-03    4.699586e+00    9.994937e-03
    5.011872e-03    4.721325e+00    1.006132e-02
    5.035006e-03    4.743164e+00    1.012724e-02
    5.058247e-03    4.765104e+00    1.019458e-02
    5.081594e-03    4.787146e+00    1.026230e-02
    5.105050e-03    4.809291e+00    1.033048e-02
    5.128614e-03    4.831537e+00    1.039913e-02
    5.152286e-03    4.853887e+00    1.046728e-02
    5.176068e-03    4.876340e+00    1.053689e-02
    5.199960e-03    4.898897e+00    1.060693e-02
    5.223962e-03    4.921559e+00    1.067745e-02
    5.248075e-03    4.944325e+00    1.074744e-02
    5.272299e-03    4.967197e+00    1.081892e-02
    5.296634e-03    4.990175e+00    1.089087e-02
    5.321083e-03    5.013259e+00    1.096335e-02
    5.345644e-03    5.036450e+00    1.103517e-02
    5.370318e-03    5.059748e+00    1.110858e-02
    5.395106e-03    5.083154e+00    1.118136e-02
    5.420009e-03    5.106669e+00    1.125578e-02
    5.445027e-03    5.130293e+00    1.133068e-02
    5.470160e-03    5.154026e+00    1.140494e-02
    5.495409e-03    5.177868e+00    1.148084e-02
    5.520774e-03    5.201822e+00    1.155727e-02
    5.546257e-03    5.225886e+00    1.163298e-02
    5.571857e-03    5.250061e+00    1.170919e-02
    5.597576e-03    5.274349e+00    1.178715e-02
    5.623413e-03    5.298749e+00    1.186563e-02
    5.649370e-03    5.323262e+00    1.194336e-02
    5.675446e-03    5.347888e+00    1.202289e-02
    5.701643e-03    5.372629e+00    1.210164e-02
    5.727960e-03    5.397484e+00    1.218222e-02
    5.754399e-03    5.422454e+00    1.226202e-02
    5.780960e-03    5.447540e+00    1.234367e-02
    5.807644e-03    5.472742e+00    1.242453e-02
    5.834451e-03    5.498060e+00    1.250588e-02
    5.861382e-03    5.523496e+00    1.258919e-02
    5.888437e-03    5.549050e+00    1.267161e-02
    5.915616e-03    5.574722e+00    1.275600e-02
    5.942922e-03    5.600513e+00    1.283953e-02
    5.970353e-03    5.626423e+00    1.292356e-02
    5.997911e-03    5.652454e+00    1.300967e-02
    6.025596e-03    5.678605e+00    1.309482e-02
    6.053409e-03    5.704877e+00    1.318050e-02
    6.081350e-03    5.731270e+00    1.326682e-02
    6.109420e-03    5.757786e+00    1.335515e-02
    6.137620e-03    5.784425e+00    1.344251e-02
    6.165950e-03    5.811187e+00    1.353043e-02
    6.194411e-03    5.838073e+00    1.361905e-02
    6.223003e-03    5.865083e+00    1.370970e-02
    6.251727e-03    5.892219e+00    1.379934e-02
    7.985225e-03    7.530202e+00    1.409111e-02
    8.172251e-03    7.706905e+00    1.453337e-02
    8.363681e-03    7.887781e+00    1.498770e-02
    8.559619e-03    8.072927e+00    1.545438e-02
    8.760174e-03    8.262446e+00    1.593361e-02
    8.965453e-03    8.456441e+00    1.642565e-02
    9.175570e-03    8.655020e+00    1.693073e-02
    9.390641e-03    8.858292e+00    1.744908e-02
    9.610783e-03    9.066368e+00    1.798093e-02
    9.836115e-03    9.279365e+00    1.852651e-02
    1.006676e-02    9.497399e+00    1.908604e-02
    1.030285e-02    9.720589e+00    1.965974e-02
    1.054452e-02    9.949060e+00    2.024784e-02
    1.079187e-02    1.018294e+01    2.085055e-02
    1.104508e-02    1.042235e+01    2.146807e-02
    1.130426e-02    1.066744e+01    2.210063e-02
    1.156957e-02    1.091832e+01    2.274843e-02
    1.184115e-02    1.117515e+01    2.341164e-02
    1.211913e-02    1.143806e+01    2.409047e-02
    1.240370e-02    1.170720e+01    2.478510e-02
    1.269498e-02    1.198273e+01    2.549571e-02
    1.299316e-02    1.226478e+01    2.622247e-02
    1.329839e-02    1.255353e+01    2.696556e-02
    1.361084e-02    1.284911e+01    2.772511e-02
    1.393068e-02    1.315172e+01    2.850129e-02
    1.425810e-02    1.346150e+01    2.929424e-02
    1.459326e-02    1.377863e+01    3.010409e-02
    1.493635e-02    1.410330e+01    3.093096e-02
    1.528757e-02    1.443566e+01    3.177500e-02
    1.564712e-02    1.477593e+01    3.263629e-02
    1.601518e-02    1.512429e+01    3.351497e-02
    1.639197e-02    1.548090e+01    3.441112e-02
    1.677768e-02    1.584601e+01    3.532483e-02
    1.717255e-02    1.621978e+01    3.625622e-02
    1.757677e-02    1.660244e+01    3.720535e-02
    1.799057e-02    1.699420e+01    3.817232e-02
    1.841421e-02    1.739528e+01    3.915722e-02
    1.884788e-02    1.780589e+01    4.016014e-02
    1.929186e-02    1.822628e+01    4.118116e-02
    1.974636e-02    1.865666e+01    4.222038e-02
    2.021165e-02    1.909728e+01    4.327791e-02
    2.068800e-02    1.954840e+01    4.435386e-02
    2.117566e-02    2.001026e+01    4.544838e-02
    2.167490e-02    2.048310e+01    4.656162e-02
    2.218600e-02    2.096721e+01    4.769376e-02
    2.270924e-02    2.146285e+01    4.884501e-02
    2.324492e-02    2.197029e+01    5.001563e-02
    2.379333e-02    2.248982e+01    5.120591e-02
    2.435477e-02    2.302173e+01    5.241621e-02
    2.492956e-02    2.356630e+01    5.364693e-02
    2.551801e-02    2.412386e+01    5.489856e-02
    2.612046e-02    2.469470e+01    5.617167e-02
    2.673723e-02    2.527915e+01    5.746691e-02
    2.736867e-02    2.587753e+01    5.878505e-02
    2.801513e-02    2.649017e+01    6.012701e-02
    2.867696e-02    2.711741e+01    6.149381e-02
    2.935454e-02    2.775961e+01    6.288664e-02
    3.004823e-02    2.841712e+01    6.430690e-02
    3.075844e-02    2.909031e+01    6.575617e-02
    3.148553e-02    2.977954e+01    6.723625e-02
    3.222994e-02    3.048521e+01    6.874922e-02
    3.299205e-02    3.120771e+01    7.029742e-02
    3.377228e-02    3.194744e+01    7.188354e-02
    3.457110e-02    3.270480e+01    7.351061e-02
    3.538891e-02    3.348023e+01    7.518205e-02
    3.622618e-02    3.427415e+01    7.690173e-02
    3.708338e-02    3.508699e+01    7.867400e-02
    3.796096e-02    3.591922e+01    8.050377e-02
    3.885944e-02    3.677129e+01    8.239652e-02
    3.977928e-02    3.764368e+01    8.435840e-02
    4.072102e-02    3.853688e+01    8.639629e-02
    4.168515e-02    3.945136e+01    8.851788e-02
    4.267221e-02    4.038766e+01    9.073173e-02
    4.368275e-02    4.134628e+01    9.304737e-02
    4.471733e-02    4.232775e+01    9.547539e-02
    4.577652e-02    4.333262e+01    9.802759e-02
    4.686088e-02    4.436145e+01    1.007170e-01
    4.797103e-02    4.541481e+01    1.035581e-01
    4.910758e-02    4.649328e+01    1.065669e-01
    5.027114e-02    4.759745e+01    1.097610e-01
    5.146235e-02    4.872796e+01    1.131601e-01
    5.268188e-02    4.988541e+01    1.167856e-01
    5.393039e-02    5.107045e+01    1.206613e-01
    5.520855e-02    5.228375e+01    1.248134e-01
    5.651709e-02    5.352597e+01    1.292706e-01
    5.785670e-02    5.479781e+01    1.340647e-01
    5.922813e-02    5.609996e+01    1.392301e-01
    6.063213e-02    5.743317e+01    1.448052e-01
    6.206946e-02    5.879818e+01    1.508319e-01
    6.354092e-02    6.019574e+01    1.573559e-01
    6.504730e-02    6.162663e+01    1.644274e-01
    6.658944e-02    6.309166e+01    1.721014e-01
    6.816817e-02    6.459164e+01    1.804381e-01
    6.978438e-02    6.612742e+01    1.895031e-01
    7.143892e-02    6.769988e+01    1.993684e-01
    7.313272e-02    6.930987e+01    2.101123e-01
    7.486670e-02    7.095834e+01    2.218205e-01
    7.664181e-02    7.264619e+01    2.345863e-01
    7.845903e-02    7.437439e+01    2.485117e-01
    8.031935e-02    7.614393e+01    2.637075e-01
    8.222379e-02    7.795582e+01    2.802948e-01
    8.417342e-02    7.981110e+01    2.984051e-01
    8.616929e-02    8.171083e+01    3.181818e-01
    8.821249e-02    8.365612e+01    3.397809e-01
    9.030418e-02    8.564810e+01    3.633720e-01
    9.244550e-02    8.768793e+01    3.891394e-01
    9.463763e-02    8.977681e+01    4.172835e-01
    9.688179e-02    9.191595e+01    4.480223e-01
    9.917924e-02    9.410665e+01    4.815920e-01
    1.015312e-01    9.635020e+01    5.182496e-01
    1.039391e-01    9.864796e+01    5.582738e-01
    1.064042e-01    1.010013e+02    6.019673e-01
    1.076586e-01    1.021993e+02    6.252915e-01
    1.089280e-01    1.034117e+02    6.496584e-01
    1.102122e-01    1.046387e+02    6.751130e-01
    1.115116e-01    1.058806e+02    7.017029e-01
    1.128265e-01    1.071375e+02    7.294772e-01
    1.141568e-01    1.084096e+02    7.584872e-01
    1.155030e-01    1.096970e+02    7.887862e-01
    1.168650e-01    1.110001e+02    8.204299e-01
    1.182433e-01    1.123191e+02    8.534761e-01
    1.196379e-01    1.136540e+02    8.879849e-01
    1.210490e-01    1.150052e+02    9.240192e-01
    1.224768e-01    1.163728e+02    9.616441e-01
    1.239215e-01    1.177571e+02    1.000928e+00
    1.253833e-01    1.191584e+02    1.041940e+00
    1.268654e-01    1.205793e+02    1.084665e+00
    1.283700e-01    1.220226e+02    1.129107e+00
    1.298953e-01    1.234861e+02    1.175431e+00
    1.314408e-01    1.249697e+02    1.223744e+00
    1.330066e-01    1.264733e+02    1.274150e+00
    1.345928e-01    1.279970e+02    1.326748e+00
    1.361992e-01    1.295408e+02    1.381645e+00
    1.378261e-01    1.311051e+02    1.438943e+00
    1.394737e-01    1.326899e+02    1.498754e+00
    1.411423e-01    1.342956e+02    1.561189e+00
    1.428319e-01    1.359224e+02    1.626365e+00
    1.445429e-01    1.375705e+02    1.694404e+00
    1.462754e-01    1.392402e+02    1.765432e+00
    1.480299e-01    1.409318e+02    1.839578e+00
    1.498063e-01    1.426455e+02    1.916980e+00
    1.516050e-01    1.443818e+02    1.997777e+00
    1.534263e-01    1.461409e+02    2.082118e+00
    1.552705e-01    1.479231e+02    2.170156e+00
    1.571380e-01    1.497288e+02    2.262049e+00
    1.590288e-01    1.515583e+02    2.357963e+00
    1.609435e-01    1.534120e+02    2.458070e+00
    1.628823e-01    1.552903e+02    2.562549e+00
    1.648454e-01    1.571935e+02    2.671588e+00
    1.668332e-01    1.591219e+02    2.785379e+00
    1.688462e-01    1.610762e+02    2.904127e+00
    1.708845e-01    1.630565e+02    3.028042e+00
    1.729487e-01    1.650634e+02    3.157341e+00
    1.750389e-01    1.670972e+02    3.292256e+00
    1.771556e-01    1.691586e+02    3.433022e+00
    1.792992e-01    1.712479e+02    3.579890e+00
    1.814700e-01    1.733654e+02    3.733114e+00
    1.836685e-01    1.755119e+02    3.892966e+00
    1.858950e-01    1.776878e+02    4.059726e+00
    1.881499e-01    1.798935e+02    4.233683e+00
    1.904338e-01    1.821296e+02    4.415144e+00
    1.927470e-01    1.843967e+02    4.604424e+00
    1.950900e-01    1.866953e+02    4.801854e+00
    1.974631e-01    1.890260e+02    5.007778e+00
    1.998670e-01    1.913894e+02    5.222554e+00
    2.023020e-01    1.937861e+02    5.446556e+00
    2.047687e-01    1.962168e+02    5.680173e+00
    2.072676e-01    1.986821e+02    5.923812e+00
    2.097991e-01    2.011826e+02    6.177897e+00
    2.123638e-01    2.037192e+02    6.442868e+00
    2.149623e-01    2.062924e+02    6.719186e+00
    2.175952e-01    2.089031e+02    7.007331e+00
    2.202629e-01    2.115520e+02    7.307806e+00
    2.229661e-01    2.142399e+02    7.621131e+00
    2.257054e-01    2.169676e+02    7.947854e+00
    2.284815e-01    2.197360e+02    8.288543e+00
    2.312949e-01    2.225460e+02    8.643791e+00
    2.341464e-01    2.253984e+02    9.014220e+00
    2.370365e-01    2.282942e+02    9.400476e+00
    2.399661e-01    2.312344e+02    9.803236e+00
    2.429358e-01    2.342200e+02    1.022321e+01
    2.459466e-01    2.372520e+02    1.066112e+01
    2.489989e-01    2.403316e+02    1.111776e+01
    2.520937e-01    2.434597e+02    1.159393e+01
    2.552318e-01    2.466378e+02    1.209045e+01
    2.584140e-01    2.498669e+02    1.260822e+01
    2.616412e-01    2.531481e+02    1.314816e+01
    2.649145e-01    2.564831e+02    1.371122e+01
    2.682345e-01    2.598730e+02    1.429843e+01
    2.716024e-01    2.633192e+02    1.491081e+01
    2.750192e-01    2.668233e+02    1.554950e+01
    2.784859e-01    2.703869e+02    1.621563e+01
    2.820036e-01    2.740114e+02    1.691041e+01
    2.855732e-01    2.776986e+02    1.763512e+01
    2.891962e-01    2.814501e+02    1.839107e+01
    2.928737e-01    2.852679e+02    1.917967e+01
    2.966068e-01    2.891538e+02    2.000236e+01
    3.003970e-01    2.931097e+02    2.086069e+01
    3.042455e-01    2.971379e+02    2.175625e+01
    3.081538e-01    3.012403e+02    2.269073e+01
    3.121233e-01    3.054193e+02    2.366591e+01
    3.161556e-01    3.096771e+02    2.468362e+01
    3.202522e-01    3.140165e+02    2.574584e+01
    3.244147e-01    3.184398e+02    2.685461e+01
    3.286450e-01    3.229498e+02    2.801210e+01
    3.329448e-01    3.275493e+02    2.922056e+01
    3.373158e-01    3.322414e+02    3.048240e+01
    3.417602e-01    3.370291e+02    3.180013e+01
    3.462800e-01    3.419160e+02    3.317639e+01
    3.508773e-01    3.469052e+02    3.461400e+01
    3.555542e-01    3.520005e+02    3.611588e+01
    3.603132e-01    3.572057e+02    3.768517e+01
    3.651565e-01    3.625248e+02    3.932513e+01
    3.700869e-01    3.679621e+02    4.103923e+01
    3.751070e-01    3.735220e+02    4.283114e+01
    3.802196e-01    3.792094e+02    4.470472e+01
    3.854275e-01    3.850291e+02    4.666408e+01
    3.907338e-01    3.909864e+02    4.871356e+01
    3.961418e-01    3.970868e+02    5.085774e+01
    4.016548e-01    4.033362e+02    5.310148e+01
    4.072763e-01    4.097407e+02    5.544996e+01
    4.130102e-01    4.163070e+02    5.790864e+01
    4.188600e-01    4.230420e+02    6.048334e+01
    4.248301e-01    4.299527e+02    6.318023e+01
    4.309246e-01    4.370472e+02    6.600584e+01
    4.371481e-01    4.443335e+02    6.896718e+01
    4.435051e-01    4.518204e+02    7.207164e+01
    4.500006e-01    4.595169e+02    7.532712e+01
    4.566398e-01    4.674327e+02    7.874202e+01
    4.634280e-01    4.755783e+02    8.232528e+01
    4.703708e-01    4.839644e+02    8.608646e+01
    4.774742e-01    4.926027e+02    9.003573e+01
    4.847442e-01    5.015052e+02    9.418390e+01
    4.921874e-01    5.106850e+02    9.854257e+01
    4.998101e-01    5.201556e+02    1.031240e+02
    5.076196e-01    5.299315e+02    1.079415e+02
    5.156228e-01    5.400279e+02    1.130090e+02
    5.238272e-01    5.504608e+02    1.183415e+02
    5.322405e-01    5.612472e+02    1.239550e+02
    5.408706e-01    5.724050e+02    1.298664e+02
    5.497253e-01    5.839526e+02    1.360940e+02
    5.588132e-01    5.959099e+02    1.426569e+02
    5.681424e-01    6.082971e+02    1.495759e+02
    5.777213e-01    6.211359e+02    1.568725e+02
    5.875585e-01    6.344482e+02    1.645701e+02
    5.976623e-01    6.482575e+02    1.726931e+02
    6.080410e-01    6.625873e+02    1.812673e+02
    6.187026e-01    6.774624e+02    1.903203e+02
    6.296552e-01    6.929080e+02    1.998808e+02
    6.409059e-01    7.089497e+02    2.099789e+02
    6.524618e-01    7.256137e+02    2.206464e+02
    6.643292e-01    7.429263e+02    2.319163e+02
    6.765137e-01    7.609140e+02    2.438232e+02
    6.890203e-01    7.796033e+02    2.564025e+02
    7.018526e-01    7.990203e+02    2.696911e+02
    7.150137e-01    8.191907e+02    2.837271e+02
    7.285052e-01    8.401399e+02    2.985492e+02
    7.423280e-01    8.618923e+02    3.141972e+02
    7.564814e-01    8.844716e+02    3.307115e+02
    7.709637e-01    9.079004e+02    3.481332e+02
    7.857721e-01    9.322002e+02    3.665038e+02
    8.009026e-01    9.573918e+02    3.858647e+02
    8.163502e-01    9.834944e+02    4.062581e+02
    8.321088e-01    1.010527e+03    4.277262e+02
    8.481716e-01    1.038506e+03    4.503108e+02
    8.645312e-01    1.067449e+03    4.740545e+02
    8.811795e-01    1.097370e+03    4.989993e+02
    8.981081e-01    1.128287e+03    5.251876e+02
    9.153083e-01    1.160214e+03    5.526619e+02
    9.327714e-01    1.193166e+03    5.814648e+02
    9.504888e-01    1.227157e+03    6.116391e+02
    9.684518e-01    1.262203e+03    6.432281e+02
    9.866524e-01    1.298320e+03    6.762755e+02
    1.005082e+00    1.335523e+03    7.108260e+02
    1.023735e+00    1.373831e+03    7.469246e+02
    1.042603e+00    1.413260e+03    7.846173e+02
    1.061680e+00    1.453832e+03    8.239513e+02
    1.080961e+00    1.495565e+03    8.649750e+02
    1.100439e+00    1.538483e+03    9.077378e+02
    1.120112e+00    1.582608e+03    9.522908e+02
    1.139974e+00    1.627965e+03    9.986866e+02
    1.160023e+00    1.674580e+03    1.046979e+03
    1.180256e+00    1.722483e+03    1.097225e+03
    1.200670e+00    1.771699e+03    1.149482e+03
    1.221264e+00    1.822264e+03    1.203808e+03
    1.242036e+00    1.874209e+03    1.260268e+03
    1.262985e+00    1.927567e+03    1.318922e+03
    1.284111e+00    1.982377e+03    1.379840e+03
    1.305415e+00    2.038676e+03    1.443089e+03
    1.326896e+00    2.096503e+03    1.508738e+03
    1.348555e+00    2.155902e+03    1.576863e+03
    1.370392e+00    2.216914e+03    1.647538e+03
    1.392409e+00    2.279585e+03    1.720842e+03
    1.414608e+00    2.343962e+03    1.796856e+03
    1.436990e+00    2.410095e+03    1.875665e+03
    1.459557e+00    2.478034e+03    1.957355e+03
    1.482310e+00    2.547832e+03    2.042015e+03
    1.505253e+00    2.619545e+03    2.129739e+03
    1.528387e+00    2.693228e+03    2.220622e+03
    1.551715e+00    2.768941e+03    2.314764e+03
    1.575240e+00    2.846745e+03    2.412266e+03
    1.598964e+00    2.926701e+03    2.513236e+03
    1.622890e+00    3.008878e+03    2.617782e+03
    1.647022e+00    3.093341e+03    2.726017e+03
    1.671362e+00    3.180160e+03    2.838059e+03
    1.695913e+00    3.269407e+03    2.954027e+03
    1.720679e+00    3.361159e+03    3.074047e+03
    1.745662e+00    3.455488e+03    3.198246e+03
