    1.000000e-07    9.307333e-05    2.155368e-08
    1.023293e-07    9.524179e-05    2.223524e-08
    1.047129e-07    9.746079e-05    2.293873e-08
    1.071519e-07    9.973148e-05    2.366365e-08
    1.096478e-07    1.020551e-04    2.441414e-08
    1.122018e-07    1.044328e-04    2.518289e-08
    1.148154e-07    1.068660e-04    2.598110e-08
    1.174898e-07    1.093558e-04    2.679871e-08
    1.202264e-07    1.119037e-04    2.764764e-08
    1.230269e-07    1.145109e-04    2.851720e-08
    1.258925e-07    1.171789e-04    2.942006e-08
    1.288250e-07    1.199090e-04    3.034485e-08
    1.318257e-07    1.227028e-04    3.130215e-08
    1.348963e-07    1.255616e-04    3.228856e-08
    1.380384e-07    1.284871e-04    3.330662e-08
    1.412538e-07    1.314808e-04    3.435564e-08
    1.445440e-07    1.345441e-04    3.543410e-08
    1.479108e-07    1.376789e-04    3.655047e-08
    1.513561e-07    1.408867e-04    3.770077e-08
    1.548817e-07    1.441693e-04    3.888795e-08
    1.584893e-07    1.475284e-04    4.010747e-08
    1.621810e-07    1.509657e-04    4.136981e-08
    1.659587e-07    1.544831e-04    4.267049e-08
    1.698244e-07    1.580825e-04    4.400766e-08
    1.737801e-07    1.617657e-04    4.539175e-08
    1.778279e-07    1.655348e-04    4.681352e-08
    1.819701e-07    1.693917e-04    4.828518e-08
    1.862087e-07    1.733385e-04    4.979688e-08
    1.905461e-07    1.773773e-04    5.135556e-08
    1.949845e-07    1.815101e-04    5.296890e-08
    1.995262e-07    1.857393e-04    5.462613e-08
    2.041738e-07    1.900670e-04    5.634146e-08
    2.089296e-07    1.944956e-04    5.810344e-08
    2.137962e-07    1.990273e-04    5.992013e-08
    2.187762e-07    2.036647e-04    6.180050e-08
    2.238721e-07    2.084101e-04    6.373198e-08
    2.290868e-07    2.132661e-04    6.572341e-08
    2.344229e-07    2.182353e-04    6.778463e-08
    2.398833e-07    2.233203e-04    6.990184e-08
    2.454709e-07    2.285237e-04    7.208475e-08
    2.511886e-07    2.338484e-04    7.433724e-08
    2.570396e-07    2.392972e-04    7.665775e-08
    2.630268e-07    2.448730e-04    7.905024e-08
    2.691535e-07    2.505787e-04    8.152653e-08
    2.754229e-07    2.564173e-04    8.406613e-08
    2.818383e-07    2.623920e-04    8.668436e-08
    2.884032e-07    2.685060e-04    8.939829e-08
    2.951209e-07    2.747624e-04    9.217730e-08
    3.019952e-07    2.811646e-04    9.505101e-08
    3.090295e-07    2.877160e-04    9.801379e-08
    3.162278e-07    2.944201e-04    1.010709e-07
    3.235937e-07    3.012804e-04    1.042202e-07
    3.311311e-07    3.083006e-04    1.074572e-07
    3.388442e-07    3.154844e-04    1.108174e-07
    3.467369e-07    3.228356e-04    1.142582e-07
    3.548134e-07    3.303581e-04    1.178161e-07
    3.630781e-07    3.380559e-04    1.214729e-07
    3.715352e-07    3.459332e-04    1.252542e-07
    3.801894e-07    3.539939e-04    1.291559e-07
    3.890451e-07    3.622426e-04    1.331628e-07
    3.981072e-07    3.706834e-04    1.372934e-07
    4.073803e-07    3.793210e-04    1.415646e-07
    4.168694e-07    3.881599e-04    1.459717e-07
    4.265795e-07    3.972047e-04    1.504975e-07
    4.365158e-07    4.064604e-04    1.551629e-07
    4.466836e-07    4.159317e-04    1.599724e-07
    4.570882e-07    4.256238e-04    1.649456e-07
    4.677351e-07    4.355418e-04    1.700569e-07
    4.786301e-07    4.456909e-04    1.753464e-07
    4.897788e-07    4.560765e-04    1.807784e-07
    5.011872e-07    4.667042e-04    1.863780e-07
    5.128614e-07    4.775795e-04    1.921503e-07
    5.248075e-07    4.887083e-04    1.981006e-07
    5.370318e-07    5.000965e-04    2.042343e-07
    5.495409e-07    5.117501e-04    2.105572e-07
    5.623413e-07    5.236752e-04    2.170749e-07
    5.754399e-07    5.358783e-04    2.237728e-07
    5.888437e-07    5.483658e-04    2.307250e-07
    6.025596e-07    5.611444e-04    2.378644e-07
    6.165950e-07    5.742207e-04    2.452239e-07
    6.309573e-07    5.876019e-04    2.527866e-07
    6.456542e-07    6.012949e-04    2.606059e-07
    6.606934e-07    6.153070e-04    2.686662e-07
    6.760830e-07    6.296457e-04    2.769489e-07
    6.918310e-07    6.443186e-04    2.855127e-07
    7.079458e-07    6.593334e-04    2.943403e-07
    7.244360e-07    6.746982e-04    3.034115e-07
    7.413102e-07    6.904212e-04    3.127905e-07
    7.585776e-07    7.065105e-04    3.224283e-07
    7.762471e-07    7.229749e-04    3.323619e-07
    7.943282e-07    7.398230e-04    3.426326e-07
    8.128305e-07    7.570638e-04    3.531865e-07
    8.317638e-07    7.747065e-04    3.640985e-07
    8.511380e-07    7.927603e-04    3.753109e-07
    8.709636e-07    8.112350e-04    3.868678e-07
    8.912509e-07    8.301402e-04    3.987795e-07
    9.120108e-07    8.494861e-04    4.110953e-07
    9.332543e-07    8.692829e-04    4.237505e-07
    9.549926e-07    8.895411e-04    4.367940e-07
    9.772372e-07    9.102716e-04    4.502378e-07
    1.000000e-06    9.314852e-04    4.640940e-07
    1.023293e-06    9.531932e-04    4.783192e-07
    1.047129e-06    9.754073e-04    4.930370e-07
    1.071519e-06    9.981391e-04    5.082063e-07
    1.096478e-06    1.021401e-03    5.238410e-07
    1.122018e-06    1.045205e-03    5.399552e-07
    1.148154e-06    1.069563e-03    5.565638e-07
    1.174898e-06    1.094490e-03    5.736278e-07
    1.202264e-06    1.119997e-03    5.911995e-07
    1.230269e-06    1.146099e-03    6.093797e-07
    1.258925e-06    1.172810e-03    6.281175e-07
    1.288250e-06    1.200143e-03    6.473689e-07
    1.318257e-06    1.228113e-03    6.672716e-07
    1.348963e-06    1.256736e-03    6.877521e-07
    1.380384e-06    1.286025e-03    7.087751e-07
    1.412538e-06    1.315997e-03    7.305607e-07
    1.445440e-06    1.346668e-03    7.529430e-07
    1.479108e-06    1.378054e-03    7.760460e-07
    1.513561e-06    1.410171e-03    7.997618e-07
    1.548817e-06    1.443037e-03    8.242588e-07
    1.584893e-06    1.476669e-03    8.495846e-07
    1.621810e-06    1.511085e-03    8.755006e-07
    1.659587e-06    1.546304e-03    9.023116e-07
    1.698244e-06    1.582343e-03    9.299418e-07
    1.737801e-06    1.619223e-03    9.584614e-07
    1.778279e-06    1.656962e-03    9.877370e-07
    1.819701e-06    1.695581e-03    1.017977e-06
    1.862087e-06    1.735100e-03    1.049016e-06
    1.905461e-06    1.775541e-03    1.081128e-06
    1.949845e-06    1.816924e-03    1.114220e-06
    1.995262e-06    1.859272e-03    1.148186e-06
    2.041738e-06    1.902607e-03    1.183326e-06
    2.089296e-06    1.946953e-03    1.219395e-06
    2.137962e-06    1.992332e-03    1.256591e-06
    2.187762e-06    2.038769e-03    1.295042e-06
    2.238721e-06    2.086289e-03    1.334509e-06
    2.290868e-06    2.134916e-03    1.375208e-06
    2.344229e-06    2.184677e-03    1.417113e-06
    2.398833e-06    2.235598e-03    1.460465e-06
    2.454709e-06    2.287707e-03    1.504819e-06
    2.511886e-06    2.341030e-03    1.550849e-06
    2.570396e-06    2.395596e-03    1.597942e-06
    2.630268e-06    2.451435e-03    1.646815e-06
    2.691535e-06    2.508575e-03    1.696816e-06
    2.754229e-06    2.567047e-03    1.748497e-06
    2.818383e-06    2.626883e-03    1.801793e-06
    2.884032e-06    2.688113e-03    1.856491e-06
    2.951209e-06    2.750772e-03    1.913072e-06
    3.019952e-06    2.814891e-03    1.971141e-06
    3.090295e-06    2.880505e-03    2.031067e-06
    3.162278e-06    2.947648e-03    2.092859e-06
    3.235937e-06    3.016357e-03    2.156374e-06
    3.311311e-06    3.086668e-03    2.222027e-06
    3.388442e-06    3.158619e-03    2.289508e-06
    3.467369e-06    3.232247e-03    2.358980e-06
    3.548134e-06    3.307591e-03    2.430552e-06
    3.630781e-06    3.384692e-03    2.504595e-06
    3.715352e-06    3.463591e-03    2.580333e-06
    3.801894e-06    3.544330e-03    2.658614e-06
    3.890451e-06    3.626951e-03    2.739266e-06
    3.981072e-06    3.711498e-03    2.822424e-06
    4.073803e-06    3.798017e-03    2.908036e-06
    4.168694e-06    3.886553e-03    2.995951e-06
    4.265795e-06    3.977153e-03    3.086818e-06
    4.365158e-06    4.069866e-03    3.180122e-06
    4.466836e-06    4.164741e-03    3.276566e-06
    4.570882e-06    4.261828e-03    3.376005e-06
    4.677351e-06    4.361178e-03    3.478042e-06
    4.786301e-06    4.462845e-03    3.583158e-06
    4.897788e-06    4.566883e-03    3.691445e-06
    5.011872e-06    4.673347e-03    3.803000e-06
    5.128614e-06    4.782293e-03    3.917920e-06
    5.248075e-06    4.893780e-03    4.036307e-06
    5.370318e-06    5.007866e-03    4.158256e-06
    5.495409e-06    5.124613e-03    4.283893e-06
    5.623413e-06    5.244082e-03    4.413320e-06
    5.754399e-06    5.366337e-03    4.546652e-06
    5.888437e-06    5.491443e-03    4.684005e-06
    6.025596e-06    5.619466e-03    4.825029e-06
    6.165950e-06    5.750474e-03    4.970778e-06
    6.309573e-06    5.884537e-03    5.120309e-06
    6.456542e-06    6.021727e-03    5.274434e-06
    6.606934e-06    6.162116e-03    5.433737e-06
    6.760830e-06    6.305779e-03    5.597295e-06
    6.918310e-06    6.452792e-03    5.765768e-06
    7.079458e-06    6.603233e-03    5.939303e-06
    7.244360e-06    6.757183e-03    6.117919e-06
    7.413102e-06    6.914723e-03    6.302020e-06
    7.585776e-06    7.075937e-03    6.491669e-06
    7.762471e-06    7.240910e-03    6.687016e-06
    7.943282e-06    7.409731e-03    6.887402e-06
    8.128305e-06    7.582489e-03    7.094638e-06
    8.317638e-06    7.759276e-03    7.308100e-06
    8.511380e-06    7.940185e-03    7.527066e-06
    8.709636e-06    8.125314e-03    7.753498e-06
    8.912509e-06    8.314761e-03    7.985961e-06
    9.120108e-06    8.508626e-03    8.225203e-06
    9.332543e-06    8.707012e-03    8.472626e-06
    9.549926e-06    8.910025e-03    8.725558e-06
    9.772372e-06    9.117772e-03    8.987982e-06
    1.000000e-05    9.330366e-03    9.256272e-06
    1.023293e-05    9.547917e-03    9.533711e-06
    1.047129e-05    9.770542e-03    9.819239e-06
    1.071519e-05    9.998360e-03    1.011352e-05
    1.096478e-05    1.023149e-02    1.041535e-05
    1.122018e-05    1.047006e-02    1.072721e-05
    1.148154e-05    1.071419e-02    1.104866e-05
    1.174898e-05    1.096402e-02    1.137835e-05
    1.202264e-05    1.121967e-02    1.171785e-05
    1.230269e-05    1.148129e-02    1.206773e-05
    1.258925e-05    1.174901e-02    1.242773e-05
    1.288250e-05    1.202298e-02    1.279850e-05
    1.318257e-05    1.230333e-02    1.318030e-05
    1.348963e-05    1.259022e-02    1.357445e-05
    1.380384e-05    1.288381e-02    1.397861e-05
    1.412538e-05    1.318424e-02    1.439556e-05
    1.445440e-05    1.349168e-02    1.482343e-05
    1.479108e-05    1.380630e-02    1.526553e-05
    1.513561e-05    1.412825e-02    1.571921e-05
    1.548817e-05    1.445771e-02    1.618793e-05
    1.584893e-05    1.479486e-02    1.666896e-05
    1.621810e-05    1.513987e-02    1.716427e-05
    1.659587e-05    1.549293e-02    1.767427e-05
    1.698244e-05    1.585422e-02    1.819932e-05
    1.737801e-05    1.622395e-02    1.874002e-05
    1.778279e-05    1.660229e-02    1.929674e-05
    1.819701e-05    1.698947e-02    1.986998e-05
    1.862087e-05    1.738567e-02    2.046013e-05
    1.905461e-05    1.779112e-02    2.106571e-05
    1.949845e-05    1.820603e-02    2.169139e-05
    1.995262e-05    1.863062e-02    2.233279e-05
    2.041738e-05    1.906511e-02    2.299367e-05
    2.089296e-05    1.950974e-02    2.367529e-05
    2.137962e-05    1.996474e-02    2.437708e-05
    2.187762e-05    2.043035e-02    2.509513e-05
    2.238721e-05    2.090683e-02    2.584025e-05
    2.290868e-05    2.139443e-02    2.660141e-05
    2.344229e-05    2.189340e-02    2.738823e-05
    2.398833e-05    2.240401e-02    2.819489e-05
    2.454709e-05    2.292653e-02    2.902885e-05
    2.511886e-05    2.346125e-02    2.988359e-05
    2.570396e-05    2.400844e-02    3.076740e-05
    2.630268e-05    2.456840e-02    3.167335e-05
    2.691535e-05    2.514142e-02    3.260644e-05
    2.754229e-05    2.572781e-02    3.356642e-05
    2.818383e-05    2.632788e-02    3.455459e-05
    2.884032e-05    2.694196e-02    3.557236e-05
    2.951209e-05    2.757036e-02    3.661945e-05
    3.019952e-05    2.821342e-02    3.769335e-05
    3.090295e-05    2.887149e-02    3.880255e-05
    3.162278e-05    2.954491e-02    3.994531e-05
    3.235937e-05    3.023405e-02    4.111649e-05
    3.311311e-05    3.093927e-02    4.232173e-05
    3.388442e-05    3.166094e-02    4.356240e-05
    3.467369e-05    3.239945e-02    4.483914e-05
    3.548134e-05    3.315484e-02    4.592171e-05
    3.630781e-05    3.392820e-02    4.726536e-05
    3.715352e-05    3.471961e-02    4.864821e-05
    3.801894e-05    3.552949e-02    5.006598e-05
    3.890451e-05    3.635827e-02    5.153050e-05
    3.981072e-05    3.720638e-02    5.303099e-05
    4.073803e-05    3.807428e-02    5.458195e-05
    4.168694e-05    3.896244e-02    5.617211e-05
    4.265795e-05    3.987133e-02    5.780843e-05
    4.365158e-05    4.080142e-02    5.949106e-05
    4.466836e-05    4.175321e-02    6.122372e-05
    4.570882e-05    4.272722e-02    6.299852e-05
    4.677351e-05    4.372396e-02    6.483294e-05
    4.786301e-05    4.474396e-02    6.672058e-05
    4.897788e-05    4.578776e-02    6.865421e-05
    5.011872e-05    4.685592e-02    7.064365e-05
    5.128614e-05    4.794901e-02    7.269982e-05
    5.248075e-05    4.906761e-02    7.480591e-05
    5.370318e-05    5.021232e-02    7.697289e-05
    5.495409e-05    5.138374e-02    7.920393e-05
    5.623413e-05    5.258250e-02    8.149779e-05
    5.754399e-05    5.380923e-02    8.384863e-05
    5.888437e-05    5.506460e-02    8.627644e-05
    6.025596e-05    5.634926e-02    8.876436e-05
    6.165950e-05    5.766391e-02    9.132887e-05
    6.309573e-05    5.900924e-02    9.396716e-05
    6.456542e-05    6.038597e-02    9.667600e-05
    6.606934e-05    6.179483e-02    9.946256e-05
    6.760830e-05    6.323658e-02    1.023291e-04
    6.918310e-05    6.471197e-02    1.052776e-04
    7.079458e-05    6.622180e-02    1.082989e-04
    7.244360e-05    6.776687e-02    1.114189e-04
    7.413102e-05    6.934801e-02    1.146133e-04
    7.585776e-05    7.096605e-02    1.179143e-04
    7.762471e-05    7.262186e-02    1.212961e-04
    7.943282e-05    7.431631e-02    1.247723e-04
    8.128305e-05    7.605032e-02    1.283499e-04
    8.317638e-05    7.782481e-02    1.320272e-04
    8.511380e-05    7.964071e-02    1.357940e-04
    8.709636e-05    8.149900e-02    1.396856e-04
    8.912509e-05    8.340067e-02    1.436778e-04
    9.120108e-05    8.534673e-02    1.477834e-04
    9.332543e-05    8.733821e-02    1.519998e-04
    9.549926e-05    8.937619e-02    1.563329e-04
    9.772372e-05    9.146173e-02    1.607885e-04
    1.000000e-04    9.359597e-02    1.653707e-04
    1.023293e-04    9.578002e-02    1.700826e-04
    1.047129e-04    9.801506e-02    1.749280e-04
    1.071519e-04    1.003023e-01    1.798900e-04
    1.096478e-04    1.026429e-01    1.850127e-04
    1.122018e-04    1.050381e-01    1.902554e-04
    1.148154e-04    1.074893e-01    1.956492e-04
    1.174898e-04    1.099977e-01    2.011949e-04
    1.202264e-04    1.125646e-01    2.068926e-04
    1.230269e-04    1.151915e-01    2.127548e-04
    1.258925e-04    1.178797e-01    2.187820e-04
    1.288250e-04    1.206307e-01    2.249484e-04
    1.318257e-04    1.234459e-01    2.312869e-04
    1.348963e-04    1.263268e-01    2.378352e-04
    1.380384e-04    1.292749e-01    2.445347e-04
    1.412538e-04    1.322919e-01    2.514213e-04
    1.445440e-04    1.353794e-01    2.584999e-04
    1.479108e-04    1.385389e-01    2.657768e-04
    1.513561e-04    1.417722e-01    2.732247e-04
    1.548817e-04    1.450810e-01    2.809128e-04
    1.584893e-04    1.484670e-01    2.887805e-04
    1.621810e-04    1.519321e-01    2.969028e-04
    1.659587e-04    1.554781e-01    3.052153e-04
    1.698244e-04    1.591069e-01    3.137576e-04
    1.737801e-04    1.628204e-01    3.225323e-04
    1.778279e-04    1.666207e-01    3.315559e-04
    1.819701e-04    1.705096e-01    3.408288e-04
    1.862087e-04    1.744894e-01    3.503114e-04
    1.905461e-04    1.785621e-01    3.600771e-04
    1.949845e-04    1.827299e-01    3.701188e-04
    1.995262e-04    1.869950e-01    3.804072e-04
    2.041738e-04    1.913597e-01    3.909800e-04
    2.089296e-04    1.958263e-01    4.018436e-04
    2.137962e-04    2.003972e-01    4.130050e-04
    2.187762e-04    2.050749e-01    4.244223e-04
    2.238721e-04    2.098618e-01    4.362056e-04
    2.290868e-04    2.147604e-01    4.482560e-04
    2.344229e-04    2.197735e-01    4.606940e-04
    2.398833e-04    2.249036e-01    4.672209e-04
    2.454709e-04    2.301536e-01    4.732530e-04
    2.511886e-04    2.355260e-01    4.788666e-04
    2.570396e-04    2.410237e-01    4.844193e-04
    2.630268e-04    2.466496e-01    4.895683e-04
    2.691535e-04    2.524066e-01    4.950677e-04
    2.754229e-04    2.582980e-01    5.003464e-04
    2.818383e-04    2.643266e-01    5.054141e-04
    2.884032e-04    2.704958e-01    5.106749e-04
    2.951209e-04    2.768089e-01    5.161280e-04
    3.019952e-04    2.832691e-01    5.217168e-04
    3.090295e-04    2.898800e-01    5.269186e-04
    3.162278e-04    2.966449e-01    5.326955e-04
    3.235937e-04    3.035676e-01    5.385687e-04
    3.311311e-04    3.106517e-01    5.441774e-04
    3.388442e-04    3.179009e-01    5.503311e-04
    3.467369e-04    3.253191e-01    5.561577e-04
    3.548134e-04    3.329103e-01    5.626008e-04
    3.630781e-04    3.406784e-01    5.688307e-04
    3.715352e-04    3.486276e-01    5.754564e-04
    3.801894e-04    3.567622e-01    5.823661e-04
    3.890451e-04    3.650864e-01    5.889865e-04
    3.981072e-04    3.736046e-01    5.962477e-04
    4.073803e-04    3.823214e-01    6.037035e-04
    4.168694e-04    3.912415e-01    6.108463e-04
    4.265795e-04    4.003695e-01    6.186874e-04
    4.365158e-04    4.097103e-01    6.267290e-04
    4.466836e-04    4.192689e-01    6.350069e-04
    4.570882e-04    4.290503e-01    6.435071e-04
    4.677351e-04    4.390598e-01    6.521518e-04
    4.786301e-04    4.493027e-01    6.609101e-04
    4.897788e-04    4.597843e-01    6.702507e-04
    5.011872e-04    4.705103e-01    6.797840e-04
    5.128614e-04    4.814863e-01    6.896957e-04
    5.248075e-04    4.927183e-01    6.997235e-04
    5.370318e-04    5.042122e-01    7.100917e-04
    5.495409e-04    5.159740e-01    7.206934e-04
    5.623413e-04    5.280100e-01    7.319812e-04
    5.754399e-04    5.403267e-01    7.434518e-04
    5.888437e-04    5.529306e-01    7.550969e-04
    6.025596e-04    5.658282e-01    7.676075e-04
    6.165950e-04    5.790267e-01    7.799561e-04
    6.309573e-04    5.925328e-01    7.931881e-04
    6.456542e-04    6.063539e-01    8.068103e-04
    6.606934e-04    6.204972e-01    8.203613e-04
    6.760830e-04    6.349703e-01    8.348435e-04
    6.918310e-04    6.497809e-01    8.498087e-04
    7.079458e-04    6.649368e-01    8.651626e-04
    7.244360e-04    6.804461e-01    8.810194e-04
    7.413102e-04    6.963170e-01    8.973811e-04
    7.585776e-04    7.125580e-01    9.142491e-04
    7.762471e-04    7.291777e-01    9.317704e-04
    7.943282e-04    7.461850e-01    9.501058e-04
    8.128305e-04    7.635888e-01    9.686351e-04
    8.317638e-04    7.813985e-01    9.882746e-04
    8.511380e-04    7.996235e-01    1.007989e-03
    8.709636e-04    8.182734e-01    1.028884e-03
    8.912509e-04    8.373583e-01    1.050425e-03
    9.120108e-04    8.568882e-01    1.072137e-03
    9.332543e-04    8.768736e-01    1.095068e-03
    9.549926e-04    8.973250e-01    1.118752e-03
    9.772372e-04    9.182534e-01    1.143171e-03
    1.000000e-03    9.396698e-01    1.168506e-03
    1.023293e-03    9.615857e-01    1.194957e-03
    1.047129e-03    9.840127e-01    1.221846e-03
    1.071519e-03    1.006963e+00    1.249891e-03
    1.096478e-03    1.030448e+00    1.278815e-03
    1.122018e-03    1.054481e+00    1.308956e-03
    1.148154e-03    1.079075e+00    1.339561e-03
    1.174898e-03    1.104242e+00    1.371696e-03
    1.202264e-03    1.129996e+00    1.404889e-03
    1.230269e-03    1.156351e+00    1.439120e-03
    1.258925e-03    1.183320e+00    1.474522e-03
    1.288250e-03    1.210919e+00    1.511554e-03
    1.318257e-03    1.239161e+00    1.549332e-03
    1.348963e-03    1.268062e+00    1.588327e-03
    1.380384e-03    1.297637e+00    1.629170e-03
    1.412538e-03    1.327902e+00    1.671206e-03
    1.445440e-03    1.358873e+00    1.714311e-03
    1.479108e-03    1.390567e+00    1.759279e-03
    1.513561e-03    1.422999e+00    1.805716e-03
    1.548817e-03    1.456188e+00    1.853712e-03
    1.584893e-03    1.490152e+00    1.903588e-03
    1.621810e-03    1.524908e+00    1.955011e-03
    1.659587e-03    1.560474e+00    2.007922e-03
    1.698244e-03    1.596871e+00    2.063082e-03
    1.737801e-03    1.634116e+00    2.120075e-03
    1.778279e-03    1.672230e+00    2.178457e-03
    1.819701e-03    1.711234e+00    2.239267e-03
    1.862087e-03    1.751147e+00    2.302111e-03
    1.905461e-03    1.791992e+00    2.367553e-03
    1.949845e-03    1.833789e+00    2.434604e-03
    1.995262e-03    1.876562e+00    2.503912e-03
    2.041738e-03    1.920333e+00    2.576022e-03
    2.089296e-03    1.965125e+00    2.650469e-03
    2.137962e-03    2.010962e+00    2.726949e-03
    2.187762e-03    2.057868e+00    2.806454e-03
    2.238721e-03    2.105870e+00    2.888600e-03
    2.290868e-03    2.154991e+00    2.973875e-03
    2.344229e-03    2.205258e+00    3.061478e-03
    2.398833e-03    2.256698e+00    3.152514e-03
    2.454709e-03    2.309339e+00    3.246033e-03
    2.511886e-03    2.363208e+00    3.343146e-03
    2.570396e-03    2.418334e+00    3.443470e-03
    2.630268e-03    2.474746e+00    3.547084e-03
    2.691535e-03    2.532475e+00    3.654100e-03
    2.754229e-03    2.591552e+00    3.765061e-03
    2.818383e-03    2.652007e+00    3.879325e-03
    2.884032e-03    2.713872e+00    3.997756e-03
    2.951209e-03    2.777182e+00    4.119561e-03
    3.019952e-03    2.841969e+00    4.245892e-03
    3.090295e-03    2.908269e+00    4.376310e-03
    3.162278e-03    2.976115e+00    4.511481e-03
    3.235937e-03    3.045546e+00    4.650612e-03
    3.311311e-03    3.116596e+00    4.794573e-03
    3.388442e-03    3.189306e+00    4.943077e-03
    3.467369e-03    3.263712e+00    5.096719e-03
    3.548134e-03    3.339855e+00    5.255324e-03
    3.630781e-03    3.417776e+00    5.419123e-03
    3.715352e-03    3.497515e+00    5.588212e-03
    3.801894e-03    3.579116e+00    5.763223e-03
    3.890451e-03    3.662621e+00    5.943441e-03
    3.981072e-03    3.748076e+00    6.129941e-03
    4.073803e-03    3.835526e+00    6.322442e-03
    4.092607e-03    3.853260e+00    6.361583e-03
    4.111497e-03    3.871075e+00    6.401007e-03
    4.130475e-03    3.888973e+00    6.441039e-03
    4.149540e-03    3.906954e+00    6.480998e-03
    4.168694e-03    3.925018e+00    6.521132e-03
    4.187936e-03    3.943165e+00    6.561556e-03
    4.207266e-03    3.961397e+00    6.602925e-03
    4.226686e-03    3.979713e+00    6.643567e-03
    4.246196e-03    3.998113e+00    6.684757e-03
    4.265795e-03    4.016599e+00    6.726206e-03
    4.285485e-03    4.035170e+00    6.768315e-03
    4.305266e-03    4.053827e+00    6.810325e-03
    4.325138e-03    4.072570e+00    6.852559e-03
    4.345102e-03    4.091400e+00    6.895059e-03
    4.365158e-03    4.110317e+00    6.938264e-03
    4.385307e-03    4.129322e+00    6.981298e-03
    4.405549e-03    4.148415e+00    7.024642e-03
    4.425884e-03    4.167596e+00    7.068658e-03
    4.446313e-03    4.186865e+00    7.112547e-03
    4.466836e-03    4.206224e+00    7.156711e-03
    4.487454e-03    4.225673e+00    7.201752e-03
    4.508167e-03    4.245211e+00    7.246272e-03
    4.528976e-03    4.264840e+00    7.291272e-03
    4.549881e-03    4.284559e+00    7.336914e-03
    4.570882e-03    4.304370e+00    7.382560e-03
    4.591980e-03    4.324273e+00    7.428410e-03
    4.613176e-03    4.344267e+00    7.474949e-03
    4.634469e-03    4.364354e+00    7.521416e-03
    4.655861e-03    4.384534e+00    7.568133e-03
    4.677351e-03    4.404808e+00    7.615584e-03
    4.698941e-03    4.425175e+00    7.662888e-03
    4.720630e-03    4.445636e+00    7.711149e-03
    4.742420e-03    4.466192e+00    7.758868e-03
    4.764310e-03    4.486843e+00    7.807107e-03
    4.786301e-03    4.507590e+00    7.856048e-03
    4.808393e-03    4.528433e+00    7.904891e-03
    4.830588e-03    4.549372e+00    7.954399e-03
    4.852885e-03    4.570408e+00    8.003896e-03
    4.875285e-03    4.591541e+00    8.054041e-03
    4.897788e-03    4.612772e+00    8.104137e-03
    4.920395e-03    4.634102e+00    8.154525e-03
    4.943107e-03    4.655530e+00    8.205627e-03
    4.965923e-03    4.677057e+00    8.256689e-03
    4.988845e-03    4.698684e+00    8.308426e-03
    5.011872e-03    4.720410e+00    8.360127e-03
    5.035006e-03    4.742238e+00    8.412506e-03
    5.058247e-03    4.764166e+00    8.464854e-03
    5.081594e-03    4.786196e+00    8.517883e-03
    5.105050e-03    4.808328e+00    8.570885e-03
    5.128614e-03    4.830562e+00    8.624572e-03
    5.152286e-03    4.852899e+00    8.678236e-03
    5.176068e-03    4.875339e+00    8.732588e-03
    5.199960e-03    4.897883e+00    8.786962e-03
    5.223962e-03    4.920532e+00    8.842037e-03
    5.248075e-03    4.943285e+00    8.897049e-03
    5.272299e-03    4.966144e+00    8.952757e-03
    5.296634e-03    4.989108e+00    9.008631e-03
    5.321083e-03    5.012179e+00    9.064943e-03
    5.345644e-03    5.035356e+00    9.121689e-03
    5.370318e-03    5.058641e+00    9.178478e-03
    5.395106e-03    5.082033e+00    9.235925e-03
    5.420009e-03    5.105534e+00    9.293422e-03
    5.445027e-03    5.129143e+00    9.351625e-03
    5.470160e-03    5.152862e+00    9.410187e-03
    5.495409e-03    5.176690e+00    9.468715e-03
    5.520774e-03    5.200629e+00    9.528046e-03
    5.546257e-03    5.224678e+00    9.587394e-03
    5.571857e-03    5.248839e+00    9.647365e-03
    5.597576e-03    5.273111e+00    9.707706e-03
    5.623413e-03    5.297496e+00    9.768164e-03
    5.649370e-03    5.321993e+00    9.829249e-03
    5.675446e-03    5.346604e+00    9.890756e-03
    5.701643e-03    5.371329e+00    9.952343e-03
    5.727960e-03    5.396169e+00    1.001461e-02
    5.754399e-03    5.421123e+00    1.007721e-02
    5.780960e-03    5.446192e+00    1.013999e-02
    5.807644e-03    5.471378e+00    1.020341e-02
    5.834451e-03    5.496680e+00    1.026717e-02
    5.861382e-03    5.522100e+00    1.033113e-02
    5.888437e-03    5.547637e+00    1.039572e-02
    5.915616e-03    5.573292e+00    1.046071e-02
    5.942922e-03    5.599065e+00    1.052662e-02
    5.970353e-03    5.624959e+00    1.059160e-02
    5.997911e-03    5.650971e+00    1.065784e-02
    6.025596e-03    5.677105e+00    1.072439e-02
    6.053409e-03    5.703359e+00    1.079523e-02
    6.081350e-03    5.729735e+00    1.085857e-02
    6.109420e-03    5.756233e+00    1.092645e-02
    6.137620e-03    5.782853e+00    1.099469e-02
    6.165950e-03    5.809597e+00    1.106296e-02
    6.194411e-03    5.836464e+00    1.113224e-02
    6.223003e-03    5.863456e+00    1.120170e-02
    6.251727e-03    5.890572e+00    1.127167e-02
    6.280584e-03    5.917814e+00    1.134207e-02
    6.309573e-03    5.945182e+00    1.141278e-02
    6.338697e-03    5.972677e+00    1.148385e-02
    6.367955e-03    6.000299e+00    1.155555e-02
    6.397348e-03    6.028049e+00    1.162763e-02
    6.426877e-03    6.055927e+00    1.170016e-02
    6.456542e-03    6.083935e+00    1.177316e-02
    6.486344e-03    6.112072e+00    1.184642e-02
    6.516284e-03    6.140339e+00    1.192028e-02
    6.546362e-03    6.168737e+00    1.199459e-02
    6.576578e-03    6.197266e+00    1.206940e-02
    6.606934e-03    6.225928e+00    1.214467e-02
    6.637431e-03    6.254722e+00    1.222039e-02
    6.668068e-03    6.283649e+00    1.229653e-02
    6.698846e-03    6.312710e+00    1.237312e-02
    6.729767e-03    6.341906e+00    1.245008e-02
    6.760830e-03    6.371237e+00    1.252761e-02
    6.792036e-03    6.400703e+00    1.260565e-02
    6.823387e-03    6.430306e+00    1.268419e-02
    6.854882e-03    6.460046e+00    1.276319e-02
    6.886523e-03    6.489924e+00    1.284267e-02
    6.918310e-03    6.519940e+00    1.292264e-02
    6.950243e-03    6.550094e+00    1.300308e-02
    6.982324e-03    6.580389e+00    1.308402e-02
    7.014553e-03    6.610823e+00    1.316609e-02
    7.046931e-03    6.641399e+00    1.324736e-02
    7.079458e-03    6.672116e+00    1.332977e-02
    7.112135e-03    6.702975e+00    1.341236e-02
    7.144963e-03    6.733977e+00    1.349567e-02
    7.177943e-03    6.765122e+00    1.357926e-02
    7.211075e-03    6.796412e+00    1.366368e-02
    7.244360e-03    6.827846e+00    1.374851e-02
    7.277798e-03    6.859426e+00    1.383474e-02
    7.311391e-03    6.891152e+00    1.392012e-02
    7.345139e-03    6.923025e+00    1.400729e-02
    7.379042e-03    6.955045e+00    1.409381e-02
    7.413102e-03    6.987213e+00    1.418215e-02
    7.447320e-03    7.019531e+00    1.427053e-02
    7.481695e-03    7.051998e+00    1.435841e-02
    7.516229e-03    7.084615e+00    1.444752e-02
    7.550922e-03    7.117384e+00    1.453717e-02
    7.585776e-03    7.150303e+00    1.462742e-02
    7.620790e-03    7.183376e+00    1.471815e-02
    7.655966e-03    7.216601e+00    1.480948e-02
    7.691304e-03    7.249980e+00    1.490131e-02
    7.726806e-03    7.283514e+00    1.499369e-02
    7.762471e-03    7.317203e+00    1.508662e-02
    7.798301e-03    7.351048e+00    1.518017e-02
    7.834296e-03    7.385049e+00    1.527427e-02
    7.870458e-03    7.419208e+00    1.536889e-02
    7.906786e-03    7.453525e+00    1.546430e-02
    7.943282e-03    7.488001e+00    1.555991e-02
    7.979947e-03    7.522636e+00    1.565629e-02
    8.016781e-03    7.557432e+00    1.575318e-02
    8.053784e-03    7.592389e+00    1.585066e-02
    8.090959e-03    7.627507e+00    1.594878e-02
    8.128305e-03    7.662788e+00    1.604749e-02
    8.165824e-03    7.698233e+00    1.614673e-02
    8.203515e-03    7.733841e+00    1.624663e-02
    8.241381e-03    7.769615e+00    1.634711e-02
    8.279422e-03    7.805553e+00    1.644813e-02
    8.317638e-03    7.841659e+00    1.654976e-02
    8.356030e-03    7.877931e+00    1.665211e-02
    8.394600e-03    7.914371e+00    1.675412e-02
    8.433348e-03    7.950980e+00    1.685840e-02
    8.472274e-03    7.987759e+00    1.696259e-02
    8.511380e-03    8.024707e+00    1.706728e-02
    8.550667e-03    8.061827e+00    1.717259e-02
    8.590135e-03    8.099119e+00    1.727888e-02
    8.629785e-03    8.136583e+00    1.738519e-02
    8.669619e-03    8.174220e+00    1.749245e-02
    8.709636e-03    8.212032e+00    1.760034e-02
    8.749838e-03    8.250019e+00    1.770882e-02
    8.790225e-03    8.288182e+00    1.781803e-02
    8.830799e-03    8.326521e+00    1.792779e-02
    8.871560e-03    8.365038e+00    1.803821e-02
    8.912509e-03    8.403733e+00    1.814952e-02
    8.953648e-03    8.442607e+00    1.826108e-02
    8.994976e-03    8.481661e+00    1.837353e-02
    9.036495e-03    8.520896e+00    1.848665e-02
    9.078205e-03    8.560313e+00    1.860031e-02
    9.120108e-03    8.599912e+00    1.871483e-02
    9.162205e-03    8.639694e+00    1.882990e-02
    9.204496e-03    8.679661e+00    1.894614e-02
    9.246982e-03    8.719812e+00    1.906213e-02
    9.289664e-03    8.760150e+00    1.917925e-02
    9.332543e-03    8.800674e+00    1.929718e-02
    9.375620e-03    8.841386e+00    1.941561e-02
    9.418896e-03    8.882286e+00    1.953493e-02
    9.462372e-03    8.923375e+00    1.965483e-02
    9.506048e-03    8.964655e+00    1.977535e-02
    9.549926e-03    9.006126e+00    1.989679e-02
    9.594006e-03    9.047789e+00    2.001834e-02
    9.638290e-03    9.089645e+00    2.014153e-02
    9.682779e-03    9.131694e+00    2.026506e-02
    9.727472e-03    9.173938e+00    2.038915e-02
    9.772372e-03    9.216378e+00    2.051420e-02
    9.817479e-03    9.259014e+00    2.063985e-02
    9.862795e-03    9.301848e+00    2.076618e-02
    9.908319e-03    9.344880e+00    2.089338e-02
    9.954054e-03    9.388111e+00    2.102113e-02
    1.000000e-02    9.431542e+00    2.114988e-02
    1.004616e-02    9.475174e+00    2.127925e-02
    1.009253e-02    9.519008e+00    2.140931e-02
    1.013911e-02    9.563046e+00    2.154026e-02
    1.018591e-02    9.607287e+00    2.167178e-02
    1.023293e-02    9.651733e+00    2.180433e-02
    1.028016e-02    9.696384e+00    2.193738e-02
    1.032761e-02    9.741243e+00    2.207141e-02
    1.037528e-02    9.786309e+00    2.220527e-02
    1.042317e-02    9.831584e+00    2.234161e-02
    1.047129e-02    9.877068e+00    2.247807e-02
    1.051962e-02    9.922763e+00    2.261503e-02
    1.056818e-02    9.968669e+00    2.275295e-02
    1.061696e-02    1.001479e+01    2.289156e-02
    1.066596e-02    1.006112e+01    2.303115e-02
    1.071519e-02    1.010767e+01    2.317131e-02
    1.076465e-02    1.015443e+01    2.331259e-02
    1.081434e-02    1.020141e+01    2.345437e-02
    1.086426e-02    1.024861e+01    2.359717e-02
    1.091440e-02    1.029602e+01    2.374066e-02
    1.096478e-02    1.034366e+01    2.388518e-02
    1.101539e-02    1.039151e+01    2.403026e-02
    1.106624e-02    1.043959e+01    2.417654e-02
    1.111732e-02    1.048789e+01    2.432330e-02
    1.116863e-02    1.053641e+01    2.447005e-02
    1.122018e-02    1.058516e+01    2.461958e-02
    1.127197e-02    1.063413e+01    2.476889e-02
    1.132400e-02    1.068333e+01    2.491944e-02
    1.137627e-02    1.073276e+01    2.507047e-02
    1.142878e-02    1.078241e+01    2.522269e-02
    1.148154e-02    1.083230e+01    2.537547e-02
    1.153453e-02    1.088242e+01    2.552944e-02
    1.158777e-02    1.093277e+01    2.568397e-02
    1.164126e-02    1.098335e+01    2.584068e-02
    1.169499e-02    1.103417e+01    2.599612e-02
    1.174898e-02    1.108522e+01    2.615326e-02
    1.180321e-02    1.113651e+01    2.631171e-02
    1.185769e-02    1.118803e+01    2.647073e-02
    1.191242e-02    1.123980e+01    2.663183e-02
    1.196741e-02    1.129180e+01    2.679193e-02
    1.202264e-02    1.134405e+01    2.695362e-02
    1.207814e-02    1.139654e+01    2.711668e-02
    1.213389e-02    1.144927e+01    2.728030e-02
    1.218990e-02    1.150224e+01    2.744485e-02
    1.224616e-02    1.155546e+01    2.761072e-02
    1.230269e-02    1.160892e+01    2.777709e-02
    1.235947e-02    1.166264e+01    2.794447e-02
    1.241652e-02    1.171660e+01    2.811328e-02
    1.247384e-02    1.177081e+01    2.828251e-02
    1.253141e-02    1.182528e+01    2.845254e-02
    1.258925e-02    1.187999e+01    2.862442e-02
    1.264736e-02    1.193496e+01    2.879663e-02
    1.270574e-02    1.199018e+01    2.896974e-02
    1.276439e-02    1.204566e+01    2.914434e-02
    1.282331e-02    1.210140e+01    2.931950e-02
    1.288250e-02    1.215739e+01    2.949566e-02
    1.294196e-02    1.221364e+01    2.967318e-02
    1.300170e-02    1.227016e+01    2.985135e-02
    1.306171e-02    1.232693e+01    3.003052e-02
    1.312200e-02    1.238397e+01    3.020960e-02
    1.318257e-02    1.244127e+01    3.039230e-02
    1.324342e-02    1.249884e+01    3.057455e-02
    1.330454e-02    1.255667e+01    3.075766e-02
    1.336596e-02    1.261478e+01    3.094252e-02
    1.342765e-02    1.267315e+01    3.112788e-02
    1.348963e-02    1.273179e+01    3.131412e-02
    1.355189e-02    1.279070e+01    3.150125e-02
    1.361445e-02    1.284989e+01    3.169067e-02
    1.367729e-02    1.290935e+01    3.188009e-02
    1.374042e-02    1.296908e+01    3.207074e-02
    1.380384e-02    1.302909e+01    3.226180e-02
    1.386756e-02    1.308938e+01    3.245571e-02
    1.393157e-02    1.314995e+01    3.264961e-02
    1.399587e-02    1.321080e+01    3.284443e-02
    1.406048e-02    1.327193e+01    3.304198e-02
    1.412538e-02    1.333334e+01    3.323817e-02
    1.419058e-02    1.339504e+01    3.343648e-02
    1.425608e-02    1.345703e+01    3.363582e-02
    1.432188e-02    1.351930e+01    3.383627e-02
    1.438799e-02    1.358186e+01    3.403709e-02
    1.445440e-02    1.364471e+01    3.424123e-02
    1.452112e-02    1.370785e+01    3.444518e-02
    1.458814e-02    1.377128e+01    3.465010e-02
    1.465548e-02    1.383500e+01    3.485626e-02
    1.472313e-02    1.389903e+01    3.506270e-02
    1.479108e-02    1.396334e+01    3.527282e-02
    1.485936e-02    1.402796e+01    3.548238e-02
    1.492794e-02    1.409287e+01    3.569312e-02
    1.499685e-02    1.415809e+01    3.590522e-02
    1.506607e-02    1.422361e+01    3.611832e-02
    1.513561e-02    1.428943e+01    3.633352e-02
    1.520548e-02    1.435555e+01    3.654902e-02
    1.527566e-02    1.442199e+01    3.676591e-02
    1.534617e-02    1.448873e+01    3.698384e-02
    1.541700e-02    1.455577e+01    3.720298e-02
    1.548817e-02    1.462313e+01    3.742353e-02
    1.555966e-02    1.469080e+01    3.764661e-02
    1.563148e-02    1.475879e+01    3.786891e-02
    1.570363e-02    1.482709e+01    3.809300e-02
    1.577611e-02    1.489570e+01    3.831834e-02
    1.584893e-02    1.496464e+01    3.854494e-02
    1.592209e-02    1.503389e+01    3.877299e-02
    1.599558e-02    1.510346e+01    3.900212e-02
    1.606941e-02    1.517336e+01    3.923253e-02
    1.614359e-02    1.524358e+01    3.946328e-02
    1.621810e-02    1.531412e+01    3.969822e-02
    1.629296e-02    1.538499e+01    3.993251e-02
    1.636817e-02    1.545619e+01    4.016821e-02
    1.644372e-02    1.552772e+01    4.040522e-02
    1.651962e-02    1.559958e+01    4.064346e-02
    1.659587e-02    1.567178e+01    4.088302e-02
    1.667247e-02    1.574430e+01    4.112391e-02
    1.674943e-02    1.581717e+01    4.136615e-02
    1.682674e-02    1.589037e+01    4.160953e-02
    1.690441e-02    1.596391e+01    4.185573e-02
    1.698244e-02    1.603779e+01    4.210204e-02
    1.706082e-02    1.611201e+01    4.234972e-02
    1.713957e-02    1.618658e+01    4.259878e-02
    1.721869e-02    1.626149e+01    4.284922e-02
    1.729816e-02    1.633675e+01    4.310105e-02
    1.737801e-02    1.641236e+01    4.335439e-02
    1.745822e-02    1.648831e+01    4.360903e-02
    1.753881e-02    1.656462e+01    4.386509e-02
    1.761976e-02    1.664129e+01    4.412257e-02
    1.770109e-02    1.671830e+01    4.438148e-02
    1.778279e-02    1.679568e+01    4.464183e-02
    1.786488e-02    1.687341e+01    4.490362e-02
    1.794734e-02    1.695150e+01    4.516876e-02
    1.803018e-02    1.702996e+01    4.543042e-02
    1.811340e-02    1.710878e+01    4.569882e-02
    1.819701e-02    1.718796e+01    4.596649e-02
    1.828100e-02    1.726751e+01    4.623564e-02
    1.836538e-02    1.734743e+01    4.650629e-02
    1.845015e-02    1.742771e+01    4.677844e-02
    1.853532e-02    1.750837e+01    4.705210e-02
    1.862087e-02    1.758941e+01    4.732717e-02
    1.870682e-02    1.767082e+01    4.760377e-02
    1.879317e-02    1.775260e+01    4.788201e-02
    1.887991e-02    1.783477e+01    4.816180e-02
    1.896706e-02    1.791731e+01    4.844314e-02
    1.905461e-02    1.800024e+01    4.872605e-02
    1.914256e-02    1.808355e+01    4.901041e-02
    1.923092e-02    1.816725e+01    4.929635e-02
    1.931968e-02    1.825133e+01    4.958399e-02
    1.940886e-02    1.833581e+01    4.987323e-02
    1.949845e-02    1.842068e+01    5.016396e-02
    1.958845e-02    1.850593e+01    5.045631e-02
    1.967886e-02    1.859159e+01    5.075039e-02
    1.976970e-02    1.867764e+01    5.104611e-02
    1.986095e-02    1.876409e+01    5.134324e-02
    1.995262e-02    1.885094e+01    5.164225e-02
    2.004472e-02    1.893819e+01    5.194292e-02
    2.013724e-02    1.902585e+01    5.224515e-02
    2.023019e-02    1.911391e+01    5.254906e-02
    2.032357e-02    1.920238e+01    5.285478e-02
    2.041738e-02    1.929126e+01    5.316195e-02
    2.051162e-02    1.938055e+01    5.347108e-02
    2.060630e-02    1.947025e+01    5.378192e-02
    2.070141e-02    1.956038e+01    5.409425e-02
    2.079697e-02    1.965091e+01    5.440857e-02
    2.089296e-02    1.974187e+01    5.472439e-02
    2.098940e-02    1.983325e+01    5.504221e-02
    2.108628e-02    1.992505e+01    5.536168e-02
    2.118361e-02    2.001728e+01    5.568293e-02
    2.128139e-02    2.010993e+01    5.600610e-02
    2.137962e-02    2.020302e+01    5.633088e-02
    2.147830e-02    2.029653e+01    5.665754e-02
    2.157744e-02    2.039048e+01    5.698601e-02
    2.167704e-02    2.048486e+01    5.731632e-02
    2.177710e-02    2.057968e+01    5.764841e-02
    2.187762e-02    2.067494e+01    5.798242e-02
    2.197860e-02    2.077064e+01    5.831823e-02
    2.208005e-02    2.086679e+01    5.865599e-02
    2.218196e-02    2.096338e+01    5.899563e-02
    2.228435e-02    2.106041e+01    5.933718e-02
    2.238721e-02    2.115790e+01    5.968056e-02
    2.249055e-02    2.125584e+01    6.002588e-02
    2.259436e-02    2.135423e+01    6.037319e-02
    2.269865e-02    2.145308e+01    6.072246e-02
    2.280342e-02    2.155238e+01    6.107361e-02
    2.290868e-02    2.165215e+01    6.142674e-02
    2.301442e-02    2.175237e+01    6.178192e-02
    2.312065e-02    2.185307e+01    6.213902e-02
    2.322737e-02    2.195422e+01    6.249814e-02
    2.333458e-02    2.205585e+01    6.285927e-02
    2.344229e-02    2.215795e+01    6.322244e-02
    2.355049e-02    2.226052e+01    6.358773e-02
    2.365920e-02    2.236356e+01    6.395493e-02
    2.376840e-02    2.246709e+01    6.432428e-02
    2.387811e-02    2.257109e+01    6.469572e-02
    2.398833e-02    2.267557e+01    6.506925e-02
    2.409905e-02    2.278054e+01    6.544490e-02
    2.421029e-02    2.288600e+01    6.582260e-02
    2.432204e-02    2.299194e+01    6.620252e-02
    2.443431e-02    2.309837e+01    6.658459e-02
    2.454709e-02    2.320530e+01    6.696890e-02
    2.466039e-02    2.331272e+01    6.735517e-02
    2.477422e-02    2.342064e+01    6.774379e-02
    2.488857e-02    2.352906e+01    6.813455e-02
    2.500345e-02    2.363798e+01    6.852768e-02
    2.511886e-02    2.374741e+01    6.892306e-02
    2.523481e-02    2.385735e+01    6.931765e-02
    2.535129e-02    2.396779e+01    6.972123e-02
    2.546830e-02    2.407874e+01    7.012360e-02
    2.558586e-02    2.419021e+01    7.052795e-02
    2.570396e-02    2.430220e+01    7.093445e-02
    2.582260e-02    2.441470e+01    7.134329e-02
    2.594179e-02    2.452773e+01    7.175168e-02
    2.606154e-02    2.464127e+01    7.216538e-02
    2.618183e-02    2.475535e+01    7.258131e-02
    2.630268e-02    2.486995e+01    7.299988e-02
    2.642409e-02    2.498509e+01    7.342070e-02
    2.654606e-02    2.510075e+01    7.384404e-02
    2.666859e-02    2.521696e+01    7.426984e-02
    2.679168e-02    2.533370e+01    7.469810e-02
    2.691535e-02    2.545098e+01    7.512851e-02
    2.703958e-02    2.556881e+01    7.556193e-02
    2.716439e-02    2.568718e+01    7.599771e-02
    2.728978e-02    2.580610e+01    7.643586e-02
    2.741574e-02    2.592557e+01    7.687969e-02
    2.754229e-02    2.604560e+01    7.731950e-02
    2.766942e-02    2.616618e+01    7.776537e-02
    2.779713e-02    2.628732e+01    7.821387e-02
    2.792544e-02    2.640902e+01    7.866482e-02
    2.805434e-02    2.653128e+01    7.912197e-02
    2.818383e-02    2.665411e+01    7.957853e-02
    2.831392e-02    2.677751e+01    8.003780e-02
    2.844461e-02    2.690149e+01    8.049987e-02
    2.857591e-02    2.702603e+01    8.096449e-02
    2.870781e-02    2.715116e+01    8.143197e-02
    2.884032e-02    2.727686e+01    8.190223e-02
    2.897344e-02    2.740315e+01    8.237530e-02
    2.910717e-02    2.753002e+01    8.285119e-02
    2.924152e-02    2.765747e+01    8.332983e-02
    2.937650e-02    2.778552e+01    8.381144e-02
    2.951209e-02    2.791417e+01    8.429594e-02
    2.964831e-02    2.804340e+01    8.478327e-02
    2.978516e-02    2.817324e+01    8.527353e-02
    2.992265e-02    2.830368e+01    8.576686e-02
    3.006076e-02    2.843472e+01    8.626318e-02
    3.019952e-02    2.856637e+01    8.676241e-02
    3.033891e-02    2.869864e+01    8.726468e-02
    3.047895e-02    2.883151e+01    8.777342e-02
    3.061963e-02    2.896500e+01    8.828065e-02
    3.076097e-02    2.909911e+01    8.879230e-02
    3.090295e-02    2.923384e+01    8.930698e-02
    3.104560e-02    2.936919e+01    8.982484e-02
    3.118890e-02    2.950517e+01    9.034599e-02
    3.133286e-02    2.964178e+01    9.087027e-02
    3.147748e-02    2.977902e+01    9.139780e-02
    3.162278e-02    2.991690e+01    9.192850e-02
    3.176874e-02    3.005542e+01    9.246262e-02
    3.191538e-02    3.019458e+01    9.300370e-02
    3.206269e-02    3.033439e+01    9.354316e-02
    3.221069e-02    3.047484e+01    9.408729e-02
    3.235937e-02    3.061595e+01    9.463495e-02
    3.250873e-02    3.075770e+01    9.518607e-02
    3.265878e-02    3.090012e+01    9.574068e-02
    3.280953e-02    3.104319e+01    9.629882e-02
    3.296097e-02    3.118693e+01    9.686041e-02
    3.311311e-02    3.133134e+01    9.742798e-02
    3.326596e-02    3.147641e+01    9.799678e-02
    3.341950e-02    3.162215e+01    9.856936e-02
    3.357376e-02    3.176858e+01    9.914563e-02
    3.372873e-02    3.191567e+01    9.972540e-02
    3.388442e-02    3.206346e+01    1.003083e-01
    3.404082e-02    3.221192e+01    1.008990e-01
    3.419794e-02    3.236108e+01    1.014904e-01
    3.435579e-02    3.251092e+01    1.020856e-01
    3.451437e-02    3.266146e+01    1.026847e-01
    3.467369e-02    3.281270e+01    1.032901e-01
    3.483373e-02    3.296464e+01    1.038973e-01
    3.499452e-02    3.311728e+01    1.045082e-01
    3.515604e-02    3.327063e+01    1.051235e-01
    3.531832e-02    3.342469e+01    1.057466e-01
    3.548134e-02    3.357947e+01    1.063685e-01
    3.564511e-02    3.373496e+01    1.069962e-01
    3.580964e-02    3.389117e+01    1.076279e-01
    3.597493e-02    3.404811e+01    1.082670e-01
    3.614099e-02    3.420577e+01    1.089071e-01
    3.630781e-02    3.436417e+01    1.095519e-01
    3.647539e-02    3.452330e+01    1.102053e-01
    3.664376e-02    3.468317e+01    1.108575e-01
    3.681290e-02    3.484377e+01    1.115156e-01
    3.698282e-02    3.500513e+01    1.121786e-01
    3.715352e-02    3.516723e+01    1.128485e-01
    3.732502e-02    3.533008e+01    1.135206e-01
    3.749730e-02    3.549369e+01    1.141970e-01
    3.767038e-02    3.565805e+01    1.148816e-01
    3.784426e-02    3.582318e+01    1.155680e-01
    3.801894e-02    3.598907e+01    1.162621e-01
    3.819443e-02    3.615573e+01    1.169582e-01
    3.837072e-02    3.632317e+01    1.176594e-01
    3.854784e-02    3.649138e+01    1.183685e-01
    3.872576e-02    3.666037e+01    1.190798e-01
    3.890451e-02    3.683014e+01    1.197989e-01
    3.908409e-02    3.700070e+01    1.205207e-01
    3.926449e-02    3.717205e+01    1.212505e-01
    3.944573e-02    3.734420e+01    1.219829e-01
    3.962780e-02    3.751714e+01    1.227235e-01
    3.981072e-02    3.769089e+01    1.234668e-01
    3.999447e-02    3.786544e+01    1.242185e-01
    4.017908e-02    3.804080e+01    1.249729e-01
    4.036454e-02    3.821697e+01    1.257358e-01
    4.055085e-02    3.839396e+01    1.265018e-01
    4.073803e-02    3.857177e+01    1.272761e-01
    4.092607e-02    3.875041e+01    1.280565e-01
    4.111497e-02    3.892987e+01    1.288401e-01
    4.130475e-02    3.911016e+01    1.296326e-01
    4.149540e-02    3.929129e+01    1.304284e-01
    4.168694e-02    3.947327e+01    1.312331e-01
    4.187936e-02    3.965608e+01    1.320442e-01
    4.207266e-02    3.983974e+01    1.328588e-01
    4.226686e-02    4.002426e+01    1.336827e-01
    4.246196e-02    4.020963e+01    1.345131e-01
    4.265795e-02    4.039586e+01    1.353500e-01
    4.285485e-02    4.058295e+01    1.361909e-01
    4.305266e-02    4.077091e+01    1.370414e-01
    4.325138e-02    4.095974e+01    1.378987e-01
    4.345102e-02    4.114945e+01    1.387630e-01
    4.365158e-02    4.134004e+01    1.396313e-01
    4.385307e-02    4.153151e+01    1.405104e-01
    4.405549e-02    4.172387e+01    1.413962e-01
    4.425884e-02    4.191712e+01    1.422893e-01
    4.446313e-02    4.211127e+01    1.431898e-01
    4.466836e-02    4.230632e+01    1.440982e-01
    5.283054e-02    5.006838e+01    1.472384e-01
    5.408437e-02    5.126019e+01    1.523017e-01
    5.536798e-02    5.248046e+01    1.576648e-01
    5.668208e-02    5.372983e+01    1.633538e-01
    5.802737e-02    5.500901e+01    1.693968e-01
    5.940461e-02    5.631870e+01    1.758245e-01
    6.081452e-02    5.765962e+01    1.826704e-01
    6.225787e-02    5.903251e+01    1.899706e-01
    6.373543e-02    6.043813e+01    1.977648e-01
    6.524801e-02    6.187726e+01    2.060956e-01
    6.679643e-02    6.335068e+01    2.150097e-01
    6.838151e-02    6.485921e+01    2.245574e-01
    7.000412e-02    6.640367e+01    2.347936e-01
    7.166511e-02    6.798494e+01    2.457774e-01
    7.336537e-02    6.960386e+01    2.575734e-01
    7.510583e-02    7.126134e+01    2.702509e-01
    7.688740e-02    7.295829e+01    2.838856e-01
    7.871105e-02    7.469565e+01    2.985587e-01
    8.057774e-02    7.647437e+01    3.143589e-01
    8.248846e-02    7.829545e+01    3.313814e-01
    8.444425e-02    8.015988e+01    3.497296e-01
    8.644612e-02    8.206871e+01    3.695149e-01
    8.849514e-02    8.402299e+01    3.908578e-01
    9.059241e-02    8.602380e+01    4.138883e-01
    9.273902e-02    8.807226e+01    4.387471e-01
    9.493612e-02    9.016951e+01    4.655856e-01
    9.718487e-02    9.231671e+01    4.945676e-01
    9.948645e-02    9.451507e+01    5.258690e-01
    1.018421e-01    9.676583e+01    5.596804e-01
    1.042530e-01    9.907023e+01    5.962064e-01
    1.067204e-01    1.014296e+02    6.356682e-01
    1.079758e-01    1.026303e+02    6.565736e-01
    1.092458e-01    1.038453e+02    6.783036e-01
    1.105305e-01    1.050746e+02    7.008906e-01
    1.118302e-01    1.063185e+02    7.243687e-01
    1.131451e-01    1.075772e+02    7.487730e-01
    1.144752e-01    1.088510e+02    7.741397e-01
    1.158209e-01    1.101397e+02    8.005067e-01
    1.171821e-01    1.114438e+02    8.279132e-01
    1.185593e-01    1.127634e+02    8.564001e-01
    1.199525e-01    1.140986e+02    8.860092e-01
    1.213629e-01    1.154509e+02    9.167454e-01
    1.227947e-01    1.168239e+02    9.485241e-01
    1.242458e-01    1.182159e+02    9.814757e-01
    1.257158e-01    1.196263e+02    1.015678e+00
    1.272045e-01    1.210552e+02    1.051199e+00
    1.287120e-01    1.225024e+02    1.088101e+00
    1.302382e-01    1.239681e+02    1.126448e+00
    1.317832e-01    1.254524e+02    1.166302e+00
    1.333473e-01    1.269554e+02    1.207730e+00
    1.349305e-01    1.284774e+02    1.250798e+00
    1.365330e-01    1.300182e+02    1.295574e+00
    1.381549e-01    1.315785e+02    1.342129e+00
    1.397965e-01    1.331582e+02    1.390536e+00
    1.414579e-01    1.347575e+02    1.440869e+00
    1.431393e-01    1.363768e+02    1.493207e+00
    1.448410e-01    1.380161e+02    1.547631e+00
    1.465630e-01    1.396757e+02    1.604223e+00
    1.483058e-01    1.413560e+02    1.663068e+00
    1.500693e-01    1.430570e+02    1.724257e+00
    1.518539e-01    1.447790e+02    1.787883e+00
    1.536597e-01    1.465224e+02    1.854040e+00
    1.554871e-01    1.482873e+02    1.922827e+00
    1.573363e-01    1.500741e+02    1.994346e+00
    1.592073e-01    1.518830e+02    2.068705e+00
    1.611006e-01    1.537143e+02    2.146012e+00
    1.630164e-01    1.555682e+02    2.226383e+00
    1.649548e-01    1.574450e+02    2.309935e+00
    1.669162e-01    1.593452e+02    2.396788e+00
    1.689008e-01    1.612687e+02    2.487073e+00
    1.709089e-01    1.632163e+02    2.580918e+00
    1.729408e-01    1.651878e+02    2.678458e+00
    1.749966e-01    1.671840e+02    2.779838e+00
    1.770766e-01    1.692049e+02    2.885199e+00
    1.791813e-01    1.712508e+02    2.994696e+00
    1.813107e-01    1.733223e+02    3.108483e+00
    1.834653e-01    1.754196e+02    3.226723e+00
    1.856452e-01    1.775430e+02    3.349584e+00
    1.878508e-01    1.796928e+02    3.477240e+00
    1.900825e-01    1.818696e+02    3.609871e+00
    1.923404e-01    1.840737e+02    3.747664e+00
    1.946248e-01    1.863054e+02    3.890812e+00
    1.969362e-01    1.885651e+02    4.039516e+00
    1.992748e-01    1.908531e+02    4.193983e+00
    2.016410e-01    1.931700e+02    4.354428e+00
    2.040350e-01    1.955161e+02    4.521076e+00
    2.064572e-01    1.978918e+02    4.694154e+00
    2.089079e-01    2.002976e+02    4.873903e+00
    2.113874e-01    2.027340e+02    5.060572e+00
    2.138962e-01    2.052013e+02    5.254416e+00
    2.164346e-01    2.077000e+02    5.455702e+00
    2.190028e-01    2.102305e+02    5.664704e+00
    2.216013e-01    2.127935e+02    5.881710e+00
    2.242305e-01    2.153893e+02    6.107013e+00
    2.268907e-01    2.180184e+02    6.340920e+00
    2.295824e-01    2.206814e+02    6.583750e+00
    2.323057e-01    2.233788e+02    6.835832e+00
    2.350613e-01    2.261110e+02    7.097504e+00
    2.378494e-01    2.288788e+02    7.369122e+00
    2.406705e-01    2.316826e+02    7.651051e+00
    2.435250e-01    2.345229e+02    7.943671e+00
    2.464133e-01    2.374005e+02    8.247373e+00
    2.493359e-01    2.403158e+02    8.562567e+00
    2.522931e-01    2.432696e+02    8.889673e+00
    2.552855e-01    2.462623e+02    9.229131e+00
    2.583134e-01    2.492948e+02    9.581392e+00
    2.613773e-01    2.523676e+02    9.946928e+00
    2.644778e-01    2.554813e+02    1.032622e+01
    2.676151e-01    2.586368e+02    1.071979e+01
    2.707901e-01    2.618347e+02    1.112814e+01
    2.740029e-01    2.650759e+02    1.155182e+01
    2.772542e-01    2.683609e+02    1.199141e+01
    2.805443e-01    2.716905e+02    1.244747e+01
    2.838740e-01    2.750656e+02    1.292061e+01
    2.872438e-01    2.784870e+02    1.341147e+01
    2.906540e-01    2.819556e+02    1.392069e+01
    2.941055e-01    2.854722e+02    1.444896e+01
    2.975985e-01    2.890375e+02    1.499695e+01
    3.011339e-01    2.926527e+02    1.556541e+01
    3.047120e-01    2.963185e+02    1.615509e+01
    3.083337e-01    3.000360e+02    1.676677e+01
    3.119994e-01    3.038061e+02    1.740125e+01
    3.157097e-01    3.076299e+02    1.805939e+01
    3.194655e-01    3.115083e+02    1.874205e+01
    3.232672e-01    3.154426e+02    1.945015e+01
    3.271156e-01    3.194337e+02    2.018462e+01
    3.310113e-01    3.234828e+02    2.094644e+01
    3.349550e-01    3.275911e+02    2.173663e+01
    3.389477e-01    3.317598e+02    2.255623e+01
    3.429897e-01    3.359902e+02    2.340634e+01
    3.470820e-01    3.402835e+02    2.428811e+01
    3.512254e-01    3.446411e+02    2.520269e+01
    3.554205e-01    3.490642e+02    2.615133e+01
    3.596683e-01    3.535545e+02    2.713531e+01
    3.639697e-01    3.581132e+02    2.815593e+01
    3.683253e-01    3.627420e+02    2.921458e+01
    3.727362e-01    3.674423e+02    3.031269e+01
    3.772031e-01    3.722159e+02    3.145175e+01
    3.817271e-01    3.770643e+02    3.263330e+01
    3.863090e-01    3.819893e+02    3.385897e+01
    3.909500e-01    3.869927e+02    3.513040e+01
    3.956508e-01    3.920763e+02    3.644936e+01
    4.004127e-01    3.972419e+02    3.781765e+01
    4.052366e-01    4.024918e+02    3.923717e+01
    4.101238e-01    4.078278e+02    4.070987e+01
    4.150752e-01    4.132521e+02    4.223781e+01
    4.200920e-01    4.187670e+02    4.382311e+01
    4.251756e-01    4.243746e+02    4.546801e+01
    4.303270e-01    4.300775e+02    4.717480e+01
    4.355475e-01    4.358780e+02    4.894592e+01
    4.408387e-01    4.417788e+02    5.078388e+01
    4.462016e-01    4.477826e+02    5.269130e+01
    4.516379e-01    4.538920e+02    5.467093e+01
    4.571488e-01    4.601100e+02    5.672561e+01
    4.627360e-01    4.664396e+02    5.885836e+01
    4.684010e-01    4.728840e+02    6.107227e+01
    4.741454e-01    4.794463e+02    6.337061e+01
    4.799710e-01    4.861302e+02    6.575678e+01
    4.858794e-01    4.929390e+02    6.823436e+01
    4.918724e-01    4.998764e+02    7.080704e+01
    4.979520e-01    5.069464e+02    7.347873e+01
    5.041199e-01    5.141530e+02    7.625353e+01
    5.103784e-01    5.215005e+02    7.913568e+01
    5.167296e-01    5.289932e+02    8.212967e+01
    5.231754e-01    5.366359e+02    8.524019e+01
    5.297184e-01    5.444332e+02    8.847214e+01
    5.363607e-01    5.523904e+02    9.183069e+01
    5.431050e-01    5.605127e+02    9.532125e+01
    5.499537e-01    5.688057e+02    9.894950e+01
    5.569097e-01    5.772753e+02    1.027214e+02
    5.639756e-01    5.859275e+02    1.066432e+02
    5.711544e-01    5.947689e+02    1.107216e+02
    5.784492e-01    6.038063e+02    1.149634e+02
    5.858631e-01    6.130468e+02    1.193761e+02
    5.933996e-01    6.224979e+02    1.239671e+02
    6.010621e-01    6.321675e+02    1.287447e+02
    6.088543e-01    6.420640e+02    1.337175e+02
    6.167800e-01    6.521960e+02    1.388944e+02
    6.248432e-01    6.625730e+02    1.442851e+02
    6.330482e-01    6.732047e+02    1.498994e+02
    6.413993e-01    6.841013e+02    1.557482e+02
    6.499013e-01    6.952738e+02    1.618425e+02
    6.585590e-01    7.067339e+02    1.681944e+02
    6.673774e-01    7.184935e+02    1.748164e+02
    6.763620e-01    7.305657e+02    1.817219e+02
    6.855182e-01    7.429642e+02    1.889250e+02
    6.948521e-01    7.557034e+02    1.964408e+02
    7.043697e-01    7.687985e+02    2.042851e+02
    7.140777e-01    7.822660e+02    2.124749e+02
    7.239828e-01    7.961230e+02    2.210282e+02
    7.340920e-01    8.103877e+02    2.299641e+02
    7.444131e-01    8.250797e+02    2.393028e+02
    7.549535e-01    8.402193e+02    2.490660e+02
    7.657217e-01    8.558285e+02    2.592767e+02
    7.767264e-01    8.719303e+02    2.699593e+02
    7.879762e-01    8.885493e+02    2.811399e+02
    7.994808e-01    9.057117e+02    2.928463e+02
    8.112498e-01    9.234449e+02    3.051080e+02
    8.232934e-01    9.417783e+02    3.179565e+02
    8.356222e-01    9.607428e+02    3.314253e+02
    8.482473e-01    9.803713e+02    3.455502e+02
    8.611798e-01    1.000698e+03    3.603692e+02
    8.744316e-01    1.021761e+03    3.759225e+02
    8.880148e-01    1.043598e+03    3.922535e+02
    9.019417e-01    1.066250e+03    4.094077e+02
    9.162249e-01    1.089760e+03    4.274336e+02
    9.308773e-01    1.114174e+03    4.463829e+02
    9.459120e-01    1.139537e+03    4.663100e+02
    9.613422e-01    1.165903e+03    4.872727e+02
    9.771810e-01    1.193320e+03    5.093320e+02
    9.934414e-01    1.221843e+03    5.325524e+02
    1.010136e+00    1.251529e+03    5.570014e+02
    1.027279e+00    1.282437e+03    5.827503e+02
    1.044880e+00    1.314625e+03    6.098736e+02
    1.062953e+00    1.348157e+03    6.384493e+02
    1.081507e+00    1.383094e+03    6.685585e+02
    1.100554e+00    1.419503e+03    7.002858e+02
    1.120102e+00    1.457449e+03    7.337187e+02
    1.140160e+00    1.496999e+03    7.689475e+02
    1.160734e+00    1.538219e+03    8.060655e+02
    1.181831e+00    1.581178e+03    8.451681e+02
    1.203454e+00    1.625944e+03    8.863534e+02
    1.225606e+00    1.672583e+03    9.297211e+02
    1.248289e+00    1.721164e+03    9.753726e+02
    1.271503e+00    1.771752e+03    1.023411e+03
    1.295245e+00    1.824412e+03    1.073940e+03
    1.319514e+00    1.879209e+03    1.127066e+03
    1.344304e+00    1.936208e+03    1.182894e+03
    1.369610e+00    1.995469e+03    1.241531e+03
    1.395424e+00    2.057056e+03    1.303083e+03
    1.421741e+00    2.121027e+03    1.367659e+03
    1.448550e+00    2.187442e+03    1.435365e+03
    1.475843e+00    2.256362e+03    1.506312e+03
