    1.000000e-07    9.307536e-05    2.143249e-08
    1.023293e-07    9.524387e-05    2.210815e-08
    1.047129e-07    9.746291e-05    2.280975e-08
    1.071519e-07    9.973365e-05    2.353060e-08
    1.096478e-07    1.020573e-04    2.427463e-08
    1.122018e-07    1.044351e-04    2.504131e-08
    1.148154e-07    1.068683e-04    2.583264e-08
    1.174898e-07    1.093582e-04    2.664557e-08
    1.202264e-07    1.119061e-04    2.748966e-08
    1.230269e-07    1.145134e-04    2.835425e-08
    1.258925e-07    1.171814e-04    2.924850e-08
    1.288250e-07    1.199116e-04    3.017146e-08
    1.318257e-07    1.227054e-04    3.112105e-08
    1.348963e-07    1.255643e-04    3.210406e-08
    1.380384e-07    1.284899e-04    3.311238e-08
    1.412538e-07    1.314836e-04    3.415614e-08
    1.445440e-07    1.345470e-04    3.523163e-08
    1.479108e-07    1.376818e-04    3.634162e-08
    1.513561e-07    1.408897e-04    3.748185e-08
    1.548817e-07    1.441724e-04    3.865756e-08
    1.584893e-07    1.475315e-04    3.987641e-08
    1.621810e-07    1.509689e-04    4.112852e-08
    1.659587e-07    1.544864e-04    4.242267e-08
    1.698244e-07    1.580858e-04    4.375204e-08
    1.737801e-07    1.617691e-04    4.512275e-08
    1.778279e-07    1.655383e-04    4.654157e-08
    1.819701e-07    1.693953e-04    4.799899e-08
    1.862087e-07    1.733421e-04    4.950755e-08
    1.905461e-07    1.773810e-04    5.105714e-08
    1.949845e-07    1.815139e-04    5.265487e-08
    1.995262e-07    1.857432e-04    5.430864e-08
    2.041738e-07    1.900710e-04    5.600737e-08
    2.089296e-07    1.944996e-04    5.775885e-08
    2.137962e-07    1.990315e-04    5.957175e-08
    2.187762e-07    2.036689e-04    6.143391e-08
    2.238721e-07    2.084144e-04    6.336136e-08
    2.290868e-07    2.132705e-04    6.533811e-08
    2.344229e-07    2.182398e-04    6.737612e-08
    2.398833e-07    2.233248e-04    6.948870e-08
    2.454709e-07    2.285284e-04    7.165865e-08
    2.511886e-07    2.338532e-04    7.389591e-08
    2.570396e-07    2.393021e-04    7.619548e-08
    2.630268e-07    2.448779e-04    7.858273e-08
    2.691535e-07    2.505837e-04    8.103476e-08
    2.754229e-07    2.564225e-04    8.355505e-08
    2.818383e-07    2.623973e-04    8.617142e-08
    2.884032e-07    2.685114e-04    8.885462e-08
    2.951209e-07    2.747679e-04    9.162086e-08
    3.019952e-07    2.811702e-04    9.447712e-08
    3.090295e-07    2.877218e-04    9.742430e-08
    3.162278e-07    2.944260e-04    1.004604e-07
    3.235937e-07    3.012864e-04    1.035810e-07
    3.311311e-07    3.083067e-04    1.068105e-07
    3.388442e-07    3.154906e-04    1.101374e-07
    3.467369e-07    3.228420e-04    1.135568e-07
    3.548134e-07    3.303646e-04    1.170928e-07
    3.630781e-07    3.380626e-04    1.207269e-07
    3.715352e-07    3.459399e-04    1.244880e-07
    3.801894e-07    3.540008e-04    1.283504e-07
    3.890451e-07    3.622496e-04    1.323445e-07
    3.981072e-07    3.706906e-04    1.364494e-07
    4.073803e-07    3.793283e-04    1.406811e-07
    4.168694e-07    3.881674e-04    1.450604e-07
    4.265795e-07    3.972124e-04    1.495576e-07
    4.365158e-07    4.064682e-04    1.542009e-07
    4.466836e-07    4.159397e-04    1.589877e-07
    4.570882e-07    4.256319e-04    1.639147e-07
    4.677351e-07    4.355501e-04    1.690057e-07
    4.786301e-07    4.456993e-04    1.742499e-07
    4.897788e-07    4.560851e-04    1.796476e-07
    5.011872e-07    4.667130e-04    1.852031e-07
    5.128614e-07    4.775885e-04    1.909297e-07
    5.248075e-07    4.887175e-04    1.968418e-07
    5.370318e-07    5.001058e-04    2.029361e-07
    5.495409e-07    5.117596e-04    2.092183e-07
    5.623413e-07    5.236849e-04    2.156942e-07
    5.754399e-07    5.358882e-04    2.223751e-07
    5.888437e-07    5.483759e-04    2.292564e-07
    6.025596e-07    5.611547e-04    2.363499e-07
    6.165950e-07    5.742312e-04    2.436392e-07
    6.309573e-07    5.876126e-04    2.511758e-07
    6.456542e-07    6.013058e-04    2.589447e-07
    6.606934e-07    6.153181e-04    2.669280e-07
    6.760830e-07    6.296570e-04    2.751822e-07
    6.918310e-07    6.443301e-04    2.836641e-07
    7.079458e-07    6.593452e-04    2.924339e-07
    7.244360e-07    6.747103e-04    3.014455e-07
    7.413102e-07    6.904334e-04    3.107630e-07
    7.585776e-07    7.065231e-04    3.203373e-07
    7.762471e-07    7.229877e-04    3.302056e-07
    7.943282e-07    7.398360e-04    3.404088e-07
    8.128305e-07    7.570771e-04    3.508932e-07
    8.317638e-07    7.747200e-04    3.616994e-07
    8.511380e-07    7.927741e-04    3.728372e-07
    8.709636e-07    8.112490e-04    3.843169e-07
    8.912509e-07    8.301545e-04    3.961857e-07
    9.120108e-07    8.495007e-04    4.083818e-07
    9.332543e-07    8.692977e-04    4.209522e-07
    9.549926e-07    8.895562e-04    4.338571e-07
    9.772372e-07    9.102869e-04    4.472090e-07
    1.000000e-06    9.315008e-04    4.609706e-07
    1.023293e-06    9.532092e-04    4.751544e-07
    1.047129e-06    9.754235e-04    4.897733e-07
    1.071519e-06    9.981557e-04    5.047930e-07
    1.096478e-06    1.021418e-03    5.203209e-07
    1.122018e-06    1.045222e-03    5.363252e-07
    1.148154e-06    1.069581e-03    5.527549e-07
    1.174898e-06    1.094508e-03    5.697539e-07
    1.202264e-06    1.120016e-03    5.872186e-07
    1.230269e-06    1.146118e-03    6.052743e-07
    1.258925e-06    1.172829e-03    6.238247e-07
    1.288250e-06    1.200162e-03    6.429269e-07
    1.318257e-06    1.228133e-03    6.626908e-07
    1.348963e-06    1.256755e-03    6.829959e-07
    1.380384e-06    1.286045e-03    7.039214e-07
    1.412538e-06    1.316018e-03    7.254694e-07
    1.445440e-06    1.346689e-03    7.476928e-07
    1.479108e-06    1.378075e-03    7.705952e-07
    1.513561e-06    1.410193e-03    7.942716e-07
    1.548817e-06    1.443059e-03    8.185002e-07
    1.584893e-06    1.476692e-03    8.435658e-07
    1.621810e-06    1.511108e-03    8.693971e-07
    1.659587e-06    1.546327e-03    8.959966e-07
    1.698244e-06    1.582367e-03    9.234295e-07
    1.737801e-06    1.619247e-03    9.517003e-07
    1.778279e-06    1.656986e-03    9.807184e-07
    1.819701e-06    1.695606e-03    1.010739e-06
    1.862087e-06    1.735125e-03    1.041577e-06
    1.905461e-06    1.775566e-03    1.073431e-06
    1.949845e-06    1.816950e-03    1.106177e-06
    1.995262e-06    1.859298e-03    1.139894e-06
    2.041738e-06    1.902634e-03    1.174775e-06
    2.089296e-06    1.946980e-03    1.210578e-06
    2.137962e-06    1.992359e-03    1.247498e-06
    2.187762e-06    2.038797e-03    1.285665e-06
    2.238721e-06    2.086317e-03    1.324838e-06
    2.290868e-06    2.134945e-03    1.365235e-06
    2.344229e-06    2.184707e-03    1.406829e-06
    2.398833e-06    2.235628e-03    1.449721e-06
    2.454709e-06    2.287737e-03    1.493740e-06
    2.511886e-06    2.341061e-03    1.539424e-06
    2.570396e-06    2.395627e-03    1.586161e-06
    2.630268e-06    2.451466e-03    1.634471e-06
    2.691535e-06    2.508607e-03    1.684288e-06
    2.754229e-06    2.567080e-03    1.735414e-06
    2.818383e-06    2.626916e-03    1.788302e-06
    2.884032e-06    2.688147e-03    1.842579e-06
    2.951209e-06    2.750805e-03    1.898500e-06
    3.019952e-06    2.814925e-03    1.956344e-06
    3.090295e-06    2.880539e-03    2.015711e-06
    3.162278e-06    2.947683e-03    2.076876e-06
    3.235937e-06    3.016393e-03    2.140149e-06
    3.311311e-06    3.086704e-03    2.205083e-06
    3.388442e-06    3.158655e-03    2.271983e-06
    3.467369e-06    3.232283e-03    2.340962e-06
    3.548134e-06    3.307628e-03    2.411977e-06
    3.630781e-06    3.384730e-03    2.485142e-06
    3.715352e-06    3.463629e-03    2.560275e-06
    3.801894e-06    3.544368e-03    2.637990e-06
    3.890451e-06    3.626990e-03    2.717998e-06
    3.981072e-06    3.711537e-03    2.800288e-06
    4.073803e-06    3.798057e-03    2.885069e-06
    4.168694e-06    3.886593e-03    2.972269e-06
    4.265795e-06    3.977194e-03    3.062466e-06
    4.365158e-06    4.069907e-03    3.155325e-06
    4.466836e-06    4.164782e-03    3.250678e-06
    4.570882e-06    4.261869e-03    3.348908e-06
    4.677351e-06    4.361220e-03    3.450101e-06
    4.786301e-06    4.462888e-03    3.554346e-06
    4.897788e-06    4.566926e-03    3.661735e-06
    5.011872e-06    4.673390e-03    3.772355e-06
    5.128614e-06    4.782337e-03    3.886320e-06
    5.248075e-06    4.893823e-03    4.003722e-06
    5.370318e-06    5.007910e-03    4.124664e-06
    5.495409e-06    5.124657e-03    4.248838e-06
    5.623413e-06    5.244126e-03    4.377172e-06
    5.754399e-06    5.366381e-03    4.509376e-06
    5.888437e-06    5.491487e-03    4.645110e-06
    6.025596e-06    5.619510e-03    4.785382e-06
    6.165950e-06    5.750519e-03    4.929410e-06
    6.309573e-06    5.884582e-03    5.077765e-06
    6.456542e-06    6.021772e-03    5.230461e-06
    6.606934e-06    6.162161e-03    5.387861e-06
    6.760830e-06    6.305824e-03    5.549989e-06
    6.918310e-06    6.452837e-03    5.716988e-06
    7.079458e-06    6.603278e-03    5.889003e-06
    7.244360e-06    6.757227e-03    6.066036e-06
    7.413102e-06    6.914767e-03    6.248536e-06
    7.585776e-06    7.075981e-03    6.436517e-06
    7.762471e-06    7.240954e-03    6.629487e-06
    7.943282e-06    7.409774e-03    6.828421e-06
    8.128305e-06    7.582532e-03    7.033469e-06
    8.317638e-06    7.759318e-03    7.245023e-06
    8.511380e-06    7.940227e-03    7.462006e-06
    8.709636e-06    8.125356e-03    7.685663e-06
    8.912509e-06    8.314802e-03    7.915841e-06
    9.120108e-06    8.508666e-03    8.153077e-06
    9.332543e-06    8.707051e-03    8.397228e-06
    9.549926e-06    8.910063e-03    8.648866e-06
    9.772372e-06    9.117810e-03    8.907815e-06
    1.000000e-05    9.330402e-03    9.174726e-06
    1.023293e-05    9.547952e-03    9.448472e-06
    1.047129e-05    9.770577e-03    9.731555e-06
    1.071519e-05    9.998393e-03    1.002188e-05
    1.096478e-05    1.023152e-02    1.032212e-05
    1.122018e-05    1.047009e-02    1.063000e-05
    1.148154e-05    1.071422e-02    1.094708e-05
    1.174898e-05    1.096405e-02    1.127499e-05
    1.202264e-05    1.121970e-02    1.161127e-05
    1.230269e-05    1.148131e-02    1.195757e-05
    1.258925e-05    1.174903e-02    1.231441e-05
    1.288250e-05    1.202299e-02    1.268164e-05
    1.318257e-05    1.230335e-02    1.305848e-05
    1.348963e-05    1.259024e-02    1.344786e-05
    1.380384e-05    1.288382e-02    1.384742e-05
    1.412538e-05    1.318425e-02    1.426054e-05
    1.445440e-05    1.349169e-02    1.468570e-05
    1.479108e-05    1.380630e-02    1.512197e-05
    1.513561e-05    1.412825e-02    1.557117e-05
    1.548817e-05    1.445770e-02    1.603370e-05
    1.584893e-05    1.479485e-02    1.650988e-05
    1.621810e-05    1.513986e-02    1.700023e-05
    1.659587e-05    1.549291e-02    1.750511e-05
    1.698244e-05    1.585420e-02    1.802496e-05
    1.737801e-05    1.622392e-02    1.856016e-05
    1.778279e-05    1.660226e-02    1.910931e-05
    1.819701e-05    1.698943e-02    1.967427e-05
    1.862087e-05    1.738563e-02    2.025841e-05
    1.905461e-05    1.779108e-02    2.085763e-05
    1.949845e-05    1.820598e-02    2.147682e-05
    1.995262e-05    1.863056e-02    2.211208e-05
    2.041738e-05    1.906504e-02    2.276562e-05
    2.089296e-05    1.950966e-02    2.343883e-05
    2.137962e-05    1.996466e-02    2.413200e-05
    2.187762e-05    2.043027e-02    2.484561e-05
    2.238721e-05    2.090674e-02    2.557711e-05
    2.290868e-05    2.139432e-02    2.633326e-05
    2.344229e-05    2.189329e-02    2.710845e-05
    2.398833e-05    2.240389e-02    2.790988e-05
    2.454709e-05    2.292640e-02    2.873126e-05
    2.511886e-05    2.346111e-02    2.957747e-05
    2.570396e-05    2.400829e-02    3.044792e-05
    2.630268e-05    2.456823e-02    3.134456e-05
    2.691535e-05    2.514125e-02    3.226676e-05
    2.754229e-05    2.572762e-02    3.321615e-05
    2.818383e-05    2.632768e-02    3.419411e-05
    2.884032e-05    2.694175e-02    3.519623e-05
    2.951209e-05    2.757013e-02    3.623161e-05
    3.019952e-05    2.821318e-02    3.729615e-05
    3.090295e-05    2.887124e-02    3.839095e-05
    3.162278e-05    2.954438e-02    3.934303e-05
    3.235937e-05    3.023349e-02    4.049413e-05
    3.311311e-05    3.093868e-02    4.167880e-05
    3.388442e-05    3.166032e-02    4.289801e-05
    3.467369e-05    3.239880e-02    4.415278e-05
    3.548134e-05    3.315451e-02    4.543927e-05
    3.630781e-05    3.392786e-02    4.676812e-05
    3.715352e-05    3.471925e-02    4.813054e-05
    3.801894e-05    3.552910e-02    4.953783e-05
    3.890451e-05    3.635786e-02    5.098061e-05
    3.981072e-05    3.720595e-02    5.246530e-05
    4.073803e-05    3.807383e-02    5.399889e-05
    4.168694e-05    3.896196e-02    5.556407e-05
    4.265795e-05    3.987082e-02    5.718174e-05
    4.365158e-05    4.080089e-02    5.884633e-05
    4.466836e-05    4.175266e-02    6.055801e-05
    4.570882e-05    4.272664e-02    6.231376e-05
    4.677351e-05    4.372334e-02    6.412717e-05
    4.786301e-05    4.474331e-02    6.598469e-05
    4.897788e-05    4.578708e-02    6.789711e-05
    5.011872e-05    4.685521e-02    6.986330e-05
    5.128614e-05    4.794826e-02    7.188627e-05
    5.248075e-05    4.906683e-02    7.396900e-05
    5.370318e-05    5.021149e-02    7.611035e-05
    5.495409e-05    5.138287e-02    7.831495e-05
    5.623413e-05    5.258159e-02    8.057271e-05
    5.754399e-05    5.380828e-02    8.290440e-05
    5.888437e-05    5.506360e-02    8.529386e-05
    6.025596e-05    5.634822e-02    8.775187e-05
    6.165950e-05    5.766282e-02    9.028039e-05
    6.309573e-05    5.900810e-02    9.288142e-05
    6.456542e-05    6.038478e-02    9.555875e-05
    6.606934e-05    6.179359e-02    9.831112e-05
    6.760830e-05    6.323528e-02    1.011292e-04
    6.918310e-05    6.471061e-02    1.040412e-04
    7.079458e-05    6.622038e-02    1.070307e-04
    7.244360e-05    6.776539e-02    1.101057e-04
    7.413102e-05    6.934646e-02    1.132621e-04
    7.585776e-05    7.096444e-02    1.165064e-04
    7.762471e-05    7.262017e-02    1.198454e-04
    7.943282e-05    7.431456e-02    1.232794e-04
    8.128305e-05    7.604849e-02    1.268091e-04
    8.317638e-05    7.782289e-02    1.304269e-04
    8.511380e-05    7.963871e-02    1.341601e-04
    8.709636e-05    8.149692e-02    1.379864e-04
    8.912509e-05    8.339850e-02    1.419185e-04
    9.120108e-05    8.534447e-02    1.459814e-04
    9.332543e-05    8.733586e-02    1.501400e-04
    9.549926e-05    8.937373e-02    1.544073e-04
    9.772372e-05    9.145918e-02    1.587953e-04
    1.000000e-04    9.359330e-02    1.633166e-04
    1.023293e-04    9.577724e-02    1.679689e-04
    1.047129e-04    9.801217e-02    1.727298e-04
    1.071519e-04    1.002993e-01    1.776247e-04
    1.096478e-04    1.026397e-01    1.826786e-04
    1.122018e-04    1.050349e-01    1.878283e-04
    1.148154e-04    1.074859e-01    1.931478e-04
    1.174898e-04    1.099941e-01    1.986172e-04
    1.202264e-04    1.125610e-01    2.042404e-04
    1.230269e-04    1.151877e-01    2.100216e-04
    1.258925e-04    1.178757e-01    2.159362e-04
    1.288250e-04    1.206265e-01    2.220199e-04
    1.318257e-04    1.234416e-01    2.282697e-04
    1.348963e-04    1.263223e-01    2.347257e-04
    1.380384e-04    1.292703e-01    2.413303e-04
    1.412538e-04    1.322871e-01    2.481238e-04
    1.445440e-04    1.353744e-01    2.550720e-04
    1.479108e-04    1.385337e-01    2.622445e-04
    1.513561e-04    1.417668e-01    2.695848e-04
    1.548817e-04    1.450753e-01    2.771669e-04
    1.584893e-04    1.484612e-01    2.849208e-04
    1.621810e-04    1.519260e-01    2.928902e-04
    1.659587e-04    1.554718e-01    3.010805e-04
    1.698244e-04    1.591003e-01    3.094977e-04
    1.737801e-04    1.628136e-01    3.181482e-04
    1.778279e-04    1.666136e-01    3.269929e-04
    1.819701e-04    1.705023e-01    3.361273e-04
    1.862087e-04    1.744818e-01    3.454729e-04
    1.905461e-04    1.785542e-01    3.550696e-04
    1.949845e-04    1.827216e-01    3.649365e-04
    1.995262e-04    1.869864e-01    3.750684e-04
    2.041738e-04    1.913508e-01    3.854853e-04
    2.089296e-04    1.958171e-01    3.961812e-04
    2.137962e-04    2.003877e-01    4.071279e-04
    2.187762e-04    2.050650e-01    4.184186e-04
    2.238721e-04    2.098515e-01    4.299656e-04
    2.290868e-04    2.147498e-01    4.418277e-04
    2.344229e-04    2.197624e-01    4.540125e-04
    2.398833e-04    2.248921e-01    4.665303e-04
    2.454709e-04    2.301416e-01    4.793893e-04
    2.511886e-04    2.355139e-01    4.824789e-04
    2.570396e-04    2.410113e-01    4.883512e-04
    2.630268e-04    2.466370e-01    4.938315e-04
    2.691535e-04    2.523939e-01    4.994608e-04
    2.754229e-04    2.582850e-01    5.046585e-04
    2.818383e-04    2.643135e-01    5.099079e-04
    2.884032e-04    2.704825e-01    5.152271e-04
    2.951209e-04    2.767954e-01    5.206001e-04
    3.019952e-04    2.832554e-01    5.260652e-04
    3.090295e-04    2.898660e-01    5.314389e-04
    3.162278e-04    2.966308e-01    5.367976e-04
    3.235937e-04    3.035532e-01    5.425546e-04
    3.311311e-04    3.106370e-01    5.479314e-04
    3.388442e-04    3.178860e-01    5.539257e-04
    3.467369e-04    3.253040e-01    5.595319e-04
    3.548134e-04    3.328949e-01    5.657887e-04
    3.630781e-04    3.406627e-01    5.716723e-04
    3.715352e-04    3.486116e-01    5.781773e-04
    3.801894e-04    3.567459e-01    5.843470e-04
    3.890451e-04    3.650698e-01    5.911741e-04
    3.981072e-04    3.735877e-01    5.976632e-04
    4.073803e-04    3.823042e-01    6.048244e-04
    4.168694e-04    3.912239e-01    6.116450e-04
    4.265795e-04    4.003515e-01    6.191770e-04
    4.365158e-04    4.096919e-01    6.268638e-04
    4.466836e-04    4.192501e-01    6.342579e-04
    4.570882e-04    4.290310e-01    6.423747e-04
    4.677351e-04    4.390400e-01    6.506746e-04
    4.786301e-04    4.492824e-01    6.586833e-04
    4.897788e-04    4.597635e-01    6.674804e-04
    5.011872e-04    4.704890e-01    6.764934e-04
    5.128614e-04    4.814645e-01    6.857327e-04
    5.248075e-04    4.926958e-01    6.952395e-04
    5.370318e-04    5.041891e-01    7.048730e-04
    5.495409e-04    5.159502e-01    7.148797e-04
    5.623413e-04    5.279856e-01    7.252447e-04
    5.754399e-04    5.403015e-01    7.360547e-04
    5.888437e-04    5.529046e-01    7.469747e-04
    6.025596e-04    5.658015e-01    7.582806e-04
    6.165950e-04    5.789991e-01    7.698520e-04
    6.309573e-04    5.925044e-01    7.818073e-04
    6.456542e-04    6.063245e-01    7.946104e-04
    6.606934e-04    6.204669e-01    8.072875e-04
    6.760830e-04    6.349390e-01    8.208655e-04
    6.918310e-04    6.497485e-01    8.343513e-04
    7.079458e-04    6.649033e-01    8.487562e-04
    7.244360e-04    6.804114e-01    8.630653e-04
    7.413102e-04    6.962811e-01    8.783303e-04
    7.585776e-04    7.125208e-01    8.940692e-04
    7.762471e-04    7.291392e-01    9.102813e-04
    7.943282e-04    7.461450e-01    9.266952e-04
    8.128305e-04    7.635474e-01    9.436862e-04
    8.317638e-04    7.813555e-01    9.616434e-04
    8.511380e-04    7.995789e-01    9.802993e-04
    8.709636e-04    8.182271e-01    9.991963e-04
    8.912509e-04    8.373102e-01    1.018676e-03
    9.120108e-04    8.568383e-01    1.038762e-03
    9.332543e-04    8.768217e-01    1.060014e-03
    9.549926e-04    8.972711e-01    1.081425e-03
    9.772372e-04    9.181974e-01    1.104025e-03
    1.000000e-03    9.396116e-01    1.126791e-03
    1.023293e-03    9.615251e-01    1.150848e-03
    1.047129e-03    9.839497e-01    1.175670e-03
    1.071519e-03    1.006897e+00    1.201257e-03
    1.096478e-03    1.030380e+00    1.227698e-03
    1.122018e-03    1.054410e+00    1.254968e-03
    1.148154e-03    1.079001e+00    1.283098e-03
    1.174898e-03    1.104165e+00    1.312122e-03
    1.202264e-03    1.129916e+00    1.342577e-03
    1.230269e-03    1.156267e+00    1.373598e-03
    1.258925e-03    1.183233e+00    1.405558e-03
    1.288250e-03    1.210828e+00    1.439091e-03
    1.318257e-03    1.239066e+00    1.473723e-03
    1.348963e-03    1.267963e+00    1.508980e-03
    1.380384e-03    1.297534e+00    1.545754e-03
    1.412538e-03    1.327795e+00    1.583857e-03
    1.445440e-03    1.358761e+00    1.623160e-03
    1.479108e-03    1.390450e+00    1.664188e-03
    1.513561e-03    1.422878e+00    1.706222e-03
    1.548817e-03    1.456062e+00    1.749520e-03
    1.584893e-03    1.490020e+00    1.794754e-03
    1.621810e-03    1.524770e+00    1.840969e-03
    1.659587e-03    1.560331e+00    1.889163e-03
    1.698244e-03    1.596721e+00    1.939006e-03
    1.737801e-03    1.633960e+00    1.990309e-03
    1.778279e-03    1.672067e+00    2.043271e-03
    1.819701e-03    1.711064e+00    2.098375e-03
    1.862087e-03    1.750970e+00    2.155021e-03
    1.905461e-03    1.791807e+00    2.213487e-03
    1.949845e-03    1.833597e+00    2.274526e-03
    1.995262e-03    1.876361e+00    2.336934e-03
    2.041738e-03    1.920123e+00    2.401882e-03
    2.089296e-03    1.964906e+00    2.469039e-03
    2.137962e-03    2.010734e+00    2.537822e-03
    2.187762e-03    2.057631e+00    2.609420e-03
    2.238721e-03    2.105622e+00    2.683885e-03
    2.290868e-03    2.154732e+00    2.760254e-03
    2.344229e-03    2.204988e+00    2.839100e-03
    2.398833e-03    2.256417e+00    2.921118e-03
    2.454709e-03    2.309046e+00    3.005244e-03
    2.511886e-03    2.362902e+00    3.092684e-03
    2.570396e-03    2.418015e+00    3.182979e-03
    2.630268e-03    2.474414e+00    3.276224e-03
    2.691535e-03    2.532129e+00    3.372521e-03
    2.754229e-03    2.591190e+00    3.471971e-03
    2.818383e-03    2.651630e+00    3.575205e-03
    2.884032e-03    2.713480e+00    3.681261e-03
    2.951209e-03    2.776773e+00    3.791339e-03
    3.019952e-03    2.841543e+00    3.905014e-03
    3.090295e-03    2.907824e+00    4.021801e-03
    3.162278e-03    2.975652e+00    4.142941e-03
    3.235937e-03    3.045063e+00    4.268598e-03
    3.311311e-03    3.116093e+00    4.397772e-03
    3.388442e-03    3.188781e+00    4.531195e-03
    3.467369e-03    3.263166e+00    4.669454e-03
    3.548134e-03    3.339286e+00    4.812184e-03
    3.630781e-03    3.417183e+00    4.958844e-03
    3.715352e-03    3.496897e+00    5.111178e-03
    3.801894e-03    3.578473e+00    5.268752e-03
    3.890451e-03    3.661952e+00    5.430906e-03
    3.981072e-03    3.747379e+00    5.598305e-03
    4.073803e-03    3.834800e+00    5.771603e-03
    4.092607e-03    3.852528e+00    5.806914e-03
    4.111497e-03    3.870337e+00    5.842486e-03
    4.130475e-03    3.888229e+00    5.878281e-03
    4.149540e-03    3.906204e+00    5.914005e-03
    4.168694e-03    3.924262e+00    5.950306e-03
    4.187936e-03    3.942403e+00    5.986478e-03
    4.207266e-03    3.960628e+00    6.023131e-03
    4.226686e-03    3.978938e+00    6.060098e-03
    4.246196e-03    3.997332e+00    6.097252e-03
    4.265795e-03    4.015811e+00    6.134639e-03
    4.285485e-03    4.034376e+00    6.172301e-03
    4.305266e-03    4.053027e+00    6.210199e-03
    4.325138e-03    4.071763e+00    6.248290e-03
    4.345102e-03    4.090587e+00    6.286618e-03
    4.365158e-03    4.109498e+00    6.325229e-03
    4.385307e-03    4.128496e+00    6.364081e-03
    4.405549e-03    4.147582e+00    6.403175e-03
    4.425884e-03    4.166756e+00    6.442514e-03
    4.446313e-03    4.186019e+00    6.482097e-03
    4.466836e-03    4.205371e+00    6.521972e-03
    4.487454e-03    4.224812e+00    6.562096e-03
    4.508167e-03    4.244344e+00    6.602783e-03
    4.528976e-03    4.263966e+00    6.643513e-03
    4.549881e-03    4.283678e+00    6.684348e-03
    4.570882e-03    4.303482e+00    6.725528e-03
    4.591980e-03    4.323377e+00    6.766875e-03
    4.613176e-03    4.343365e+00    6.808570e-03
    4.634469e-03    4.363444e+00    6.850434e-03
    4.655861e-03    4.383617e+00    6.892650e-03
    4.677351e-03    4.403883e+00    6.935039e-03
    4.698941e-03    4.424243e+00    6.977783e-03
    4.720630e-03    4.444697e+00    7.020794e-03
    4.742420e-03    4.465245e+00    7.064027e-03
    4.764310e-03    4.485889e+00    7.108047e-03
    4.786301e-03    4.506628e+00    7.151869e-03
    4.808393e-03    4.527463e+00    7.195916e-03
    4.830588e-03    4.548394e+00    7.240286e-03
    4.852885e-03    4.569422e+00    7.284932e-03
    4.875285e-03    4.590548e+00    7.329856e-03
    4.897788e-03    4.611771e+00    7.375061e-03
    4.920395e-03    4.633092e+00    7.421023e-03
    4.943107e-03    4.654512e+00    7.466794e-03
    4.965923e-03    4.676031e+00    7.512897e-03
    4.988845e-03    4.697650e+00    7.559288e-03
    5.011872e-03    4.719369e+00    7.605920e-03
    5.035006e-03    4.741188e+00    7.652843e-03
    5.058247e-03    4.763108e+00    7.700587e-03
    5.081594e-03    4.785129e+00    7.748097e-03
    5.105050e-03    4.807252e+00    7.796000e-03
    5.128614e-03    4.829478e+00    7.844104e-03
    5.152286e-03    4.851806e+00    7.892352e-03
    5.176068e-03    4.874238e+00    7.941846e-03
    5.199960e-03    4.896773e+00    7.990855e-03
    5.223962e-03    4.919413e+00    8.040270e-03
    5.248075e-03    4.942158e+00    8.089942e-03
    5.272299e-03    4.965007e+00    8.140410e-03
    5.296634e-03    4.987963e+00    8.190703e-03
    5.321083e-03    5.011024e+00    8.241360e-03
    5.345644e-03    5.034193e+00    8.292333e-03
    5.370318e-03    5.057468e+00    8.344061e-03
    5.395106e-03    5.080851e+00    8.395670e-03
    5.420009e-03    5.104342e+00    8.447601e-03
    5.445027e-03    5.127942e+00    8.500294e-03
    5.470160e-03    5.151651e+00    8.552874e-03
    5.495409e-03    5.175470e+00    8.605780e-03
    5.520774e-03    5.199399e+00    8.658837e-03
    5.546257e-03    5.223439e+00    8.713025e-03
    5.571857e-03    5.247590e+00    8.766977e-03
    5.597576e-03    5.271852e+00    8.821265e-03
    5.623413e-03    5.296227e+00    8.876282e-03
    5.649370e-03    5.320715e+00    8.931195e-03
    5.675446e-03    5.345316e+00    8.986555e-03
    5.701643e-03    5.370030e+00    9.042597e-03
    5.727960e-03    5.394859e+00    9.098541e-03
    5.754399e-03    5.419803e+00    9.155579e-03
    5.780960e-03    5.444863e+00    9.212028e-03
    5.807644e-03    5.470038e+00    9.269130e-03
    5.834451e-03    5.495330e+00    9.326925e-03
    5.861382e-03    5.520738e+00    9.384739e-03
    5.888437e-03    5.546265e+00    9.442804e-03
    5.915616e-03    5.571909e+00    9.501785e-03
    5.942922e-03    5.597672e+00    9.560628e-03
    5.970353e-03    5.623554e+00    9.620285e-03
    5.997911e-03    5.649556e+00    9.679916e-03
    6.025596e-03    5.675678e+00    9.740138e-03
    6.053409e-03    5.701921e+00    9.800631e-03
    6.081350e-03    5.728286e+00    9.861380e-03
    6.109420e-03    5.754772e+00    9.922955e-03
    6.137620e-03    5.781381e+00    9.984461e-03
    6.165950e-03    5.808114e+00    1.004669e-02
    6.194411e-03    5.834969e+00    1.010896e-02
    6.223003e-03    5.861949e+00    1.017207e-02
    6.251727e-03    5.889054e+00    1.023511e-02
    6.280584e-03    5.916285e+00    1.029877e-02
    6.309573e-03    5.943641e+00    1.036283e-02
    6.338697e-03    5.971124e+00    1.042786e-02
    6.367955e-03    5.998734e+00    1.049213e-02
    6.397348e-03    6.026471e+00    1.055773e-02
    6.426877e-03    6.054338e+00    1.062304e-02
    6.456542e-03    6.082333e+00    1.068898e-02
    6.486344e-03    6.110457e+00    1.075557e-02
    6.516284e-03    6.138712e+00    1.082268e-02
    6.546362e-03    6.167097e+00    1.088974e-02
    6.576578e-03    6.195614e+00    1.095768e-02
    6.606934e-03    6.224262e+00    1.102569e-02
    6.637431e-03    6.253044e+00    1.109441e-02
    6.668068e-03    6.281958e+00    1.116321e-02
    6.698846e-03    6.311006e+00    1.123283e-02
    6.729767e-03    6.340189e+00    1.130255e-02
    6.760830e-03    6.369506e+00    1.137297e-02
    6.792036e-03    6.398960e+00    1.144388e-02
    6.823387e-03    6.428549e+00    1.151484e-02
    6.854882e-03    6.458276e+00    1.158663e-02
    6.886523e-03    6.488140e+00    1.165853e-02
    6.918310e-03    6.518142e+00    1.173120e-02
    6.950243e-03    6.548283e+00    1.180432e-02
    6.982324e-03    6.578563e+00    1.187756e-02
    7.014553e-03    6.608984e+00    1.195159e-02
    7.046931e-03    6.639545e+00    1.202573e-02
    7.079458e-03    6.670248e+00    1.210067e-02
    7.112135e-03    6.701092e+00    1.217607e-02
    7.144963e-03    6.732080e+00    1.225160e-02
    7.177943e-03    6.763211e+00    1.232798e-02
    7.211075e-03    6.794486e+00    1.240484e-02
    7.244360e-03    6.825905e+00    1.248178e-02
    7.277798e-03    6.857470e+00    1.255952e-02
    7.311391e-03    6.889181e+00    1.263773e-02
    7.345139e-03    6.921039e+00    1.271616e-02
    7.379042e-03    6.953045e+00    1.279541e-02
    7.413102e-03    6.985198e+00    1.287507e-02
    7.447320e-03    7.017500e+00    1.295459e-02
    7.481695e-03    7.049952e+00    1.303561e-02
    7.516229e-03    7.082553e+00    1.311682e-02
    7.550922e-03    7.115306e+00    1.319845e-02
    7.585776e-03    7.148210e+00    1.328033e-02
    7.620790e-03    7.181266e+00    1.336304e-02
    7.655966e-03    7.214476e+00    1.344619e-02
    7.691304e-03    7.247839e+00    1.352972e-02
    7.726806e-03    7.281356e+00    1.361383e-02
    7.762471e-03    7.315029e+00    1.369858e-02
    7.798301e-03    7.348857e+00    1.378385e-02
    7.834296e-03    7.382842e+00    1.386957e-02
    7.870458e-03    7.416984e+00    1.395564e-02
    7.906786e-03    7.451285e+00    1.404249e-02
    7.943282e-03    7.485743e+00    1.412986e-02
    7.979947e-03    7.520362e+00    1.421771e-02
    8.016781e-03    7.555140e+00    1.430569e-02
    8.053784e-03    7.590080e+00    1.439497e-02
    8.090959e-03    7.625181e+00    1.448444e-02
    8.128305e-03    7.660445e+00    1.457459e-02
    8.165824e-03    7.695871e+00    1.466515e-02
    8.203515e-03    7.731462e+00    1.475641e-02
    8.241381e-03    7.767218e+00    1.484791e-02
    8.279422e-03    7.803138e+00    1.494015e-02
    8.317638e-03    7.839226e+00    1.503309e-02
    8.356030e-03    7.875480e+00    1.512646e-02
    8.394600e-03    7.911902e+00    1.522053e-02
    8.433348e-03    7.948492e+00    1.531518e-02
    8.472274e-03    7.985252e+00    1.541013e-02
    8.511380e-03    8.022182e+00    1.550578e-02
    8.550667e-03    8.059283e+00    1.560218e-02
    8.590135e-03    8.096555e+00    1.569916e-02
    8.629785e-03    8.134000e+00    1.579659e-02
    8.669619e-03    8.171618e+00    1.589476e-02
    8.709636e-03    8.209411e+00    1.599353e-02
    8.749838e-03    8.247378e+00    1.609283e-02
    8.790225e-03    8.285521e+00    1.619274e-02
    8.830799e-03    8.323841e+00    1.629332e-02
    8.871560e-03    8.362337e+00    1.639438e-02
    8.912509e-03    8.401013e+00    1.649648e-02
    8.953648e-03    8.439867e+00    1.659849e-02
    8.994976e-03    8.478900e+00    1.670155e-02
    9.036495e-03    8.518115e+00    1.680517e-02
    9.078205e-03    8.557511e+00    1.690941e-02
    9.120108e-03    8.597089e+00    1.701437e-02
    9.162205e-03    8.636851e+00    1.711997e-02
    9.204496e-03    8.676796e+00    1.722621e-02
    9.246982e-03    8.716927e+00    1.733309e-02
    9.289664e-03    8.757243e+00    1.744055e-02
    9.332543e-03    8.797745e+00    1.754867e-02
    9.375620e-03    8.838435e+00    1.765752e-02
    9.418896e-03    8.879314e+00    1.776703e-02
    9.462372e-03    8.920382e+00    1.787721e-02
    9.506048e-03    8.961639e+00    1.798805e-02
    9.549926e-03    9.003088e+00    1.809958e-02
    9.594006e-03    9.044728e+00    1.821178e-02
    9.638290e-03    9.086562e+00    1.832466e-02
    9.682779e-03    9.128589e+00    1.843823e-02
    9.727472e-03    9.170810e+00    1.855249e-02
    9.772372e-03    9.213227e+00    1.866744e-02
    9.817479e-03    9.255840e+00    1.878310e-02
    9.862795e-03    9.298650e+00    1.889895e-02
    9.908319e-03    9.341659e+00    1.901662e-02
    9.954054e-03    9.384866e+00    1.913439e-02
    1.000000e-02    9.428274e+00    1.925288e-02
    1.004616e-02    9.471882e+00    1.937209e-02
    1.009253e-02    9.515692e+00    1.949202e-02
    1.013911e-02    9.559705e+00    1.961268e-02
    1.018591e-02    9.603922e+00    1.973408e-02
    1.023293e-02    9.648344e+00    1.985621e-02
    1.028016e-02    9.692971e+00    1.997908e-02
    1.032761e-02    9.737804e+00    2.010270e-02
    1.037528e-02    9.782845e+00    2.022715e-02
    1.042317e-02    9.828095e+00    2.035227e-02
    1.047129e-02    9.873554e+00    2.047823e-02
    1.051962e-02    9.919223e+00    2.060496e-02
    1.056818e-02    9.965104e+00    2.073237e-02
    1.061696e-02    1.001120e+01    2.086056e-02
    1.066596e-02    1.005750e+01    2.098879e-02
    1.071519e-02    1.010402e+01    2.111934e-02
    1.076465e-02    1.015076e+01    2.124987e-02
    1.081434e-02    1.019771e+01    2.138128e-02
    1.086426e-02    1.024488e+01    2.151348e-02
    1.091440e-02    1.029227e+01    2.164641e-02
    1.096478e-02    1.033988e+01    2.178019e-02
    1.101539e-02    1.038771e+01    2.191473e-02
    1.106624e-02    1.043576e+01    2.205009e-02
    1.111732e-02    1.048403e+01    2.218634e-02
    1.116863e-02    1.053252e+01    2.232343e-02
    1.122018e-02    1.058124e+01    2.246130e-02
    1.127197e-02    1.063019e+01    2.259997e-02
    1.132400e-02    1.067936e+01    2.273947e-02
    1.137627e-02    1.072876e+01    2.287999e-02
    1.142878e-02    1.077839e+01    2.302123e-02
    1.148154e-02    1.082825e+01    2.316329e-02
    1.153453e-02    1.087833e+01    2.330620e-02
    1.158777e-02    1.092865e+01    2.345007e-02
    1.164126e-02    1.097921e+01    2.359475e-02
    1.169499e-02    1.103000e+01    2.374036e-02
    1.174898e-02    1.108102e+01    2.388678e-02
    1.180321e-02    1.113228e+01    2.403408e-02
    1.185769e-02    1.118377e+01    2.418228e-02
    1.191242e-02    1.123551e+01    2.433154e-02
    1.196741e-02    1.128748e+01    2.448154e-02
    1.202264e-02    1.133969e+01    2.463244e-02
    1.207814e-02    1.139215e+01    2.478434e-02
    1.213389e-02    1.144485e+01    2.493716e-02
    1.218990e-02    1.149779e+01    2.509277e-02
    1.224616e-02    1.155098e+01    2.524540e-02
    1.230269e-02    1.160442e+01    2.540111e-02
    1.235947e-02    1.165810e+01    2.555746e-02
    1.241652e-02    1.171203e+01    2.571497e-02
    1.247384e-02    1.176621e+01    2.587334e-02
    1.253141e-02    1.182064e+01    2.603264e-02
    1.258925e-02    1.187532e+01    2.619311e-02
    1.264736e-02    1.193026e+01    2.635438e-02
    1.270574e-02    1.198545e+01    2.651662e-02
    1.276439e-02    1.204089e+01    2.667989e-02
    1.282331e-02    1.209659e+01    2.684420e-02
    1.288250e-02    1.215255e+01    2.700931e-02
    1.294196e-02    1.220877e+01    2.717561e-02
    1.300170e-02    1.226525e+01    2.734276e-02
    1.306171e-02    1.232199e+01    2.751109e-02
    1.312200e-02    1.237900e+01    2.768043e-02
    1.318257e-02    1.243626e+01    2.785063e-02
    1.324342e-02    1.249380e+01    2.802203e-02
    1.330454e-02    1.255160e+01    2.819425e-02
    1.336596e-02    1.260966e+01    2.836773e-02
    1.342765e-02    1.266800e+01    2.854315e-02
    1.348963e-02    1.272660e+01    2.871767e-02
    1.355189e-02    1.278548e+01    2.889433e-02
    1.361445e-02    1.284463e+01    2.907182e-02
    1.367729e-02    1.290405e+01    2.925062e-02
    1.374042e-02    1.296375e+01    2.943031e-02
    1.380384e-02    1.302373e+01    2.961129e-02
    1.386756e-02    1.308398e+01    2.979315e-02
    1.393157e-02    1.314451e+01    2.997633e-02
    1.399587e-02    1.320532e+01    3.016035e-02
    1.406048e-02    1.326641e+01    3.034581e-02
    1.412538e-02    1.332779e+01    3.053207e-02
    1.419058e-02    1.338945e+01    3.071973e-02
    1.425608e-02    1.345140e+01    3.090825e-02
    1.432188e-02    1.351363e+01    3.109825e-02
    1.438799e-02    1.357615e+01    3.128906e-02
    1.445440e-02    1.363896e+01    3.148132e-02
    1.452112e-02    1.370206e+01    3.167449e-02
    1.458814e-02    1.376545e+01    3.186910e-02
    1.465548e-02    1.382914e+01    3.206462e-02
    1.472313e-02    1.389312e+01    3.226160e-02
    1.479108e-02    1.395740e+01    3.245945e-02
    1.485936e-02    1.402197e+01    3.265889e-02
    1.492794e-02    1.408685e+01    3.285909e-02
    1.499685e-02    1.415202e+01    3.306101e-02
    1.506607e-02    1.421750e+01    3.326366e-02
    1.513561e-02    1.428328e+01    3.346854e-02
    1.520548e-02    1.434936e+01    3.367315e-02
    1.527566e-02    1.441575e+01    3.387956e-02
    1.534617e-02    1.448245e+01    3.408764e-02
    1.541700e-02    1.454946e+01    3.429651e-02
    1.548817e-02    1.461677e+01    3.450719e-02
    1.555966e-02    1.468440e+01    3.471861e-02
    1.563148e-02    1.475234e+01    3.493071e-02
    1.570363e-02    1.482060e+01    3.514587e-02
    1.577611e-02    1.488917e+01    3.536122e-02
    1.584893e-02    1.495806e+01    3.557835e-02
    1.592209e-02    1.502727e+01    3.579628e-02
    1.599558e-02    1.509680e+01    3.601695e-02
    1.606941e-02    1.516665e+01    3.623672e-02
    1.614359e-02    1.523682e+01    3.645871e-02
    1.621810e-02    1.530732e+01    3.668255e-02
    1.629296e-02    1.537815e+01    3.690721e-02
    1.636817e-02    1.544930e+01    3.713334e-02
    1.644372e-02    1.552079e+01    3.736126e-02
    1.651962e-02    1.559260e+01    3.759011e-02
    1.659587e-02    1.566475e+01    3.782036e-02
    1.667247e-02    1.573723e+01    3.805250e-02
    1.674943e-02    1.581004e+01    3.828562e-02
    1.682674e-02    1.588320e+01    3.852006e-02
    1.690441e-02    1.595669e+01    3.875655e-02
    1.698244e-02    1.603052e+01    3.899393e-02
    1.706082e-02    1.610470e+01    3.923270e-02
    1.713957e-02    1.617922e+01    3.947357e-02
    1.721869e-02    1.625408e+01    3.971534e-02
    1.729816e-02    1.632929e+01    3.995854e-02
    1.737801e-02    1.640485e+01    4.020388e-02
    1.745822e-02    1.648076e+01    4.045013e-02
    1.753881e-02    1.655702e+01    4.069783e-02
    1.761976e-02    1.663363e+01    4.094773e-02
    1.770109e-02    1.671060e+01    4.119855e-02
    1.778279e-02    1.678792e+01    4.145086e-02
    1.786488e-02    1.686560e+01    4.170472e-02
    1.794734e-02    1.694364e+01    4.196090e-02
    1.803018e-02    1.702205e+01    4.221790e-02
    1.811340e-02    1.710081e+01    4.247649e-02
    1.819701e-02    1.717995e+01    4.273745e-02
    1.828100e-02    1.725944e+01    4.299919e-02
    1.836538e-02    1.733931e+01    4.326265e-02
    1.845015e-02    1.741954e+01    4.352769e-02
    1.853532e-02    1.750015e+01    4.379512e-02
    1.862087e-02    1.758113e+01    4.406345e-02
    1.870682e-02    1.766249e+01    4.433345e-02
    1.879317e-02    1.774422e+01    4.460512e-02
    1.887991e-02    1.782633e+01    4.487926e-02
    1.896706e-02    1.790882e+01    4.515431e-02
    1.905461e-02    1.799170e+01    4.543108e-02
    1.914256e-02    1.807495e+01    4.570956e-02
    1.923092e-02    1.815860e+01    4.599076e-02
    1.931968e-02    1.824263e+01    4.627262e-02
    1.940886e-02    1.832704e+01    4.655634e-02
    1.949845e-02    1.841185e+01    4.684183e-02
    1.958845e-02    1.849706e+01    4.712905e-02
    1.967886e-02    1.858266e+01    4.741898e-02
    1.976970e-02    1.866865e+01    4.770986e-02
    1.986095e-02    1.875504e+01    4.800256e-02
    1.995262e-02    1.884183e+01    4.829709e-02
    2.004472e-02    1.892903e+01    4.859347e-02
    2.013724e-02    1.901663e+01    4.889268e-02
    2.023019e-02    1.910463e+01    4.919274e-02
    2.032357e-02    1.919304e+01    4.949468e-02
    2.041738e-02    1.928186e+01    4.979859e-02
    2.051162e-02    1.937110e+01    5.010440e-02
    2.060630e-02    1.946074e+01    5.041133e-02
    2.070141e-02    1.955080e+01    5.072279e-02
    2.079697e-02    1.964128e+01    5.103438e-02
    2.089296e-02    1.973218e+01    5.134800e-02
    2.098940e-02    1.982350e+01    5.166354e-02
    2.108628e-02    1.991524e+01    5.198108e-02
    2.118361e-02    2.000740e+01    5.230177e-02
    2.128139e-02    2.010000e+01    5.262342e-02
    2.137962e-02    2.019302e+01    5.294711e-02
    2.147830e-02    2.028647e+01    5.327275e-02
    2.157744e-02    2.038036e+01    5.360058e-02
    2.167704e-02    2.047468e+01    5.393044e-02
    2.177710e-02    2.056944e+01    5.426216e-02
    2.187762e-02    2.066463e+01    5.459769e-02
    2.197860e-02    2.076027e+01    5.493398e-02
    2.208005e-02    2.085635e+01    5.527231e-02
    2.218196e-02    2.095288e+01    5.561293e-02
    2.228435e-02    2.104985e+01    5.595561e-02
    2.238721e-02    2.114727e+01    5.630062e-02
    2.249055e-02    2.124514e+01    5.664760e-02
    2.259436e-02    2.134347e+01    5.699853e-02
    2.269865e-02    2.144225e+01    5.735014e-02
    2.280342e-02    2.154149e+01    5.770408e-02
    2.290868e-02    2.164119e+01    5.806032e-02
    2.301442e-02    2.174135e+01    5.841886e-02
    2.312065e-02    2.184198e+01    5.877973e-02
    2.322737e-02    2.194307e+01    5.914288e-02
    2.333458e-02    2.204463e+01    5.950852e-02
    2.344229e-02    2.214666e+01    5.987784e-02
    2.355049e-02    2.224916e+01    6.024815e-02
    2.365920e-02    2.235214e+01    6.062100e-02
    2.376840e-02    2.245559e+01    6.099617e-02
    2.387811e-02    2.255953e+01    6.137386e-02
    2.398833e-02    2.266394e+01    6.175403e-02
    2.409905e-02    2.276884e+01    6.213664e-02
    2.421029e-02    2.287423e+01    6.252182e-02
    2.432204e-02    2.298010e+01    6.290955e-02
    2.443431e-02    2.308647e+01    6.329916e-02
    2.454709e-02    2.319332e+01    6.369413e-02
    2.466039e-02    2.330067e+01    6.408962e-02
    2.477422e-02    2.340852e+01    6.448772e-02
    2.488857e-02    2.351687e+01    6.488842e-02
    2.500345e-02    2.362572e+01    6.529178e-02
    2.511886e-02    2.373508e+01    6.569789e-02
    2.523481e-02    2.384494e+01    6.610672e-02
    2.535129e-02    2.395531e+01    6.651822e-02
    2.546830e-02    2.406619e+01    6.693500e-02
    2.558586e-02    2.417759e+01    6.735125e-02
    2.570396e-02    2.428950e+01    6.777117e-02
    2.582260e-02    2.440193e+01    6.819386e-02
    2.594179e-02    2.451488e+01    6.861941e-02
    2.606154e-02    2.462836e+01    6.904783e-02
    2.618183e-02    2.474236e+01    6.947916e-02
    2.630268e-02    2.485689e+01    6.991342e-02
    2.642409e-02    2.497195e+01    7.035069e-02
    2.654606e-02    2.508754e+01    7.079095e-02
    2.666859e-02    2.520367e+01    7.123415e-02
    2.679168e-02    2.532034e+01    7.167976e-02
    2.691535e-02    2.543754e+01    7.213148e-02
    2.703958e-02    2.555529e+01    7.258388e-02
    2.716439e-02    2.567359e+01    7.303938e-02
    2.728978e-02    2.579243e+01    7.349803e-02
    2.741574e-02    2.591183e+01    7.395985e-02
    2.754229e-02    2.603177e+01    7.442487e-02
    2.766942e-02    2.615228e+01    7.489312e-02
    2.779713e-02    2.627334e+01    7.536462e-02
    2.792544e-02    2.639496e+01    7.583929e-02
    2.805434e-02    2.651715e+01    7.631666e-02
    2.818383e-02    2.663990e+01    7.680106e-02
    2.831392e-02    2.676322e+01    7.728591e-02
    2.844461e-02    2.688712e+01    7.777411e-02
    2.857591e-02    2.701159e+01    7.826581e-02
    2.870781e-02    2.713663e+01    7.876098e-02
    2.884032e-02    2.726225e+01    7.925960e-02
    2.897344e-02    2.738846e+01    7.976182e-02
    2.910717e-02    2.751525e+01    8.026979e-02
    2.924152e-02    2.764263e+01    8.077921e-02
    2.937650e-02    2.777060e+01    8.129220e-02
    2.951209e-02    2.789916e+01    8.180893e-02
    2.964831e-02    2.802832e+01    8.232931e-02
    2.978516e-02    2.815807e+01    8.285350e-02
    2.992265e-02    2.828843e+01    8.338147e-02
    3.006076e-02    2.841939e+01    8.391555e-02
    3.019952e-02    2.855096e+01    8.445115e-02
    3.033891e-02    2.868314e+01    8.499065e-02
    3.047895e-02    2.881593e+01    8.553415e-02
    3.061963e-02    2.894934e+01    8.608161e-02
    3.076097e-02    2.908336e+01    8.663309e-02
    3.090295e-02    2.921801e+01    8.719087e-02
    3.104560e-02    2.935328e+01    8.775051e-02
    3.118890e-02    2.948918e+01    8.831428e-02
    3.133286e-02    2.962571e+01    8.888222e-02
    3.147748e-02    2.976287e+01    8.945432e-02
    3.162278e-02    2.990066e+01    9.003384e-02
    3.176874e-02    3.003910e+01    9.061388e-02
    3.191538e-02    3.017817e+01    9.119897e-02
    3.206269e-02    3.031790e+01    9.178839e-02
    3.221069e-02    3.045826e+01    9.238225e-02
    3.235937e-02    3.059929e+01    9.298318e-02
    3.250873e-02    3.074096e+01    9.358613e-02
    3.265878e-02    3.088329e+01    9.419365e-02
    3.280953e-02    3.102628e+01    9.480569e-02
    3.296097e-02    3.116993e+01    9.542511e-02
    3.311311e-02    3.131425e+01    9.604668e-02
    3.326596e-02    3.145924e+01    9.667302e-02
    3.341950e-02    3.160490e+01    9.730407e-02
    3.357376e-02    3.175123e+01    9.794283e-02
    3.372873e-02    3.189825e+01    9.858377e-02
    3.388442e-02    3.204594e+01    9.922974e-02
    3.404082e-02    3.219432e+01    9.988345e-02
    3.419794e-02    3.234339e+01    1.005396e-01
    3.435579e-02    3.249315e+01    1.012007e-01
    3.451437e-02    3.264361e+01    1.018700e-01
    3.467369e-02    3.279476e+01    1.025417e-01
    3.483373e-02    3.294661e+01    1.032188e-01
    3.499452e-02    3.309917e+01    1.039040e-01
    3.515604e-02    3.325243e+01    1.045919e-01
    3.531832e-02    3.340641e+01    1.052881e-01
    3.548134e-02    3.356109e+01    1.059871e-01
    3.564511e-02    3.371650e+01    1.066948e-01
    3.580964e-02    3.387263e+01    1.074049e-01
    3.597493e-02    3.402948e+01    1.081209e-01
    3.614099e-02    3.418706e+01    1.088457e-01
    3.630781e-02    3.434536e+01    1.095735e-01
    3.647539e-02    3.450441e+01    1.103102e-01
    3.664376e-02    3.466419e+01    1.110500e-01
    3.681290e-02    3.482471e+01    1.117988e-01
    3.698282e-02    3.498598e+01    1.125509e-01
    3.715352e-02    3.514799e+01    1.133122e-01
    3.732502e-02    3.531076e+01    1.140764e-01
    3.749730e-02    3.547428e+01    1.148508e-01
    3.767038e-02    3.563855e+01    1.156314e-01
    3.784426e-02    3.580359e+01    1.164154e-01
    3.801894e-02    3.596940e+01    1.172091e-01
    3.819443e-02    3.613598e+01    1.180096e-01
    3.837072e-02    3.630332e+01    1.188138e-01
    3.854784e-02    3.647145e+01    1.196279e-01
    3.872576e-02    3.664035e+01    1.204490e-01
    3.890451e-02    3.681004e+01    1.212740e-01
    3.908409e-02    3.698052e+01    1.221093e-01
    3.926449e-02    3.715178e+01    1.229518e-01
    3.944573e-02    3.732384e+01    1.238017e-01
    3.962780e-02    3.749670e+01    1.246554e-01
    3.981072e-02    3.767036e+01    1.255204e-01
    3.999447e-02    3.784483e+01    1.263926e-01
    4.017908e-02    3.802010e+01    1.272726e-01
    4.036454e-02    3.819619e+01    1.281603e-01
    4.055085e-02    3.837310e+01    1.290560e-01
    4.073803e-02    3.855082e+01    1.299595e-01
    4.092607e-02    3.872938e+01    1.308711e-01
    4.111497e-02    3.890876e+01    1.317910e-01
    4.130475e-02    3.908897e+01    1.327191e-01
    4.149540e-02    3.927002e+01    1.336555e-01
    4.168694e-02    3.945191e+01    1.346005e-01
    4.187936e-02    3.963464e+01    1.355540e-01
    4.207266e-02    3.981822e+01    1.365163e-01
    4.226686e-02    4.000265e+01    1.374873e-01
    4.246196e-02    4.018794e+01    1.384673e-01
    4.265795e-02    4.037409e+01    1.394597e-01
    4.285485e-02    4.056110e+01    1.404579e-01
    4.305266e-02    4.074898e+01    1.414654e-01
    4.325138e-02    4.093773e+01    1.424822e-01
    4.345102e-02    4.112736e+01    1.435119e-01
    4.365158e-02    4.131787e+01    1.445480e-01
    4.914516e-02    4.654108e+01    1.467781e-01
    5.031319e-02    4.765077e+01    1.522359e-01
    5.150917e-02    4.878715e+01    1.579905e-01
    5.273376e-02    4.995085e+01    1.640643e-01
    5.398764e-02    5.114253e+01    1.704816e-01
    5.527150e-02    5.236287e+01    1.772684e-01
    5.658607e-02    5.361256e+01    1.844530e-01
    5.793206e-02    5.489230e+01    1.920662e-01
    5.931022e-02    5.620282e+01    2.001410e-01
    6.072134e-02    5.754485e+01    2.087133e-01
    6.216615e-02    5.891916e+01    2.178218e-01
    6.364548e-02    6.032652e+01    2.275082e-01
    6.516013e-02    6.176773e+01    2.378180e-01
    6.671095e-02    6.324359e+01    2.487996e-01
    6.829878e-02    6.475495e+01    2.605060e-01
    6.992450e-02    6.630267e+01    2.729940e-01
    7.158899e-02    6.788760e+01    2.863251e-01
    7.329317e-02    6.951064e+01    3.005654e-01
    7.503797e-02    7.117272e+01    3.157865e-01
    7.682432e-02    7.287478e+01    3.320654e-01
    7.865324e-02    7.461778e+01    3.494853e-01
    8.052568e-02    7.640269e+01    3.681358e-01
    8.244267e-02    7.823053e+01    3.881132e-01
    8.440527e-02    8.010234e+01    4.095218e-01
    8.641452e-02    8.201918e+01    4.324735e-01
    8.847150e-02    8.398212e+01    4.570887e-01
    9.057734e-02    8.599229e+01    4.834975e-01
    9.273316e-02    8.805082e+01    5.118395e-01
    9.494012e-02    9.015888e+01    5.422650e-01
    9.719942e-02    9.231769e+01    5.749358e-01
    9.951224e-02    9.452844e+01    6.100256e-01
    1.018798e-01    9.679242e+01    6.477216e-01
    1.043035e-01    9.911092e+01    6.882246e-01
    1.067844e-01    1.014852e+02    7.317504e-01
    1.080468e-01    1.026937e+02    7.547189e-01
    1.093241e-01    1.039168e+02    7.785314e-01
    1.106163e-01    1.051544e+02    8.032196e-01
    1.119236e-01    1.064069e+02    8.288164e-01
    1.132464e-01    1.076744e+02    8.553558e-01
    1.145846e-01    1.089571e+02    8.828732e-01
    1.159386e-01    1.102551e+02    9.114049e-01
    1.173083e-01    1.115687e+02    9.409889e-01
    1.186944e-01    1.128982e+02    9.716585e-01
    1.201019e-01    1.142487e+02    1.003250e+00
    1.215296e-01    1.156188e+02    1.035879e+00
    1.229763e-01    1.170077e+02    1.069641e+00
    1.244419e-01    1.184153e+02    1.104603e+00
    1.259263e-01    1.198412e+02    1.140827e+00
    1.274296e-01    1.212856e+02    1.178371e+00
    1.289518e-01    1.227486e+02    1.217295e+00
    1.304930e-01    1.242305e+02    1.257659e+00
    1.320532e-01    1.257312e+02    1.299522e+00
    1.336328e-01    1.272509e+02    1.342948e+00
    1.352318e-01    1.287899e+02    1.387999e+00
    1.368504e-01    1.303482e+02    1.434740e+00
    1.384887e-01    1.319262e+02    1.483241e+00
    1.401469e-01    1.335240e+02    1.533570e+00
    1.418254e-01    1.351418e+02    1.585798e+00
    1.435241e-01    1.367798e+02    1.640001e+00
    1.452434e-01    1.384382e+02    1.696254e+00
    1.469834e-01    1.401174e+02    1.754637e+00
    1.487444e-01    1.418174e+02    1.815230e+00
    1.505264e-01    1.435386e+02    1.878121e+00
    1.523298e-01    1.452812e+02    1.943394e+00
    1.541548e-01    1.470455e+02    2.011141e+00
    1.560016e-01    1.488316e+02    2.081456e+00
    1.578705e-01    1.506399e+02    2.154434e+00
    1.597615e-01    1.524707e+02    2.230176e+00
    1.616751e-01    1.543241e+02    2.308787e+00
    1.636115e-01    1.562005e+02    2.390371e+00
    1.655707e-01    1.581001e+02    2.475039e+00
    1.675532e-01    1.600234e+02    2.562908e+00
    1.695591e-01    1.619704e+02    2.654095e+00
    1.715888e-01    1.639415e+02    2.748721e+00
    1.736424e-01    1.659370e+02    2.846915e+00
    1.757202e-01    1.679574e+02    2.948807e+00
    1.778225e-01    1.700026e+02    3.054533e+00
    1.799495e-01    1.720733e+02    3.164231e+00
    1.821014e-01    1.741697e+02    3.278049e+00
    1.842788e-01    1.762920e+02    3.396133e+00
    1.864816e-01    1.784406e+02    3.518642e+00
    1.887101e-01    1.806159e+02    3.645734e+00
    1.909649e-01    1.828183e+02    3.777575e+00
    1.932460e-01    1.850480e+02    3.914337e+00
    1.955537e-01    1.873054e+02    4.056196e+00
    1.978884e-01    1.895910e+02    4.203337e+00
    2.002504e-01    1.919049e+02    4.355948e+00
    2.026399e-01    1.942478e+02    4.514225e+00
    2.050572e-01    1.966197e+02    4.678370e+00
    2.075027e-01    1.990214e+02    4.848594e+00
    2.099766e-01    2.014530e+02    5.025112e+00
    2.124792e-01    2.039151e+02    5.208149e+00
    2.150109e-01    2.064080e+02    5.397935e+00
    2.175721e-01    2.089320e+02    5.594710e+00
    2.201629e-01    2.114879e+02    5.798721e+00
    2.227838e-01    2.140757e+02    6.010224e+00
    2.254350e-01    2.166962e+02    6.229482e+00
    2.281169e-01    2.193496e+02    6.456769e+00
    2.308300e-01    2.220364e+02    6.692367e+00
    2.335743e-01    2.247573e+02    6.936568e+00
    2.363504e-01    2.275126e+02    7.189673e+00
    2.391585e-01    2.303027e+02    7.451994e+00
    2.419991e-01    2.331282e+02    7.723853e+00
    2.448725e-01    2.359896e+02    8.005583e+00
    2.477791e-01    2.388875e+02    8.297529e+00
    2.507191e-01    2.418222e+02    8.600046e+00
    2.536931e-01    2.447945e+02    8.913501e+00
    2.567012e-01    2.478047e+02    9.238274e+00
    2.597441e-01    2.508537e+02    9.574759e+00
    2.628220e-01    2.539417e+02    9.923360e+00
    2.659354e-01    2.570696e+02    1.028450e+01
    2.690845e-01    2.602377e+02    1.065860e+01
    2.722700e-01    2.634469e+02    1.104613e+01
    2.754920e-01    2.666976e+02    1.144753e+01
    2.787511e-01    2.699905e+02    1.186330e+01
    2.820476e-01    2.733262e+02    1.229392e+01
    2.853821e-01    2.767056e+02    1.273990e+01
    2.887549e-01    2.801290e+02    1.320178e+01
    2.921663e-01    2.835974e+02    1.368009e+01
    2.956171e-01    2.871114e+02    1.417540e+01
    2.991074e-01    2.906718e+02    1.468831e+01
    3.026379e-01    2.942791e+02    1.521940e+01
    3.062089e-01    2.979343e+02    1.576929e+01
    3.098210e-01    3.016381e+02    1.633864e+01
    3.134745e-01    3.053912e+02    1.692811e+01
    3.171699e-01    3.091945e+02    1.753840e+01
    3.209079e-01    3.130489e+02    1.817019e+01
    3.246888e-01    3.169552e+02    1.882424e+01
    3.285131e-01    3.209141e+02    1.950130e+01
    3.323814e-01    3.249266e+02    2.020214e+01
    3.362942e-01    3.289937e+02    2.092760e+01
    3.402520e-01    3.331162e+02    2.167850e+01
    3.442553e-01    3.372951e+02    2.245571e+01
    3.483046e-01    3.415314e+02    2.326013e+01
    3.524005e-01    3.458261e+02    2.409267e+01
    3.565436e-01    3.501801e+02    2.495432e+01
    3.607344e-01    3.545947e+02    2.584604e+01
    3.649735e-01    3.590707e+02    2.676885e+01
    3.692614e-01    3.636093e+02    2.772383e+01
    3.735989e-01    3.682117e+02    2.871206e+01
    3.779863e-01    3.728791e+02    2.973467e+01
    3.824244e-01    3.776125e+02    3.079283e+01
    3.869138e-01    3.824132e+02    3.188777e+01
    3.914551e-01    3.872826e+02    3.302071e+01
    3.960489e-01    3.922218e+02    3.419295e+01
    4.006959e-01    3.972322e+02    3.540583e+01
    4.053968e-01    4.023151e+02    3.666075e+01
    4.101521e-01    4.074719e+02    3.795911e+01
    4.149627e-01    4.127041e+02    3.930241e+01
    4.198291e-01    4.180131e+02    4.069217e+01
    4.247522e-01    4.234003e+02    4.212998e+01
    4.297326e-01    4.288675e+02    4.361747e+01
    4.347710e-01    4.344161e+02    4.515634e+01
    4.398682e-01    4.400477e+02    4.674835e+01
    4.450249e-01    4.457642e+02    4.839530e+01
    4.502420e-01    4.515673e+02    5.009908e+01
    4.555201e-01    4.574585e+02    5.186163e+01
    4.608601e-01    4.634398e+02    5.368495e+01
    4.662629e-01    4.695131e+02    5.557113e+01
    4.717292e-01    4.756803e+02    5.752233e+01
    4.772598e-01    4.819435e+02    5.954077e+01
    4.828558e-01    4.883046e+02    6.162875e+01
    4.885178e-01    4.947658e+02    6.378869e+01
    4.942469e-01    5.013292e+02    6.602304e+01
    5.000438e-01    5.079970e+02    6.833438e+01
    5.059097e-01    5.147718e+02    7.072535e+01
    5.118455e-01    5.216557e+02    7.319872e+01
    5.178519e-01    5.286511e+02    7.575732e+01
    5.239302e-01    5.357608e+02    7.840411e+01
    5.300812e-01    5.429872e+02    8.114216e+01
    5.363061e-01    5.503330e+02    8.397463e+01
    5.426059e-01    5.578010e+02    8.690480e+01
    5.489817e-01    5.653942e+02    8.993608e+01
    5.554345e-01    5.731153e+02    9.307201e+01
    5.619655e-01    5.809676e+02    9.631623e+01
    5.685760e-01    5.889541e+02    9.967256e+01
    5.752669e-01    5.970780e+02    1.031449e+02
    5.820396e-01    6.053429e+02    1.067374e+02
    5.888953e-01    6.137520e+02    1.104542e+02
    5.958353e-01    6.223091e+02    1.142998e+02
    6.028609e-01    6.310177e+02    1.182787e+02
    6.099732e-01    6.398819e+02    1.223956e+02
    6.171739e-01    6.489055e+02    1.266556e+02
    6.244642e-01    6.580926e+02    1.310635e+02
    6.318457e-01    6.674475e+02    1.356248e+02
    6.393198e-01    6.769747e+02    1.403451e+02
    6.468878e-01    6.866785e+02    1.452298e+02
    6.545516e-01    6.965640e+02    1.502851e+02
    6.623125e-01    7.066358e+02    1.555171e+02
    6.701723e-01    7.168990e+02    1.609321e+02
    6.781326e-01    7.273590e+02    1.665371e+02
    6.861953e-01    7.380212e+02    1.723387e+02
    6.943620e-01    7.488913e+02    1.783443e+02
    7.026346e-01    7.599750e+02    1.845613e+02
    7.110150e-01    7.712787e+02    1.909976e+02
    7.195050e-01    7.828085e+02    1.976613e+02
    7.281069e-01    7.945712e+02    2.045610e+02
    7.368225e-01    8.065735e+02    2.117053e+02
    7.456540e-01    8.188225e+02    2.191036e+02
    7.546038e-01    8.313258e+02    2.267653e+02
    7.636738e-01    8.440909e+02    2.347006e+02
    7.728665e-01    8.571261e+02    2.429198e+02
    7.821844e-01    8.704395e+02    2.514338e+02
    7.916300e-01    8.840399e+02    2.602539e+02
    8.012058e-01    8.979365e+02    2.693921e+02
    8.109145e-01    9.121387e+02    2.788604e+02
    8.207589e-01    9.266564e+02    2.886722e+02
    8.307419e-01    9.414999e+02    2.988407e+02
    8.408664e-01    9.566800e+02    3.093801e+02
    8.511355e-01    9.722080e+02    3.203051e+02
    8.615525e-01    9.880957e+02    3.316313e+02
    8.721206e-01    1.004356e+03    3.433747e+02
    8.828433e-01    1.021000e+03    3.555525e+02
    8.937242e-01    1.038043e+03    3.681821e+02
    9.047671e-01    1.055499e+03    3.812825e+02
    9.159758e-01    1.073381e+03    3.948729e+02
    9.273543e-01    1.091708e+03    4.089738e+02
    9.389069e-01    1.110493e+03    4.236069e+02
    9.506381e-01    1.129755e+03    4.387948e+02
    9.625522e-01    1.149512e+03    4.545611e+02
    9.746542e-01    1.169781e+03    4.709307e+02
    9.869490e-01    1.190584e+03    4.879302e+02
    9.994419e-01    1.211942e+03    5.055870e+02
    1.012138e+00    1.233877e+03    5.239304e+02
    1.025044e+00    1.256411e+03    5.429910e+02
    1.038165e+00    1.279569e+03    5.628014e+02
    1.051507e+00    1.303378e+03    5.833958e+02
    1.065077e+00    1.327865e+03    6.048102e+02
    1.078883e+00    1.353059e+03    6.270831e+02
    1.092930e+00    1.378990e+03    6.502548e+02
    1.107227e+00    1.405693e+03    6.743680e+02
    1.121781e+00    1.433198e+03    6.994683e+02
    1.136602e+00    1.461546e+03    7.256037e+02
    1.151697e+00    1.490773e+03    7.528251e+02
    1.167077e+00    1.520921e+03    7.811868e+02
    1.182750e+00    1.552034e+03    8.107463e+02
    1.198727e+00    1.584157e+03    8.415647e+02
    1.215018e+00    1.617341e+03    8.737073e+02
    1.231636e+00    1.651638e+03    9.072433e+02
    1.248591e+00    1.687104e+03    9.422467e+02
    1.265897e+00    1.723799e+03    9.787961e+02
    1.283566e+00    1.761786e+03    1.016976e+03
    1.301614e+00    1.801134e+03    1.056875e+03
    1.320054e+00    1.841916e+03    1.098591e+03
    1.338901e+00    1.884207e+03    1.142224e+03
    1.358172e+00    1.928092e+03    1.187887e+03
    1.377883e+00    1.973660e+03    1.235694e+03
    1.398053e+00    2.021004e+03    1.285772e+03
    1.418701e+00    2.070227e+03    1.338257e+03
    1.439847e+00    2.121436e+03    1.393291e+03
    1.461511e+00    2.174747e+03    1.451029e+03
    1.483712e+00    2.230284e+03    1.511638e+03
    1.506478e+00    2.288182e+03    1.575294e+03
    1.529828e+00    2.348578e+03    1.642186e+03
    1.553787e+00    2.411625e+03    1.712519e+03
    1.578382e+00    2.477486e+03    1.786510e+03
    1.603636e+00    2.546329e+03    1.864391e+03
    1.629579e+00    2.618339e+03    1.946410e+03
    1.656235e+00    2.693708e+03    2.032834e+03
    1.683634e+00    2.772644e+03    2.123943e+03
    1.711802e+00    2.855362e+03    2.220036e+03
