    1.000000e-07    9.307683e-05    2.145879e-08
    1.023293e-07    9.524538e-05    2.213527e-08
    1.047129e-07    9.746445e-05    2.283771e-08
    1.071519e-07    9.973523e-05    2.355722e-08
    1.096478e-07    1.020589e-04    2.430208e-08
    1.122018e-07    1.044368e-04    2.506959e-08
    1.148154e-07    1.068700e-04    2.586180e-08
    1.174898e-07    1.093599e-04    2.667810e-08
    1.202264e-07    1.119079e-04    2.752065e-08
    1.230269e-07    1.145152e-04    2.838749e-08
    1.258925e-07    1.171833e-04    2.928488e-08
    1.288250e-07    1.199135e-04    3.020537e-08
    1.318257e-07    1.227074e-04    3.115825e-08
    1.348963e-07    1.255663e-04    3.214009e-08
    1.380384e-07    1.284919e-04    3.314950e-08
    1.412538e-07    1.314857e-04    3.419442e-08
    1.445440e-07    1.345492e-04    3.526779e-08
    1.479108e-07    1.376840e-04    3.638059e-08
    1.513561e-07    1.408920e-04    3.752374e-08
    1.548817e-07    1.441747e-04    3.870532e-08
    1.584893e-07    1.475338e-04    3.991905e-08
    1.621810e-07    1.509713e-04    4.117543e-08
    1.659587e-07    1.544888e-04    4.246599e-08
    1.698244e-07    1.580883e-04    4.379667e-08
    1.737801e-07    1.617717e-04    4.517409e-08
    1.778279e-07    1.655410e-04    4.658896e-08
    1.819701e-07    1.693980e-04    4.805352e-08
    1.862087e-07    1.733449e-04    4.955788e-08
    1.905461e-07    1.773838e-04    5.110898e-08
    1.949845e-07    1.815168e-04    5.271454e-08
    1.995262e-07    1.857461e-04    5.436370e-08
    2.041738e-07    1.900740e-04    5.607075e-08
    2.089296e-07    1.945027e-04    5.782414e-08
    2.137962e-07    1.990347e-04    5.962921e-08
    2.187762e-07    2.036722e-04    6.149754e-08
    2.238721e-07    2.084178e-04    6.341942e-08
    2.290868e-07    2.132739e-04    6.540095e-08
    2.344229e-07    2.182433e-04    6.744571e-08
    2.398833e-07    2.233284e-04    6.955219e-08
    2.454709e-07    2.285320e-04    7.172408e-08
    2.511886e-07    2.338569e-04    7.396508e-08
    2.570396e-07    2.393059e-04    7.627382e-08
    2.630268e-07    2.448819e-04    7.865416e-08
    2.691535e-07    2.505878e-04    8.111040e-08
    2.754229e-07    2.564266e-04    8.364073e-08
    2.818383e-07    2.624016e-04    8.624148e-08
    2.884032e-07    2.685157e-04    8.894144e-08
    2.951209e-07    2.747723e-04    9.170601e-08
    3.019952e-07    2.811748e-04    9.456481e-08
    3.090295e-07    2.877264e-04    9.751469e-08
    3.162278e-07    2.944307e-04    1.005535e-07
    3.235937e-07    3.012913e-04    1.036768e-07
    3.311311e-07    3.083117e-04    1.068966e-07
    3.388442e-07    3.154958e-04    1.102392e-07
    3.467369e-07    3.228472e-04    1.136616e-07
    3.548134e-07    3.303700e-04    1.171897e-07
    3.630781e-07    3.380681e-04    1.208268e-07
    3.715352e-07    3.459455e-04    1.245967e-07
    3.801894e-07    3.540066e-04    1.284684e-07
    3.890451e-07    3.622555e-04    1.324536e-07
    3.981072e-07    3.706967e-04    1.365618e-07
    4.073803e-07    3.793345e-04    1.408134e-07
    4.168694e-07    3.881737e-04    1.451796e-07
    4.265795e-07    3.972188e-04    1.496805e-07
    4.365158e-07    4.064748e-04    1.543202e-07
    4.466836e-07    4.159465e-04    1.591031e-07
    4.570882e-07    4.256389e-04    1.640529e-07
    4.677351e-07    4.355572e-04    1.691360e-07
    4.786301e-07    4.457066e-04    1.743758e-07
    4.897788e-07    4.560926e-04    1.797773e-07
    5.011872e-07    4.667206e-04    1.853453e-07
    5.128614e-07    4.775963e-04    1.910671e-07
    5.248075e-07    4.887255e-04    1.969832e-07
    5.370318e-07    5.001140e-04    2.031057e-07
    5.495409e-07    5.117680e-04    2.093831e-07
    5.623413e-07    5.236935e-04    2.158538e-07
    5.754399e-07    5.358970e-04    2.225339e-07
    5.888437e-07    5.483849e-04    2.294199e-07
    6.025596e-07    5.611639e-04    2.364960e-07
    6.165950e-07    5.742407e-04    2.438123e-07
    6.309573e-07    5.876222e-04    2.513305e-07
    6.456542e-07    6.013156e-04    2.591039e-07
    6.606934e-07    6.153282e-04    2.670918e-07
    6.760830e-07    6.296674e-04    2.753575e-07
    6.918310e-07    6.443407e-04    2.838708e-07
    7.079458e-07    6.593561e-04    2.926192e-07
    7.244360e-07    6.747214e-04    3.016361e-07
    7.413102e-07    6.904448e-04    3.109591e-07
    7.585776e-07    7.065347e-04    3.205392e-07
    7.762471e-07    7.229996e-04    3.304132e-07
    7.943282e-07    7.398482e-04    3.405904e-07
    8.128305e-07    7.570896e-04    3.511130e-07
    8.317638e-07    7.747327e-04    3.619255e-07
    8.511380e-07    7.927872e-04    3.730698e-07
    8.709636e-07    8.112624e-04    3.845562e-07
    8.912509e-07    8.301682e-04    3.963950e-07
    9.120108e-07    8.495147e-04    4.085971e-07
    9.332543e-07    8.693121e-04    4.211735e-07
    9.549926e-07    8.895709e-04    4.341359e-07
    9.772372e-07    9.103020e-04    4.474427e-07
    1.000000e-06    9.315162e-04    4.611892e-07
    1.023293e-06    9.532250e-04    4.753567e-07
    1.047129e-06    9.754397e-04    4.899812e-07
    1.071519e-06    9.981722e-04    5.050542e-07
    1.096478e-06    1.021435e-03    5.205404e-07
    1.122018e-06    1.045239e-03    5.365507e-07
    1.148154e-06    1.069599e-03    5.530520e-07
    1.174898e-06    1.094526e-03    5.700054e-07
    1.202264e-06    1.120034e-03    5.875326e-07
    1.230269e-06    1.146137e-03    6.054679e-07
    1.258925e-06    1.172848e-03    6.240825e-07
    1.288250e-06    1.200182e-03    6.432060e-07
    1.318257e-06    1.228153e-03    6.629147e-07
    1.348963e-06    1.256776e-03    6.832905e-07
    1.380384e-06    1.286067e-03    7.041403e-07
    1.412538e-06    1.316040e-03    7.257110e-07
    1.445440e-06    1.346711e-03    7.480117e-07
    1.479108e-06    1.378098e-03    7.709228e-07
    1.513561e-06    1.410216e-03    7.944392e-07
    1.548817e-06    1.443083e-03    8.187687e-07
    1.584893e-06    1.476716e-03    8.438413e-07
    1.621810e-06    1.511133e-03    8.696799e-07
    1.659587e-06    1.546353e-03    8.962008e-07
    1.698244e-06    1.582393e-03    9.236386e-07
    1.737801e-06    1.619274e-03    9.519144e-07
    1.778279e-06    1.657014e-03    9.810539e-07
    1.819701e-06    1.695634e-03    1.010963e-06
    1.862087e-06    1.735154e-03    1.041806e-06
    1.905461e-06    1.775596e-03    1.073562e-06
    1.949845e-06    1.816980e-03    1.106416e-06
    1.995262e-06    1.859329e-03    1.140163e-06
    2.041738e-06    1.902666e-03    1.174911e-06
    2.089296e-06    1.947012e-03    1.210859e-06
    2.137962e-06    1.992393e-03    1.247786e-06
    2.187762e-06    2.038831e-03    1.285806e-06
    2.238721e-06    2.086352e-03    1.325014e-06
    2.290868e-06    2.134981e-03    1.365251e-06
    2.344229e-06    2.184743e-03    1.407010e-06
    2.398833e-06    2.235665e-03    1.449732e-06
    2.454709e-06    2.287775e-03    1.493926e-06
    2.511886e-06    2.341100e-03    1.539429e-06
    2.570396e-06    2.395667e-03    1.586353e-06
    2.630268e-06    2.451507e-03    1.634508e-06
    2.691535e-06    2.508649e-03    1.684323e-06
    2.754229e-06    2.567123e-03    1.735446e-06
    2.818383e-06    2.626960e-03    1.788332e-06
    2.884032e-06    2.688192e-03    1.842602e-06
    2.951209e-06    2.750851e-03    1.898564e-06
    3.019952e-06    2.814972e-03    1.956175e-06
    3.090295e-06    2.880587e-03    2.015532e-06
    3.162278e-06    2.947732e-03    2.076936e-06
    3.235937e-06    3.016443e-03    2.139950e-06
    3.311311e-06    3.086756e-03    2.204923e-06
    3.388442e-06    3.158708e-03    2.271813e-06
    3.467369e-06    3.232337e-03    2.340501e-06
    3.548134e-06    3.307684e-03    2.411786e-06
    3.630781e-06    3.384786e-03    2.484698e-06
    3.715352e-06    3.463687e-03    2.560058e-06
    3.801894e-06    3.544427e-03    2.637439e-06
    3.890451e-06    3.627050e-03    2.717487e-06
    3.981072e-06    3.711599e-03    2.799759e-06
    4.073803e-06    3.798120e-03    2.884517e-06
    4.168694e-06    3.886658e-03    2.971692e-06
    4.265795e-06    3.977260e-03    3.061866e-06
    4.365158e-06    4.069975e-03    3.154391e-06
    4.466836e-06    4.164851e-03    3.249706e-06
    4.570882e-06    4.261940e-03    3.347897e-06
    4.677351e-06    4.361293e-03    3.449049e-06
    4.786301e-06    4.462962e-03    3.553253e-06
    4.897788e-06    4.567002e-03    3.660675e-06
    5.011872e-06    4.673468e-03    3.771261e-06
    5.128614e-06    4.782416e-03    3.885181e-06
    5.248075e-06    4.893905e-03    4.002145e-06
    5.370318e-06    5.007993e-03    4.123027e-06
    5.495409e-06    5.124742e-03    4.247138e-06
    5.623413e-06    5.244213e-03    4.375408e-06
    5.754399e-06    5.366470e-03    4.507103e-06
    5.888437e-06    5.491578e-03    4.643211e-06
    6.025596e-06    5.619603e-03    4.782940e-06
    6.165950e-06    5.750614e-03    4.926879e-06
    6.309573e-06    5.884679e-03    5.075142e-06
    6.456542e-06    6.021871e-03    5.227858e-06
    6.606934e-06    6.162263e-03    5.385162e-06
    6.760830e-06    6.305928e-03    5.547191e-06
    6.918310e-06    6.452943e-03    5.713957e-06
    7.079458e-06    6.603387e-03    5.885571e-06
    7.244360e-06    6.757339e-03    6.062315e-06
    7.413102e-06    6.914881e-03    6.244682e-06
    7.585776e-06    7.076097e-03    6.432526e-06
    7.762471e-06    7.241073e-03    6.625353e-06
    7.943282e-06    7.409896e-03    6.823796e-06
    8.128305e-06    7.582656e-03    7.029030e-06
    8.317638e-06    7.759445e-03    7.239706e-06
    8.511380e-06    7.940357e-03    7.456666e-06
    8.709636e-06    8.125489e-03    7.679963e-06
    8.912509e-06    8.314937e-03    7.910113e-06
    9.120108e-06    8.508805e-03    8.147148e-06
    9.332543e-06    8.707193e-03    8.391086e-06
    9.549926e-06    8.910208e-03    8.642509e-06
    9.772372e-06    9.117958e-03    8.900337e-06
    1.000000e-05    9.330554e-03    9.166991e-06
    1.023293e-05    9.548107e-03    9.441146e-06
    1.047129e-05    9.770735e-03    9.723269e-06
    1.071519e-05    9.998555e-03    1.001353e-05
    1.096478e-05    1.023169e-02    1.031220e-05
    1.122018e-05    1.047026e-02    1.062105e-05
    1.148154e-05    1.071439e-02    1.093781e-05
    1.174898e-05    1.096422e-02    1.126287e-05
    1.202264e-05    1.121988e-02    1.160017e-05
    1.230269e-05    1.148150e-02    1.194487e-05
    1.258925e-05    1.174922e-02    1.230132e-05
    1.288250e-05    1.202319e-02    1.266806e-05
    1.318257e-05    1.230354e-02    1.304443e-05
    1.348963e-05    1.259044e-02    1.343362e-05
    1.380384e-05    1.288403e-02    1.383269e-05
    1.412538e-05    1.318446e-02    1.424504e-05
    1.445440e-05    1.349190e-02    1.466812e-05
    1.479108e-05    1.380652e-02    1.510379e-05
    1.513561e-05    1.412847e-02    1.555272e-05
    1.548817e-05    1.445793e-02    1.601461e-05
    1.584893e-05    1.479508e-02    1.649019e-05
    1.621810e-05    1.514009e-02    1.697981e-05
    1.659587e-05    1.549315e-02    1.748220e-05
    1.698244e-05    1.585445e-02    1.800127e-05
    1.737801e-05    1.622417e-02    1.853383e-05
    1.778279e-05    1.660252e-02    1.908399e-05
    1.819701e-05    1.698970e-02    1.964850e-05
    1.862087e-05    1.738590e-02    2.022968e-05
    1.905461e-05    1.779135e-02    2.083015e-05
    1.949845e-05    1.820626e-02    2.144612e-05
    1.995262e-05    1.863085e-02    2.208035e-05
    2.041738e-05    1.906534e-02    2.273328e-05
    2.089296e-05    1.950996e-02    2.340549e-05
    2.137962e-05    1.996496e-02    2.409493e-05
    2.187762e-05    2.043058e-02    2.480678e-05
    2.238721e-05    2.090706e-02    2.553750e-05
    2.290868e-05    2.139465e-02    2.629242e-05
    2.344229e-05    2.189362e-02    2.706669e-05
    2.398833e-05    2.240423e-02    2.786322e-05
    2.454709e-05    2.292675e-02    2.868374e-05
    2.511886e-05    2.346146e-02    2.952979e-05
    2.570396e-05    2.400865e-02    3.039703e-05
    2.630268e-05    2.456860e-02    3.129197e-05
    2.691535e-05    2.514162e-02    3.221252e-05
    2.754229e-05    2.572800e-02    3.315890e-05
    2.818383e-05    2.632807e-02    3.413243e-05
    2.884032e-05    2.694214e-02    3.513336e-05
    2.951209e-05    2.757054e-02    3.616646e-05
    3.019952e-05    2.821359e-02    3.722610e-05
    3.090295e-05    2.887141e-02    3.815559e-05
    3.162278e-05    2.954481e-02    3.927179e-05
    3.235937e-05    3.023393e-02    4.042054e-05
    3.311311e-05    3.093913e-02    4.160364e-05
    3.388442e-05    3.166078e-02    4.281808e-05
    3.467369e-05    3.239927e-02    4.406786e-05
    3.548134e-05    3.315499e-02    4.535155e-05
    3.630781e-05    3.392834e-02    4.667752e-05
    3.715352e-05    3.471974e-02    4.803795e-05
    3.801894e-05    3.552961e-02    4.944219e-05
    3.890451e-05    3.635837e-02    5.088186e-05
    3.981072e-05    3.720647e-02    5.236330e-05
    4.073803e-05    3.807436e-02    5.388771e-05
    4.168694e-05    3.896250e-02    5.545034e-05
    4.265795e-05    3.987137e-02    5.706428e-05
    4.365158e-05    4.080145e-02    5.871745e-05
    4.466836e-05    4.175323e-02    6.042612e-05
    4.570882e-05    4.272722e-02    6.217752e-05
    4.677351e-05    4.372394e-02    6.397950e-05
    4.786301e-05    4.474391e-02    6.584069e-05
    4.897788e-05    4.578769e-02    6.773963e-05
    5.011872e-05    4.685583e-02    6.970212e-05
    5.128614e-05    4.794890e-02    7.172124e-05
    5.248075e-05    4.906747e-02    7.379712e-05
    5.370318e-05    5.021215e-02    7.593435e-05
    5.495409e-05    5.138354e-02    7.812304e-05
    5.623413e-05    5.258227e-02    8.037612e-05
    5.754399e-05    5.380897e-02    8.269223e-05
    5.888437e-05    5.506431e-02    8.508590e-05
    6.025596e-05    5.634894e-02    8.753710e-05
    6.165950e-05    5.766355e-02    9.004856e-05
    6.309573e-05    5.900884e-02    9.264902e-05
    6.456542e-05    6.038553e-02    9.531165e-05
    6.606934e-05    6.179435e-02    9.805597e-05
    6.760830e-05    6.323605e-02    1.008676e-04
    6.918310e-05    6.471140e-02    1.037732e-04
    7.079458e-05    6.622118e-02    1.067479e-04
    7.244360e-05    6.776620e-02    1.098075e-04
    7.413102e-05    6.934728e-02    1.129542e-04
    7.585776e-05    7.096527e-02    1.161907e-04
    7.762471e-05    7.262101e-02    1.195059e-04
    7.943282e-05    7.431541e-02    1.229290e-04
    8.128305e-05    7.604935e-02    1.264329e-04
    8.317638e-05    7.782377e-02    1.300533e-04
    8.511380e-05    7.963960e-02    1.337616e-04
    8.709636e-05    8.149782e-02    1.375749e-04
    8.912509e-05    8.339941e-02    1.415125e-04
    9.120108e-05    8.534539e-02    1.455261e-04
    9.332543e-05    8.733679e-02    1.496727e-04
    9.549926e-05    8.937467e-02    1.539339e-04
    9.772372e-05    9.146013e-02    1.583004e-04
    1.000000e-04    9.359427e-02    1.628056e-04
    1.023293e-04    9.577822e-02    1.674221e-04
    1.047129e-04    9.801315e-02    1.721652e-04
    1.071519e-04    1.003003e-01    1.770419e-04
    1.096478e-04    1.026407e-01    1.820804e-04
    1.122018e-04    1.050359e-01    1.872139e-04
    1.148154e-04    1.074869e-01    1.925137e-04
    1.174898e-04    1.099952e-01    1.979626e-04
    1.202264e-04    1.125620e-01    2.035407e-04
    1.230269e-04    1.151887e-01    2.093032e-04
    1.258925e-04    1.178768e-01    2.151984e-04
    1.288250e-04    1.206276e-01    2.212583e-04
    1.318257e-04    1.234426e-01    2.274834e-04
    1.348963e-04    1.263234e-01    2.338865e-04
    1.380384e-04    1.292714e-01    2.404397e-04
    1.412538e-04    1.322882e-01    2.472043e-04
    1.445440e-04    1.353754e-01    2.541578e-04
    1.479108e-04    1.385348e-01    2.612694e-04
    1.513561e-04    1.417679e-01    2.685830e-04
    1.548817e-04    1.450764e-01    2.761329e-04
    1.584893e-04    1.484623e-01    2.838195e-04
    1.621810e-04    1.519271e-01    2.917534e-04
    1.659587e-04    1.554729e-01    2.999124e-04
    1.698244e-04    1.591014e-01    3.082921e-04
    1.737801e-04    1.628147e-01    3.168704e-04
    1.778279e-04    1.666147e-01    3.257194e-04
    1.819701e-04    1.705033e-01    3.347723e-04
    1.862087e-04    1.744828e-01    3.440742e-04
    1.905461e-04    1.785552e-01    3.536320e-04
    1.949845e-04    1.827227e-01    3.634590e-04
    1.995262e-04    1.869875e-01    3.735498e-04
    2.041738e-04    1.913519e-01    3.838635e-04
    2.089296e-04    1.958181e-01    3.945142e-04
    2.137962e-04    2.003887e-01    4.054073e-04
    2.187762e-04    2.050660e-01    4.165978e-04
    2.238721e-04    2.098525e-01    4.281205e-04
    2.290868e-04    2.147507e-01    4.399584e-04
    2.344229e-04    2.197633e-01    4.520268e-04
    2.398833e-04    2.248930e-01    4.644887e-04
    2.454709e-04    2.301426e-01    4.745803e-04
    2.511886e-04    2.355147e-01    4.812658e-04
    2.570396e-04    2.410122e-01    4.870344e-04
    2.630268e-04    2.466379e-01    4.926318e-04
    2.691535e-04    2.523947e-01    4.982205e-04
    2.754229e-04    2.582858e-01    5.033761e-04
    2.818383e-04    2.643143e-01    5.085820e-04
    2.884032e-04    2.704833e-01    5.138385e-04
    2.951209e-04    2.767961e-01    5.191643e-04
    3.019952e-04    2.832561e-01    5.245618e-04
    3.090295e-04    2.898667e-01    5.300526e-04
    3.162278e-04    2.966314e-01    5.351885e-04
    3.235937e-04    3.035539e-01    5.408699e-04
    3.311311e-04    3.106377e-01    5.465465e-04
    3.388442e-04    3.178866e-01    5.520993e-04
    3.467369e-04    3.253045e-01    5.581303e-04
    3.548134e-04    3.328954e-01    5.638075e-04
    3.630781e-04    3.406632e-01    5.701078e-04
    3.715352e-04    3.486121e-01    5.760487e-04
    3.801894e-04    3.567463e-01    5.826256e-04
    3.890451e-04    3.650701e-01    5.888606e-04
    3.981072e-04    3.735880e-01    5.957451e-04
    4.073803e-04    3.823045e-01    6.023081e-04
    4.168694e-04    3.912241e-01    6.095346e-04
    4.265795e-04    4.003517e-01    6.164378e-04
    4.365158e-04    4.096920e-01    6.240183e-04
    4.466836e-04    4.192501e-01    6.314417e-04
    4.570882e-04    4.290310e-01    6.392729e-04
    4.677351e-04    4.390399e-01    6.474495e-04
    4.786301e-04    4.492822e-01    6.555781e-04
    4.897788e-04    4.597632e-01    6.639601e-04
    5.011872e-04    4.704886e-01    6.728298e-04
    5.128614e-04    4.814640e-01    6.819186e-04
    5.248075e-04    4.926953e-01    6.912372e-04
    5.370318e-04    5.041884e-01    7.008789e-04
    5.495409e-04    5.159494e-01    7.103559e-04
    5.623413e-04    5.279847e-01    7.204915e-04
    5.754399e-04    5.403005e-01    7.310611e-04
    5.888437e-04    5.529034e-01    7.420187e-04
    6.025596e-04    5.658002e-01    7.530770e-04
    6.165950e-04    5.789976e-01    7.644585e-04
    6.309573e-04    5.925027e-01    7.761427e-04
    6.456542e-04    6.063227e-01    7.881797e-04
    6.606934e-04    6.204648e-01    8.011543e-04
    6.760830e-04    6.349367e-01    8.138827e-04
    6.918310e-04    6.497460e-01    8.273035e-04
    7.079458e-04    6.649005e-01    8.411462e-04
    7.244360e-04    6.804084e-01    8.556327e-04
    7.413102e-04    6.962779e-01    8.700509e-04
    7.585776e-04    7.125173e-01    8.854321e-04
    7.762471e-04    7.291354e-01    9.012686e-04
    7.943282e-04    7.461410e-01    9.170447e-04
    8.128305e-04    7.635430e-01    9.338630e-04
    8.317638e-04    7.813508e-01    9.511748e-04
    8.511380e-04    7.995738e-01    9.690472e-04
    8.709636e-04    8.182216e-01    9.874566e-04
    8.912509e-04    8.373043e-01    1.006425e-03
    9.120108e-04    8.568320e-01    1.026529e-03
    9.332543e-04    8.768149e-01    1.046695e-03
    9.549926e-04    8.972639e-01    1.067492e-03
    9.772372e-04    9.181896e-01    1.089480e-03
    1.000000e-03    9.396033e-01    1.111625e-03
    1.023293e-03    9.615163e-01    1.135038e-03
    1.047129e-03    9.839402e-01    1.158588e-03
    1.071519e-03    1.006887e+00    1.183454e-03
    1.096478e-03    1.030369e+00    1.209082e-03
    1.122018e-03    1.054399e+00    1.235529e-03
    1.148154e-03    1.078988e+00    1.262827e-03
    1.174898e-03    1.104152e+00    1.290979e-03
    1.202264e-03    1.129902e+00    1.320017e-03
    1.230269e-03    1.156252e+00    1.349974e-03
    1.258925e-03    1.183218e+00    1.381055e-03
    1.288250e-03    1.210811e+00    1.413362e-03
    1.318257e-03    1.239049e+00    1.446303e-03
    1.348963e-03    1.267945e+00    1.480838e-03
    1.380384e-03    1.297515e+00    1.516500e-03
    1.412538e-03    1.327774e+00    1.552746e-03
    1.445440e-03    1.358739e+00    1.590704e-03
    1.479108e-03    1.390427e+00    1.629841e-03
    1.513561e-03    1.422853e+00    1.670276e-03
    1.548817e-03    1.456036e+00    1.711978e-03
    1.584893e-03    1.489992e+00    1.754512e-03
    1.621810e-03    1.524741e+00    1.800103e-03
    1.659587e-03    1.560300e+00    1.845982e-03
    1.698244e-03    1.596688e+00    1.893915e-03
    1.737801e-03    1.633925e+00    1.942778e-03
    1.778279e-03    1.672031e+00    1.993823e-03
    1.819701e-03    1.711025e+00    2.046513e-03
    1.862087e-03    1.750929e+00    2.100628e-03
    1.905461e-03    1.791764e+00    2.156869e-03
    1.949845e-03    1.833551e+00    2.215033e-03
    1.995262e-03    1.876314e+00    2.274797e-03
    2.041738e-03    1.920073e+00    2.336510e-03
    2.089296e-03    1.964853e+00    2.400662e-03
    2.137962e-03    2.010678e+00    2.466639e-03
    2.187762e-03    2.057572e+00    2.535140e-03
    2.238721e-03    2.105560e+00    2.605258e-03
    2.290868e-03    2.154667e+00    2.678218e-03
    2.344229e-03    2.204920e+00    2.753527e-03
    2.398833e-03    2.256345e+00    2.831263e-03
    2.454709e-03    2.308969e+00    2.911509e-03
    2.511886e-03    2.362822e+00    2.994924e-03
    2.570396e-03    2.417931e+00    3.080394e-03
    2.630268e-03    2.474325e+00    3.169043e-03
    2.691535e-03    2.532035e+00    3.260305e-03
    2.754229e-03    2.591092e+00    3.354890e-03
    2.818383e-03    2.651527e+00    3.452515e-03
    2.884032e-03    2.713371e+00    3.553313e-03
    2.951209e-03    2.776659e+00    3.657253e-03
    3.019952e-03    2.841423e+00    3.764574e-03
    3.090295e-03    2.907698e+00    3.875352e-03
    3.162278e-03    2.975519e+00    3.990203e-03
    3.235937e-03    3.044923e+00    4.108209e-03
    3.311311e-03    3.115947e+00    4.230503e-03
    3.388442e-03    3.188628e+00    4.356702e-03
    3.467369e-03    3.263004e+00    4.486932e-03
    3.548134e-03    3.339116e+00    4.621323e-03
    3.630781e-03    3.417005e+00    4.759966e-03
    3.715352e-03    3.496711e+00    4.903038e-03
    3.801894e-03    3.578276e+00    5.050712e-03
    3.890451e-03    3.661746e+00    5.203490e-03
    3.981072e-03    3.747163e+00    5.361178e-03
    4.073803e-03    3.834573e+00    5.523343e-03
    4.092607e-03    3.852299e+00    5.556558e-03
    4.111497e-03    3.870106e+00    5.590064e-03
    4.130475e-03    3.887996e+00    5.623685e-03
    4.149540e-03    3.905968e+00    5.657750e-03
    4.168694e-03    3.924024e+00    5.691156e-03
    4.187936e-03    3.942163e+00    5.725438e-03
    4.207266e-03    3.960386e+00    5.759929e-03
    4.226686e-03    3.978693e+00    5.794674e-03
    4.246196e-03    3.997085e+00    5.829086e-03
    4.265795e-03    4.015562e+00    5.864229e-03
    4.285485e-03    4.034124e+00    5.899611e-03
    4.305266e-03    4.052772e+00    5.935254e-03
    4.325138e-03    4.071507e+00    5.971069e-03
    4.345102e-03    4.090328e+00    6.007147e-03
    4.365158e-03    4.109236e+00    6.043096e-03
    4.385307e-03    4.128231e+00    6.079380e-03
    4.405549e-03    4.147315e+00    6.116073e-03
    4.425884e-03    4.166486e+00    6.152989e-03
    4.446313e-03    4.185747e+00    6.190223e-03
    4.466836e-03    4.205096e+00    6.227590e-03
    4.487454e-03    4.224535e+00    6.265279e-03
    4.508167e-03    4.244064e+00    6.302602e-03
    4.528976e-03    4.263683e+00    6.340701e-03
    4.549881e-03    4.283393e+00    6.379032e-03
    4.570882e-03    4.303194e+00    6.417644e-03
    4.591980e-03    4.323087e+00    6.456491e-03
    4.613176e-03    4.343071e+00    6.495574e-03
    4.634469e-03    4.363148e+00    6.534846e-03
    4.655861e-03    4.383318e+00    6.574406e-03
    4.677351e-03    4.403581e+00    6.614207e-03
    4.698941e-03    4.423938e+00    6.654378e-03
    4.720630e-03    4.444389e+00    6.693692e-03
    4.742420e-03    4.464935e+00    6.734500e-03
    4.764310e-03    4.485575e+00    6.775326e-03
    4.786301e-03    4.506311e+00    6.816399e-03
    4.808393e-03    4.527143e+00    6.857672e-03
    4.830588e-03    4.548072e+00    6.899195e-03
    4.852885e-03    4.569097e+00    6.941073e-03
    4.875285e-03    4.590219e+00    6.983102e-03
    4.897788e-03    4.611439e+00    7.025490e-03
    4.920395e-03    4.632757e+00    7.068032e-03
    4.943107e-03    4.654174e+00    7.110936e-03
    4.965923e-03    4.675690e+00    7.153997e-03
    4.988845e-03    4.697305e+00    7.197424e-03
    5.011872e-03    4.719021e+00    7.241114e-03
    5.035006e-03    4.740836e+00    7.284965e-03
    5.058247e-03    4.762753e+00    7.329187e-03
    5.081594e-03    4.784771e+00    7.373677e-03
    5.105050e-03    4.806891e+00    7.418438e-03
    5.128614e-03    4.829113e+00    7.463470e-03
    5.152286e-03    4.851438e+00    7.508776e-03
    5.176068e-03    4.873866e+00    7.554356e-03
    5.199960e-03    4.896398e+00    7.600214e-03
    5.223962e-03    4.919035e+00    7.646349e-03
    5.248075e-03    4.941776e+00    7.692765e-03
    5.272299e-03    4.964622e+00    7.739462e-03
    5.296634e-03    4.987573e+00    7.786442e-03
    5.321083e-03    5.010631e+00    7.833817e-03
    5.345644e-03    5.033796e+00    7.881369e-03
    5.370318e-03    5.057067e+00    7.929210e-03
    5.395106e-03    5.080447e+00    7.977451e-03
    5.420009e-03    5.103934e+00    8.026433e-03
    5.445027e-03    5.127530e+00    8.075151e-03
    5.470160e-03    5.151236e+00    8.124276e-03
    5.495409e-03    5.175050e+00    8.173643e-03
    5.520774e-03    5.198975e+00    8.223309e-03
    5.546257e-03    5.223011e+00    8.273332e-03
    5.571857e-03    5.247158e+00    8.323546e-03
    5.597576e-03    5.271417e+00    8.374177e-03
    5.623413e-03    5.295787e+00    8.425115e-03
    5.649370e-03    5.320271e+00    8.476361e-03
    5.675446e-03    5.344868e+00    8.528378e-03
    5.701643e-03    5.369578e+00    8.580248e-03
    5.727960e-03    5.394403e+00    8.632432e-03
    5.754399e-03    5.419343e+00    8.684933e-03
    5.780960e-03    5.444398e+00    8.737751e-03
    5.807644e-03    5.469569e+00    8.790889e-03
    5.834451e-03    5.494856e+00    8.844349e-03
    5.861382e-03    5.520260e+00    8.898717e-03
    5.888437e-03    5.545782e+00    8.952828e-03
    5.915616e-03    5.571422e+00    9.007265e-03
    5.942922e-03    5.597181e+00    9.062032e-03
    5.970353e-03    5.623058e+00    9.117190e-03
    5.997911e-03    5.649056e+00    9.172681e-03
    6.025596e-03    5.675173e+00    9.228983e-03
    6.053409e-03    5.701411e+00    9.285149e-03
    6.081350e-03    5.727771e+00    9.341655e-03
    6.109420e-03    5.754253e+00    9.398502e-03
    6.137620e-03    5.780857e+00    9.455693e-03
    6.165950e-03    5.807584e+00    9.513710e-03
    6.194411e-03    5.834435e+00    9.571657e-03
    6.223003e-03    5.861411e+00    9.629892e-03
    6.251727e-03    5.888510e+00    9.688479e-03
    6.280584e-03    5.915736e+00    9.747968e-03
    6.309573e-03    5.943087e+00    9.807329e-03
    6.338697e-03    5.970565e+00    9.866985e-03
    6.367955e-03    5.998169e+00    9.927002e-03
    6.397348e-03    6.025902e+00    9.987935e-03
    6.426877e-03    6.053763e+00    1.004874e-02
    6.456542e-03    6.081752e+00    1.010992e-02
    6.486344e-03    6.109872e+00    1.017146e-02
    6.516284e-03    6.138121e+00    1.023387e-02
    6.546362e-03    6.166501e+00    1.029617e-02
    6.576578e-03    6.195012e+00    1.035883e-02
    6.606934e-03    6.223655e+00    1.042186e-02
    6.637431e-03    6.252431e+00    1.048587e-02
    6.668068e-03    6.281340e+00    1.054974e-02
    6.698846e-03    6.310382e+00    1.061394e-02
    6.729767e-03    6.339559e+00    1.067902e-02
    6.760830e-03    6.368871e+00    1.074399e-02
    6.792036e-03    6.398318e+00    1.080949e-02
    6.823387e-03    6.427902e+00    1.087575e-02
    6.854882e-03    6.457622e+00    1.094191e-02
    6.886523e-03    6.487480e+00    1.100860e-02
    6.918310e-03    6.517476e+00    1.107606e-02
    6.950243e-03    6.547611e+00    1.114349e-02
    6.982324e-03    6.577886e+00    1.121132e-02
    7.014553e-03    6.608300e+00    1.128008e-02
    7.046931e-03    6.638855e+00    1.134873e-02
    7.079458e-03    6.669551e+00    1.141787e-02
    7.112135e-03    6.700390e+00    1.148780e-02
    7.144963e-03    6.731371e+00    1.155777e-02
    7.177943e-03    6.762495e+00    1.162854e-02
    7.211075e-03    6.793764e+00    1.169936e-02
    7.244360e-03    6.825177e+00    1.177061e-02
    7.277798e-03    6.856735e+00    1.184266e-02
    7.311391e-03    6.888439e+00    1.191477e-02
    7.345139e-03    6.920290e+00    1.198783e-02
    7.379042e-03    6.952289e+00    1.206081e-02
    7.413102e-03    6.984435e+00    1.213422e-02
    7.447320e-03    7.016730e+00    1.220846e-02
    7.481695e-03    7.049175e+00    1.228276e-02
    7.516229e-03    7.081770e+00    1.235804e-02
    7.550922e-03    7.114515e+00    1.243324e-02
    7.585776e-03    7.147412e+00    1.250928e-02
    7.620790e-03    7.180461e+00    1.258553e-02
    7.655966e-03    7.213664e+00    1.266209e-02
    7.691304e-03    7.247019e+00    1.273966e-02
    7.726806e-03    7.280529e+00    1.281714e-02
    7.762471e-03    7.314194e+00    1.289564e-02
    7.798301e-03    7.348015e+00    1.297406e-02
    7.834296e-03    7.381992e+00    1.305350e-02
    7.870458e-03    7.416127e+00    1.313286e-02
    7.906786e-03    7.450419e+00    1.321326e-02
    7.943282e-03    7.484870e+00    1.329358e-02
    7.979947e-03    7.519481e+00    1.337494e-02
    8.016781e-03    7.554251e+00    1.345638e-02
    8.053784e-03    7.589183e+00    1.353864e-02
    8.090959e-03    7.624276e+00    1.362099e-02
    8.128305e-03    7.659531e+00    1.370431e-02
    8.165824e-03    7.694950e+00    1.378773e-02
    8.203515e-03    7.730532e+00    1.387197e-02
    8.241381e-03    7.766280e+00    1.395632e-02
    8.279422e-03    7.802192e+00    1.404166e-02
    8.317638e-03    7.838271e+00    1.412710e-02
    8.356030e-03    7.874516e+00    1.421345e-02
    8.394600e-03    7.910930e+00    1.429992e-02
    8.433348e-03    7.947511e+00    1.438732e-02
    8.472274e-03    7.984262e+00    1.447579e-02
    8.511380e-03    8.021183e+00    1.456327e-02
    8.550667e-03    8.058275e+00    1.465225e-02
    8.590135e-03    8.095539e+00    1.474134e-02
    8.629785e-03    8.132974e+00    1.483138e-02
    8.669619e-03    8.170584e+00    1.492155e-02
    8.709636e-03    8.208367e+00    1.501267e-02
    8.749838e-03    8.246325e+00    1.510434e-02
    8.790225e-03    8.284458e+00    1.519614e-02
    8.830799e-03    8.322768e+00    1.528890e-02
    8.871560e-03    8.361256e+00    1.538189e-02
    8.912509e-03    8.399921e+00    1.547585e-02
    8.953648e-03    8.438765e+00    1.557029e-02
    8.994976e-03    8.477789e+00    1.566488e-02
    9.036495e-03    8.516994e+00    1.576045e-02
    9.078205e-03    8.556380e+00    1.585634e-02
    9.120108e-03    8.595948e+00    1.595306e-02
    9.162205e-03    8.635699e+00    1.605036e-02
    9.204496e-03    8.675635e+00    1.614790e-02
    9.246982e-03    8.715755e+00    1.624645e-02
    9.289664e-03    8.756060e+00    1.634550e-02
    9.332543e-03    8.796553e+00    1.644490e-02
    9.375620e-03    8.837232e+00    1.654514e-02
    9.418896e-03    8.878100e+00    1.664598e-02
    9.462372e-03    8.919157e+00    1.674717e-02
    9.506048e-03    8.960404e+00    1.684922e-02
    9.549926e-03    9.001841e+00    1.695205e-02
    9.594006e-03    9.043471e+00    1.705490e-02
    9.638290e-03    9.085293e+00    1.715897e-02
    9.682779e-03    9.127309e+00    1.726348e-02
    9.727472e-03    9.169519e+00    1.736837e-02
    9.772372e-03    9.211924e+00    1.747413e-02
    9.817479e-03    9.254526e+00    1.758067e-02
    9.862795e-03    9.297324e+00    1.768791e-02
    9.908319e-03    9.340321e+00    1.779522e-02
    9.954054e-03    9.383517e+00    1.790363e-02
    1.000000e-02    9.426912e+00    1.801268e-02
    1.004616e-02    9.470509e+00    1.812206e-02
    1.009253e-02    9.514307e+00    1.823242e-02
    1.013911e-02    9.558308e+00    1.834345e-02
    1.018591e-02    9.602512e+00    1.845514e-02
    1.023293e-02    9.646922e+00    1.856716e-02
    1.028016e-02    9.691536e+00    1.868023e-02
    1.032761e-02    9.736357e+00    1.879399e-02
    1.037528e-02    9.781385e+00    1.890837e-02
    1.042317e-02    9.826622e+00    1.902310e-02
    1.047129e-02    9.872068e+00    1.913896e-02
    1.051962e-02    9.917725e+00    1.925541e-02
    1.056818e-02    9.963592e+00    1.937261e-02
    1.061696e-02    1.000967e+01    1.949065e-02
    1.066596e-02    1.005597e+01    1.960872e-02
    1.071519e-02    1.010247e+01    1.972809e-02
    1.076465e-02    1.014920e+01    1.984807e-02
    1.081434e-02    1.019613e+01    1.996887e-02
    1.086426e-02    1.024329e+01    2.009000e-02
    1.091440e-02    1.029067e+01    2.021220e-02
    1.096478e-02    1.033826e+01    2.033513e-02
    1.101539e-02    1.038607e+01    2.045880e-02
    1.106624e-02    1.043411e+01    2.058326e-02
    1.111732e-02    1.048236e+01    2.070862e-02
    1.116863e-02    1.053085e+01    2.083402e-02
    1.122018e-02    1.057955e+01    2.096068e-02
    1.127197e-02    1.062848e+01    2.108815e-02
    1.132400e-02    1.067764e+01    2.121639e-02
    1.137627e-02    1.072702e+01    2.134534e-02
    1.142878e-02    1.077664e+01    2.147507e-02
    1.148154e-02    1.082648e+01    2.160533e-02
    1.153453e-02    1.087655e+01    2.173662e-02
    1.158777e-02    1.092686e+01    2.186875e-02
    1.164126e-02    1.097739e+01    2.200168e-02
    1.169499e-02    1.102817e+01    2.213540e-02
    1.174898e-02    1.107917e+01    2.226992e-02
    1.180321e-02    1.113041e+01    2.240526e-02
    1.185769e-02    1.118189e+01    2.254141e-02
    1.191242e-02    1.123361e+01    2.267808e-02
    1.196741e-02    1.128557e+01    2.281592e-02
    1.202264e-02    1.133777e+01    2.295454e-02
    1.207814e-02    1.139021e+01    2.309399e-02
    1.213389e-02    1.144289e+01    2.323428e-02
    1.218990e-02    1.149582e+01    2.337542e-02
    1.224616e-02    1.154899e+01    2.351741e-02
    1.230269e-02    1.160240e+01    2.366031e-02
    1.235947e-02    1.165607e+01    2.380406e-02
    1.241652e-02    1.170998e+01    2.394863e-02
    1.247384e-02    1.176414e+01    2.409407e-02
    1.253141e-02    1.181856e+01    2.424060e-02
    1.258925e-02    1.187322e+01    2.438741e-02
    1.264736e-02    1.192814e+01    2.453556e-02
    1.270574e-02    1.198331e+01    2.468455e-02
    1.276439e-02    1.203874e+01    2.483454e-02
    1.282331e-02    1.209442e+01    2.498534e-02
    1.288250e-02    1.215036e+01    2.513709e-02
    1.294196e-02    1.220656e+01    2.528977e-02
    1.300170e-02    1.226302e+01    2.544332e-02
    1.306171e-02    1.231975e+01    2.559791e-02
    1.312200e-02    1.237673e+01    2.575331e-02
    1.318257e-02    1.243398e+01    2.590978e-02
    1.324342e-02    1.249149e+01    2.606714e-02
    1.330454e-02    1.254927e+01    2.622545e-02
    1.336596e-02    1.260732e+01    2.638472e-02
    1.342765e-02    1.266563e+01    2.654496e-02
    1.348963e-02    1.272422e+01    2.670623e-02
    1.355189e-02    1.278307e+01    2.686842e-02
    1.361445e-02    1.284220e+01    2.703159e-02
    1.367729e-02    1.290161e+01    2.719582e-02
    1.374042e-02    1.296128e+01    2.736099e-02
    1.380384e-02    1.302124e+01    2.752716e-02
    1.386756e-02    1.308147e+01    2.769440e-02
    1.393157e-02    1.314198e+01    2.786267e-02
    1.399587e-02    1.320277e+01    2.803196e-02
    1.406048e-02    1.326384e+01    2.820222e-02
    1.412538e-02    1.332520e+01    2.837352e-02
    1.419058e-02    1.338683e+01    2.854593e-02
    1.425608e-02    1.344876e+01    2.871939e-02
    1.432188e-02    1.351097e+01    2.889392e-02
    1.438799e-02    1.357347e+01    2.906976e-02
    1.445440e-02    1.363625e+01    2.924633e-02
    1.452112e-02    1.369933e+01    2.942408e-02
    1.458814e-02    1.376270e+01    2.960286e-02
    1.465548e-02    1.382636e+01    2.978285e-02
    1.472313e-02    1.389032e+01    2.996389e-02
    1.479108e-02    1.395458e+01    3.014605e-02
    1.485936e-02    1.401913e+01    3.032932e-02
    1.492794e-02    1.408398e+01    3.051378e-02
    1.499685e-02    1.414913e+01    3.069932e-02
    1.506607e-02    1.421458e+01    3.088600e-02
    1.513561e-02    1.428034e+01    3.107383e-02
    1.520548e-02    1.434640e+01    3.126173e-02
    1.527566e-02    1.441276e+01    3.145318e-02
    1.534617e-02    1.447943e+01    3.164451e-02
    1.541700e-02    1.454642e+01    3.183702e-02
    1.548817e-02    1.461371e+01    3.203079e-02
    1.555966e-02    1.468131e+01    3.222576e-02
    1.563148e-02    1.474922e+01    3.242188e-02
    1.570363e-02    1.481745e+01    3.261921e-02
    1.577611e-02    1.488600e+01    3.281790e-02
    1.584893e-02    1.495486e+01    3.301862e-02
    1.592209e-02    1.502405e+01    3.321886e-02
    1.599558e-02    1.509355e+01    3.342121e-02
    1.606941e-02    1.516337e+01    3.362476e-02
    1.614359e-02    1.523352e+01    3.382971e-02
    1.621810e-02    1.530399e+01    3.403580e-02
    1.629296e-02    1.537479e+01    3.424332e-02
    1.636817e-02    1.544592e+01    3.445192e-02
    1.644372e-02    1.551737e+01    3.466219e-02
    1.651962e-02    1.558916e+01    3.487349e-02
    1.659587e-02    1.566128e+01    3.508626e-02
    1.667247e-02    1.573373e+01    3.530030e-02
    1.674943e-02    1.580652e+01    3.551568e-02
    1.682674e-02    1.587964e+01    3.573246e-02
    1.690441e-02    1.595310e+01    3.595057e-02
    1.698244e-02    1.602691e+01    3.617012e-02
    1.706082e-02    1.610105e+01    3.639098e-02
    1.713957e-02    1.617554e+01    3.661325e-02
    1.721869e-02    1.625037e+01    3.683812e-02
    1.729816e-02    1.632555e+01    3.706203e-02
    1.737801e-02    1.640108e+01    3.728862e-02
    1.745822e-02    1.647696e+01    3.751665e-02
    1.753881e-02    1.655319e+01    3.774612e-02
    1.761976e-02    1.662977e+01    3.797693e-02
    1.770109e-02    1.670671e+01    3.820934e-02
    1.778279e-02    1.678400e+01    3.844323e-02
    1.786488e-02    1.686165e+01    3.867862e-02
    1.794734e-02    1.693966e+01    3.891551e-02
    1.803018e-02    1.701803e+01    3.915378e-02
    1.811340e-02    1.709676e+01    3.939372e-02
    1.819701e-02    1.717586e+01    3.963520e-02
    1.828100e-02    1.725533e+01    3.987823e-02
    1.836538e-02    1.733516e+01    4.012275e-02
    1.845015e-02    1.741536e+01    4.036893e-02
    1.853532e-02    1.749593e+01    4.061669e-02
    1.862087e-02    1.757688e+01    4.086613e-02
    1.870682e-02    1.765820e+01    4.111695e-02
    1.879317e-02    1.773990e+01    4.136956e-02
    1.887991e-02    1.782197e+01    4.162381e-02
    1.896706e-02    1.790443e+01    4.187979e-02
    1.905461e-02    1.798727e+01    4.213726e-02
    1.914256e-02    1.807049e+01    4.239651e-02
    1.923092e-02    1.815410e+01    4.265746e-02
    1.931968e-02    1.823809e+01    4.292042e-02
    1.940886e-02    1.832247e+01    4.318445e-02
    1.949845e-02    1.840725e+01    4.345056e-02
    1.958845e-02    1.849241e+01    4.371857e-02
    1.967886e-02    1.857797e+01    4.398799e-02
    1.976970e-02    1.866393e+01    4.425947e-02
    1.986095e-02    1.875029e+01    4.453274e-02
    1.995262e-02    1.883704e+01    4.480644e-02
    2.004472e-02    1.892420e+01    4.508451e-02
    2.013724e-02    1.901176e+01    4.536317e-02
    2.023019e-02    1.909972e+01    4.564377e-02
    2.032357e-02    1.918809e+01    4.592600e-02
    2.041738e-02    1.927688e+01    4.621035e-02
    2.051162e-02    1.936607e+01    4.649661e-02
    2.060630e-02    1.945567e+01    4.678453e-02
    2.070141e-02    1.954570e+01    4.707463e-02
    2.079697e-02    1.963613e+01    4.736676e-02
    2.089296e-02    1.972699e+01    4.766044e-02
    2.098940e-02    1.981827e+01    4.795652e-02
    2.108628e-02    1.990997e+01    4.825445e-02
    2.118361e-02    2.000209e+01    4.855427e-02
    2.128139e-02    2.009464e+01    4.885633e-02
    2.137962e-02    2.018762e+01    4.916044e-02
    2.147830e-02    2.028103e+01    4.946641e-02
    2.157744e-02    2.037488e+01    4.977468e-02
    2.167704e-02    2.046915e+01    5.008506e-02
    2.177710e-02    2.056387e+01    5.039734e-02
    2.187762e-02    2.065902e+01    5.071199e-02
    2.197860e-02    2.075462e+01    5.102881e-02
    2.208005e-02    2.085065e+01    5.134757e-02
    2.218196e-02    2.094713e+01    5.166886e-02
    2.228435e-02    2.104406e+01    5.199237e-02
    2.238721e-02    2.114144e+01    5.231762e-02
    2.249055e-02    2.123927e+01    5.264564e-02
    2.259436e-02    2.133755e+01    5.297595e-02
    2.269865e-02    2.143628e+01    5.330820e-02
    2.280342e-02    2.153548e+01    5.364314e-02
    2.290868e-02    2.163513e+01    5.398110e-02
    2.301442e-02    2.173524e+01    5.431954e-02
    2.312065e-02    2.183582e+01    5.466159e-02
    2.322737e-02    2.193687e+01    5.500567e-02
    2.333458e-02    2.203838e+01    5.535257e-02
    2.344229e-02    2.214036e+01    5.570193e-02
    2.355049e-02    2.224281e+01    5.605337e-02
    2.365920e-02    2.234574e+01    5.640772e-02
    2.376840e-02    2.244915e+01    5.676410e-02
    2.387811e-02    2.255303e+01    5.712362e-02
    2.398833e-02    2.265740e+01    5.748564e-02
    2.409905e-02    2.276225e+01    5.784981e-02
    2.421029e-02    2.286758e+01    5.821707e-02
    2.432204e-02    2.297341e+01    5.858698e-02
    2.443431e-02    2.307972e+01    5.895910e-02
    2.454709e-02    2.318653e+01    5.933439e-02
    2.466039e-02    2.329383e+01    5.971194e-02
    2.477422e-02    2.340162e+01    6.009272e-02
    2.488857e-02    2.350992e+01    6.047647e-02
    2.500345e-02    2.361872e+01    6.086218e-02
    2.511886e-02    2.372802e+01    6.125159e-02
    2.523481e-02    2.383783e+01    6.164308e-02
    2.535129e-02    2.394815e+01    6.203817e-02
    2.546830e-02    2.405898e+01    6.243628e-02
    2.558586e-02    2.417032e+01    6.283646e-02
    2.570396e-02    2.428218e+01    6.324051e-02
    2.582260e-02    2.439455e+01    6.364684e-02
    2.594179e-02    2.450745e+01    6.405680e-02
    2.606154e-02    2.462087e+01    6.447000e-02
    2.618183e-02    2.473481e+01    6.488556e-02
    2.630268e-02    2.484929e+01    6.530494e-02
    2.642409e-02    2.496429e+01    6.572670e-02
    2.654606e-02    2.507982e+01    6.615256e-02
    2.666859e-02    2.519590e+01    6.658166e-02
    2.679168e-02    2.531250e+01    6.701322e-02
    2.691535e-02    2.542965e+01    6.744891e-02
    2.703958e-02    2.554735e+01    6.788694e-02
    2.716439e-02    2.566558e+01    6.832936e-02
    2.728978e-02    2.578437e+01    6.877433e-02
    2.741574e-02    2.590370e+01    6.922363e-02
    2.754229e-02    2.602359e+01    6.967642e-02
    2.766942e-02    2.614404e+01    7.013184e-02
    2.779713e-02    2.626504e+01    7.059173e-02
    2.792544e-02    2.638660e+01    7.105431e-02
    2.805434e-02    2.650873e+01    7.152145e-02
    2.818383e-02    2.663142e+01    7.199227e-02
    2.831392e-02    2.675468e+01    7.246588e-02
    2.844461e-02    2.687851e+01    7.294420e-02
    2.857591e-02    2.700292e+01    7.342535e-02
    2.870781e-02    2.712790e+01    7.391141e-02
    2.884032e-02    2.725346e+01    7.440137e-02
    2.897344e-02    2.737960e+01    7.489418e-02
    2.910717e-02    2.750633e+01    7.539197e-02
    2.924152e-02    2.763364e+01    7.589275e-02
    2.937650e-02    2.776155e+01    7.639872e-02
    2.951209e-02    2.789005e+01    7.690881e-02
    2.964831e-02    2.801914e+01    7.742191e-02
    2.978516e-02    2.814883e+01    7.794038e-02
    2.992265e-02    2.827912e+01    7.846407e-02
    3.006076e-02    2.841002e+01    7.898895e-02
    3.019952e-02    2.854152e+01    7.952042e-02
    3.033891e-02    2.867363e+01    8.005499e-02
    3.047895e-02    2.880636e+01    8.059525e-02
    3.061963e-02    2.893970e+01    8.114002e-02
    3.076097e-02    2.907366e+01    8.168809e-02
    3.090295e-02    2.920824e+01    8.224212e-02
    3.104560e-02    2.934344e+01    8.280082e-02
    3.118890e-02    2.947927e+01    8.336287e-02
    3.133286e-02    2.961573e+01    8.393108e-02
    3.147748e-02    2.975282e+01    8.450413e-02
    3.162278e-02    2.989054e+01    8.508065e-02
    3.176874e-02    3.002891e+01    8.566355e-02
    3.191538e-02    3.016792e+01    8.625153e-02
    3.206269e-02    3.030757e+01    8.684314e-02
    3.221069e-02    3.044787e+01    8.744126e-02
    3.235937e-02    3.058881e+01    8.804220e-02
    3.250873e-02    3.073042e+01    8.865167e-02
    3.265878e-02    3.087267e+01    8.926572e-02
    3.280953e-02    3.101559e+01    8.988502e-02
    3.296097e-02    3.115917e+01    9.050822e-02
    3.311311e-02    3.130342e+01    9.113864e-02
    3.326596e-02    3.144834e+01    9.177451e-02
    3.341950e-02    3.159392e+01    9.241647e-02
    3.357376e-02    3.174018e+01    9.306185e-02
    3.372873e-02    3.188712e+01    9.371505e-02
    3.388442e-02    3.203475e+01    9.437399e-02
    3.404082e-02    3.218305e+01    9.503682e-02
    3.419794e-02    3.233205e+01    9.570834e-02
    3.435579e-02    3.248173e+01    9.638543e-02
    3.451437e-02    3.263211e+01    9.706875e-02
    3.467369e-02    3.278319e+01    9.775834e-02
    3.483373e-02    3.293496e+01    9.845246e-02
    3.499452e-02    3.308744e+01    9.915479e-02
    3.515604e-02    3.324063e+01    9.986355e-02
    3.531832e-02    3.339453e+01    1.005790e-01
    3.548134e-02    3.354914e+01    1.013011e-01
    3.564511e-02    3.370447e+01    1.020300e-01
    3.580964e-02    3.386052e+01    1.027657e-01
    3.597493e-02    3.401729e+01    1.035064e-01
    3.614099e-02    3.417479e+01    1.042560e-01
    3.630781e-02    3.433302e+01    1.050128e-01
    3.647539e-02    3.449198e+01    1.057768e-01
    3.664376e-02    3.465169e+01    1.065481e-01
    3.681290e-02    3.481213e+01    1.073267e-01
    3.698282e-02    3.497332e+01    1.081129e-01
    3.715352e-02    3.513525e+01    1.089067e-01
    3.732502e-02    3.529794e+01    1.097082e-01
    3.749730e-02    3.546138e+01    1.105175e-01
    3.767038e-02    3.562558e+01    1.113347e-01
    3.784426e-02    3.579054e+01    1.121599e-01
    3.801894e-02    3.595626e+01    1.129931e-01
    3.819443e-02    3.612276e+01    1.138347e-01
    3.837072e-02    3.629002e+01    1.146846e-01
    3.854784e-02    3.645807e+01    1.155429e-01
    4.268730e-02    4.038863e+01    1.155325e-01
    4.370168e-02    4.135119e+01    1.200540e-01
    4.474042e-02    4.233697e+01    1.248327e-01
    4.580411e-02    4.334655e+01    1.298878e-01
    4.689336e-02    4.438051e+01    1.352405e-01
    4.800877e-02    4.543943e+01    1.409136e-01
    4.915099e-02    4.652393e+01    1.469319e-01
    5.032065e-02    4.763466e+01    1.533220e-01
    5.151843e-02    4.877224e+01    1.601127e-01
    5.274501e-02    4.993733e+01    1.673352e-01
    5.400108e-02    5.113060e+01    1.750233e-01
    5.528734e-02    5.235277e+01    1.832133e-01
    5.660454e-02    5.360452e+01    1.919447e-01
    5.795341e-02    5.488658e+01    2.012599e-01
    5.933473e-02    5.619971e+01    2.112049e-01
    6.074927e-02    5.754467e+01    2.218293e-01
    6.219784e-02    5.892225e+01    2.331866e-01
    6.368125e-02    6.033324e+01    2.453346e-01
    6.520035e-02    6.177849e+01    2.583357e-01
    6.675600e-02    6.325882e+01    2.722572e-01
    6.834908e-02    6.477512e+01    2.871718e-01
    6.998049e-02    6.632826e+01    3.031577e-01
    7.165116e-02    6.791916e+01    3.202993e-01
    7.336202e-02    6.954879e+01    3.386878e-01
    7.511405e-02    7.121807e+01    3.584211e-01
    7.690823e-02    7.292801e+01    3.796054e-01
    7.874560e-02    7.467961e+01    4.023542e-01
    8.062717e-02    7.647393e+01    4.267906e-01
    8.255401e-02    7.831204e+01    4.530467e-01
    8.452723e-02    8.019502e+01    4.812650e-01
    8.654794e-02    8.212402e+01    5.115987e-01
    8.861726e-02    8.410019e+01    5.442131e-01
    9.073638e-02    8.612471e+01    5.792856e-01
    9.290649e-02    8.819884e+01    6.170076e-01
    9.512883e-02    9.032379e+01    6.575847e-01
    9.740464e-02    9.250089e+01    7.012380e-01
    9.973522e-02    9.473148e+01    7.482058e-01
    1.021219e-01    9.701689e+01    7.987437e-01
    1.045660e-01    9.935858e+01    8.531270e-01
    1.070689e-01    1.017579e+02    9.116515e-01
    1.083428e-01    1.029798e+02    9.425652e-01
    1.096321e-01    1.042166e+02    9.746351e-01
    1.109367e-01    1.054684e+02    1.007905e+00
    1.122568e-01    1.067359e+02    1.042419e+00
    1.135933e-01    1.080191e+02    1.078210e+00
    1.149519e-01    1.093242e+02    1.115085e+00
    1.163309e-01    1.106493e+02    1.153194e+00
    1.177290e-01    1.119933e+02    1.192643e+00
    1.191463e-01    1.133561e+02    1.233513e+00
    1.205825e-01    1.147375e+02    1.275874e+00
    1.220376e-01    1.161377e+02    1.319799e+00
    1.235117e-01    1.175568e+02    1.365355e+00
    1.250048e-01    1.189948e+02    1.412615e+00
    1.265173e-01    1.204519e+02    1.461649e+00
    1.280492e-01    1.219285e+02    1.512533e+00
    1.296007e-01    1.234244e+02    1.565342e+00
    1.311720e-01    1.249401e+02    1.620156e+00
    1.327631e-01    1.264756e+02    1.677053e+00
    1.343745e-01    1.280314e+02    1.736121e+00
    1.360063e-01    1.296076e+02    1.797442e+00
    1.376586e-01    1.312043e+02    1.861107e+00
    1.393317e-01    1.328220e+02    1.927209e+00
    1.410258e-01    1.344608e+02    1.995842e+00
    1.427412e-01    1.361211e+02    2.067107e+00
    1.444780e-01    1.378031e+02    2.141107e+00
    1.462366e-01    1.395069e+02    2.217945e+00
    1.480172e-01    1.412331e+02    2.297734e+00
    1.498201e-01    1.429817e+02    2.380586e+00
    1.516454e-01    1.447533e+02    2.466621e+00
    1.534935e-01    1.465480e+02    2.555959e+00
    1.553645e-01    1.483661e+02    2.648728e+00
    1.572589e-01    1.502079e+02    2.745059e+00
    1.591769e-01    1.520740e+02    2.845088e+00
    1.611186e-01    1.539645e+02    2.948956e+00
    1.630845e-01    1.558797e+02    3.056810e+00
    1.650749e-01    1.578200e+02    3.168799e+00
    1.670898e-01    1.597859e+02    3.285081e+00
    1.691298e-01    1.617776e+02    3.405820e+00
    1.711952e-01    1.637955e+02    3.531181e+00
    1.732861e-01    1.658399e+02    3.661342e+00
    1.754030e-01    1.679115e+02    3.796481e+00
    1.775461e-01    1.700102e+02    3.936787e+00
    1.797158e-01    1.721368e+02    4.082453e+00
    1.819124e-01    1.742916e+02    4.233682e+00
    1.841361e-01    1.764749e+02    4.390681e+00
    1.863875e-01    1.786872e+02    4.553666e+00
    1.886668e-01    1.809291e+02    4.722863e+00
    1.909743e-01    1.832008e+02    4.898500e+00
    1.933105e-01    1.855029e+02    5.080821e+00
    1.956756e-01    1.878358e+02    5.270075e+00
    1.980700e-01    1.902000e+02    5.466518e+00
    2.004942e-01    1.925960e+02    5.670421e+00
    2.029484e-01    1.950242e+02    5.882057e+00
    2.054331e-01    1.974852e+02    6.101717e+00
    2.079487e-01    1.999796e+02    6.329698e+00
    2.104955e-01    2.025078e+02    6.566308e+00
    2.130739e-01    2.050703e+02    6.811868e+00
    2.156844e-01    2.076677e+02    7.066710e+00
    2.183274e-01    2.103008e+02    7.331176e+00
    2.210034e-01    2.129698e+02    7.605624e+00
    2.237126e-01    2.156755e+02    7.890422e+00
    2.264556e-01    2.184185e+02    8.185954e+00
    2.292328e-01    2.211994e+02    8.492617e+00
    2.320447e-01    2.240188e+02    8.810821e+00
    2.348917e-01    2.268774e+02    9.140993e+00
    2.377743e-01    2.297760e+02    9.483574e+00
    2.406930e-01    2.327150e+02    9.839024e+00
    2.436481e-01    2.356953e+02    1.020782e+01
    2.466404e-01    2.387177e+02    1.059045e+01
    2.496702e-01    2.417826e+02    1.098742e+01
    2.527381e-01    2.448911e+02    1.139927e+01
    2.558445e-01    2.480437e+02    1.182655e+01
    2.589900e-01    2.512415e+02    1.226982e+01
    2.621751e-01    2.544850e+02    1.272967e+01
    2.654005e-01    2.577753e+02    1.320672e+01
    2.686666e-01    2.611130e+02    1.370160e+01
    2.719740e-01    2.644993e+02    1.421496e+01
    2.753232e-01    2.679349e+02    1.474750e+01
    2.787151e-01    2.714207e+02    1.529992e+01
    2.821500e-01    2.749577e+02    1.587296e+01
    2.856286e-01    2.785470e+02    1.646737e+01
    2.891515e-01    2.821895e+02    1.708394e+01
    2.927193e-01    2.858861e+02    1.772351e+01
    2.963329e-01    2.896381e+02    1.838691e+01
    2.999926e-01    2.934466e+02    1.907504e+01
    3.036994e-01    2.973125e+02    1.978880e+01
    3.074537e-01    3.012370e+02    2.052915e+01
    3.112565e-01    3.052215e+02    2.129707e+01
    3.151083e-01    3.092671e+02    2.209360e+01
    3.190100e-01    3.133750e+02    2.291979e+01
    3.229621e-01    3.175465e+02    2.377675e+01
    3.269656e-01    3.217831e+02    2.466562e+01
    3.310212e-01    3.260861e+02    2.558760e+01
    3.351298e-01    3.304569e+02    2.654391e+01
    3.392920e-01    3.348969e+02    2.753585e+01
    3.435088e-01    3.394076e+02    2.856475e+01
    3.477810e-01    3.439907e+02    2.963199e+01
    3.521096e-01    3.486478e+02    3.073900e+01
    3.564953e-01    3.533803e+02    3.188730e+01
    3.609392e-01    3.581901e+02    3.307843e+01
    3.654420e-01    3.630790e+02    3.431399e+01
    3.700048e-01    3.680487e+02    3.559567e+01
    3.746286e-01    3.731011e+02    3.692523e+01
    3.793145e-01    3.782382e+02    3.830446e+01
    3.840632e-01    3.834620e+02    3.973525e+01
    3.888761e-01    3.887744e+02    4.121956e+01
    3.937541e-01    3.941778e+02    4.275943e+01
    3.986983e-01    3.996742e+02    4.435699e+01
    4.037098e-01    4.052659e+02    4.601443e+01
    4.087900e-01    4.109554e+02    4.773406e+01
    4.139397e-01    4.167449e+02    4.951827e+01
    4.191605e-01    4.226372e+02    5.136953e+01
    4.244534e-01    4.286348e+02    5.329045e+01
    4.298199e-01    4.347402e+02    5.528370e+01
    4.352611e-01    4.409565e+02    5.735210e+01
    4.407783e-01    4.472867e+02    5.949858e+01
    4.463733e-01    4.537334e+02    6.172617e+01
    4.520471e-01    4.602999e+02    6.403805e+01
    4.578013e-01    4.669895e+02    6.643752e+01
    4.636375e-01    4.738055e+02    6.892804e+01
    4.695571e-01    4.807514e+02    7.151318e+01
    4.755618e-01    4.878307e+02    7.419670e+01
    4.816532e-01    4.950473e+02    7.698249e+01
    4.878329e-01    5.024051e+02    7.987464e+01
    4.941028e-01    5.099079e+02    8.287739e+01
    5.004644e-01    5.175600e+02    8.599517e+01
    5.069198e-01    5.253659e+02    8.923261e+01
    5.134709e-01    5.333300e+02    9.259455e+01
    5.201193e-01    5.414570e+02    9.608602e+01
    5.268673e-01    5.497517e+02    9.971230e+01
    5.337169e-01    5.582194e+02    1.034788e+02
    5.406700e-01    5.668652e+02    1.073915e+02
    5.477291e-01    5.756947e+02    1.114562e+02
    5.548962e-01    5.847136e+02    1.156793e+02
    5.621737e-01    5.939277e+02    1.200672e+02
    5.695639e-01    6.033435e+02    1.246270e+02
    5.770693e-01    6.129673e+02    1.293656e+02
    5.846924e-01    6.228058e+02    1.342908e+02
    5.924359e-01    6.328661e+02    1.394102e+02
    6.003023e-01    6.431555e+02    1.447323e+02
    6.082945e-01    6.536816e+02    1.502655e+02
    6.164153e-01    6.644524e+02    1.560189e+02
    6.246675e-01    6.754763e+02    1.620019e+02
    6.330543e-01    6.867618e+02    1.682246e+02
    6.415788e-01    6.983179e+02    1.746971e+02
    6.502442e-01    7.101541e+02    1.814304e+02
    6.590537e-01    7.222803e+02    1.884359e+02
    6.680107e-01    7.347068e+02    1.957256e+02
    6.771188e-01    7.474442e+02    2.033119e+02
    6.863816e-01    7.605039e+02    2.112080e+02
    6.958028e-01    7.738975e+02    2.194277e+02
    7.053864e-01    7.876373e+02    2.279855e+02
    7.151360e-01    8.017361e+02    2.368966e+02
    7.250560e-01    8.162071e+02    2.461769e+02
    7.351503e-01    8.310645e+02    2.558431e+02
    7.454234e-01    8.463229e+02    2.659129e+02
    7.558796e-01    8.619976e+02    2.764045e+02
    7.665236e-01    8.781043e+02    2.873376e+02
    7.773600e-01    8.946600e+02    2.987322e+02
    7.883935e-01    9.116821e+02    3.106100e+02
    7.996291e-01    9.291888e+02    3.229933e+02
    8.110718e-01    9.471991e+02    3.359056e+02
    8.227268e-01    9.657331e+02    3.493719e+02
    8.345995e-01    9.848116e+02    3.634179e+02
    8.466950e-01    1.004456e+03    3.780711e+02
    8.590192e-01    1.024690e+03    3.933603e+02
    8.715776e-01    1.045537e+03    4.093155e+02
    8.843759e-01    1.067021e+03    4.259684e+02
    8.974200e-01    1.089169e+03    4.433522e+02
    9.107159e-01    1.112007e+03    4.615018e+02
    9.242697e-01    1.135565e+03    4.804539e+02
    9.380875e-01    1.159872e+03    5.002467e+02
    9.521757e-01    1.184957e+03    5.209207e+02
    9.665405e-01    1.210853e+03    5.425179e+02
    9.811882e-01    1.237595e+03    5.650829e+02
    9.961253e-01    1.265216e+03    5.886618e+02
    1.011358e+00    1.293752e+03    6.133033e+02
    1.026894e+00    1.323243e+03    6.390583e+02
    1.042738e+00    1.353726e+03    6.659799e+02
    1.058898e+00    1.385241e+03    6.941238e+02
    1.075379e+00    1.417833e+03    7.235482e+02
    1.092188e+00    1.451544e+03    7.543135e+02
    1.109332e+00    1.486419e+03    7.864833e+02
    1.126817e+00    1.522506e+03    8.201237e+02
    1.144649e+00    1.559855e+03    8.553034e+02
    1.162834e+00    1.598513e+03    8.920942e+02
    1.181378e+00    1.638535e+03    9.305705e+02
    1.200286e+00    1.679973e+03    9.708099e+02
    1.219565e+00    1.722884e+03    1.012893e+03
    1.239219e+00    1.767324e+03    1.056903e+03
    1.259254e+00    1.813352e+03    1.102927e+03
    1.279674e+00    1.861029e+03    1.151056e+03
    1.300484e+00    1.910417e+03    1.201380e+03
    1.321689e+00    1.961580e+03    1.253997e+03
    1.343292e+00    2.014584e+03    1.309005e+03
    1.365296e+00    2.069496e+03    1.366508e+03
    1.387707e+00    2.126384e+03    1.426611e+03
    1.410526e+00    2.185321e+03    1.489423e+03
    1.433757e+00    2.246377e+03    1.555055e+03
    1.457402e+00    2.309627e+03    1.623625e+03
    1.481463e+00    2.375149e+03    1.695249e+03
    1.505942e+00    2.443018e+03    1.770050e+03
