    3.000000e-04    2.813900e-01    4.500000e-04
    4.000000e-04    3.753200e-01    5.100000e-04
    5.000000e-04    4.692500e-01    5.700000e-04
    6.000000e-04    5.631800e-01    6.400000e-04
    7.000000e-04    6.571100e-01    7.100000e-04
    8.000000e-04    7.510400e-01    7.800000e-04
    9.000000e-04    8.451600e-01    8.500000e-04
    1.000000e-03    9.390900e-01    9.200000e-04
    1.500000e-03    1.409130e+00    1.330000e-03
    2.000000e-03    1.879370e+00    1.760000e-03
    2.500000e-03    2.349810e+00    2.220000e-03
    3.000000e-03    2.820240e+00    2.690000e-03
    3.500000e-03    3.290870e+00    3.170000e-03
    4.000000e-03    3.761310e+00    3.660000e-03
    4.500000e-03    4.232140e+00    4.160000e-03
    5.000000e-03    4.702770e+00    4.640000e-03
    5.500000e-03    5.173600e+00    5.140000e-03
    6.000000e-03    5.644430e+00    5.630000e-03
    6.500000e-03    6.115260e+00    6.110000e-03
    7.000000e-03    6.586090e+00    6.590000e-03
    7.500000e-03    7.057110e+00    7.080000e-03
    8.000000e-03    7.527940e+00    7.570000e-03
    8.500000e-03    7.998970e+00    8.040000e-03
    9.000000e-03    8.470000e+00    8.520000e-03
    9.500000e-03    8.941020e+00    9.000000e-03
    1.000000e-02    9.412050e+00    9.470000e-03
    1.200000e-02    1.130385e+01    1.159000e-02
    1.400000e-02    1.318993e+01    1.365000e-02
    1.600000e-02    1.507621e+01    1.592000e-02
    1.800000e-02    1.696288e+01    1.852000e-02
    2.000000e-02    1.884995e+01    2.155000e-02
    2.200000e-02    2.073721e+01    2.516000e-02
    2.400000e-02    2.262487e+01    2.941000e-02
    2.600000e-02    2.451292e+01    3.444000e-02
    2.800000e-02    2.640137e+01    4.034000e-02
    3.000000e-02    2.829041e+01    4.723000e-02
    3.200000e-02    3.017985e+01    5.520000e-02
    3.400000e-02    3.206987e+01    6.441000e-02
    3.600000e-02    3.396030e+01    7.483000e-02
    3.800000e-02    3.585151e+01    8.661000e-02
    4.000000e-02    3.774331e+01    9.981000e-02
    4.200000e-02    3.963590e+01    1.145200e-01
    4.400000e-02    4.152909e+01    1.308800e-01
    4.600000e-02    4.342306e+01    1.487800e-01
    4.800000e-02    4.531802e+01    1.683900e-01
    5.000000e-02    4.721357e+01    1.897000e-01
    5.200000e-02    4.911011e+01    2.127700e-01
    5.400000e-02    5.100763e+01    2.377000e-01
    5.600000e-02    5.290615e+01    2.642700e-01
    5.800000e-02    5.480564e+01    2.925400e-01
    5.900000e-02    5.566175e+01    3.050768e-01
    6.000000e-02    5.661048e+01    3.211217e-01
    6.100000e-02    5.755948e+01    3.377272e-01
    6.200000e-02    5.850875e+01    3.549009e-01
    6.300000e-02    5.945830e+01    3.726505e-01
    6.400000e-02    6.040815e+01    3.909833e-01
    6.500000e-02    6.135828e+01    4.099067e-01
    6.600000e-02    6.230871e+01    4.294279e-01
    6.700000e-02    6.325944e+01    4.495540e-01
    6.800000e-02    6.421047e+01    4.702920e-01
    6.900000e-02    6.516181e+01    4.916489e-01
    7.000000e-02    6.611347e+01    5.136314e-01
    7.100000e-02    6.706545e+01    5.362462e-01
    7.200000e-02    6.801774e+01    5.595000e-01
    7.300000e-02    6.897037e+01    5.833994e-01
    7.400000e-02    6.992333e+01    6.079507e-01
    7.500000e-02    7.087662e+01    6.331602e-01
    7.600000e-02    7.183026e+01    6.590343e-01
    7.700000e-02    7.278424e+01    6.855792e-01
    7.800000e-02    7.373857e+01    7.128009e-01
    7.900000e-02    7.469325e+01    7.407055e-01
    8.000000e-02    7.564829e+01    7.692990e-01
    8.100000e-02    7.660369e+01    7.985871e-01
    8.200000e-02    7.755946e+01    8.285758e-01
    8.300000e-02    7.851559e+01    8.592707e-01
    8.400000e-02    7.947211e+01    8.906775e-01
    8.500000e-02    8.042899e+01    9.228020e-01
    8.600000e-02    8.138627e+01    9.556495e-01
    8.700000e-02    8.234392e+01    9.892256e-01
    8.800000e-02    8.330197e+01    1.023536e+00
    8.900000e-02    8.426041e+01    1.058585e+00
    9.000000e-02    8.521925e+01    1.094380e+00
    9.100000e-02    8.617850e+01    1.130924e+00
    9.200000e-02    8.713814e+01    1.168223e+00
    9.300000e-02    8.809820e+01    1.206283e+00
    9.400000e-02    8.905867e+01    1.245109e+00
    9.500000e-02    9.001956e+01    1.284705e+00
    9.600000e-02    9.098087e+01    1.325076e+00
    9.700000e-02    9.194260e+01    1.366229e+00
    9.800000e-02    9.290476e+01    1.408167e+00
    9.900000e-02    9.386736e+01    1.450895e+00
    1.000000e-01    9.483039e+01    1.494419e+00
    1.010000e-01    9.579385e+01    1.538744e+00
    1.020000e-01    9.675776e+01    1.583873e+00
    1.030000e-01    9.772212e+01    1.629812e+00
    1.040000e-01    9.868693e+01    1.676567e+00
    1.050000e-01    9.965219e+01    1.724140e+00
    1.060000e-01    1.006179e+02    1.772538e+00
    1.070000e-01    1.015841e+02    1.821764e+00
    1.080000e-01    1.025507e+02    1.871824e+00
    1.090000e-01    1.035178e+02    1.922722e+00
    1.100000e-01    1.044854e+02    1.973870e+00
    1.110000e-01    1.054535e+02    2.025170e+00
    1.120000e-01    1.064220e+02    2.076915e+00
    1.130000e-01    1.073909e+02    2.129192e+00
    1.140000e-01    1.083604e+02    2.182050e+00
    1.150000e-01    1.093303e+02    2.235523e+00
    1.160000e-01    1.103007e+02    2.289636e+00
    1.170000e-01    1.112715e+02    2.344409e+00
    1.180000e-01    1.122428e+02    2.399859e+00
    1.190000e-01    1.132146e+02    2.456000e+00
    1.200000e-01    1.141869e+02    2.512845e+00
    1.210000e-01    1.151596e+02    2.570405e+00
    1.220000e-01    1.161328e+02    2.628691e+00
    1.230000e-01    1.171065e+02    2.687713e+00
    1.240000e-01    1.180807e+02    2.747479e+00
    1.250000e-01    1.190553e+02    2.807997e+00
    1.260000e-01    1.200305e+02    2.869277e+00
    1.270000e-01    1.210061e+02    2.931326e+00
    1.280000e-01    1.219823e+02    2.994151e+00
    1.290000e-01    1.229589e+02    3.057760e+00
    1.300000e-01    1.239360e+02    3.122158e+00
    1.310000e-01    1.249136e+02    3.187355e+00
    1.320000e-01    1.258918e+02    3.253355e+00
    1.330000e-01    1.268704e+02    3.320165e+00
    1.340000e-01    1.278495e+02    3.387793e+00
    1.350000e-01    1.288291e+02    3.456243e+00
    1.360000e-01    1.298093e+02    3.525523e+00
    1.370000e-01    1.307899e+02    3.595638e+00
    1.380000e-01    1.317711e+02    3.666595e+00
    1.390000e-01    1.327528e+02    3.738399e+00
    1.400000e-01    1.337350e+02    3.811057e+00
    1.410000e-01    1.347178e+02    3.884574e+00
    1.420000e-01    1.357010e+02    3.958956e+00
    1.430000e-01    1.366848e+02    4.034209e+00
    1.440000e-01    1.376691e+02    4.110338e+00
    1.450000e-01    1.386540e+02    4.187350e+00
    1.460000e-01    1.396393e+02    4.265250e+00
    1.470000e-01    1.406253e+02    4.344044e+00
    1.480000e-01    1.416117e+02    4.423737e+00
    1.490000e-01    1.425987e+02    4.504335e+00
    1.500000e-01    1.435863e+02    4.585844e+00
    1.510000e-01    1.445743e+02    4.668270e+00
    1.520000e-01    1.455630e+02    4.751617e+00
    1.530000e-01    1.465522e+02    4.835892e+00
    1.540000e-01    1.475419e+02    4.921100e+00
    1.550000e-01    1.485322e+02    5.007246e+00
    1.560000e-01    1.495231e+02    5.094337e+00
    1.570000e-01    1.505145e+02    5.182377e+00
    1.580000e-01    1.515065e+02    5.271373e+00
    1.590000e-01    1.524990e+02    5.361329e+00
    1.600000e-01    1.534921e+02    5.452252e+00
    1.610000e-01    1.544858e+02    5.544147e+00
    1.620000e-01    1.554801e+02    5.637019e+00
    1.630000e-01    1.564749e+02    5.730875e+00
    1.640000e-01    1.574703e+02    5.825718e+00
    1.650000e-01    1.584663e+02    5.921556e+00
    1.660000e-01    1.594629e+02    6.018393e+00
    1.670000e-01    1.604601e+02    6.116235e+00
    1.680000e-01    1.614578e+02    6.215088e+00
    1.690000e-01    1.624562e+02    6.314957e+00
    1.700000e-01    1.634551e+02    6.415847e+00
    1.710000e-01    1.644547e+02    6.517764e+00
    1.720000e-01    1.654548e+02    6.620714e+00
    1.730000e-01    1.664556e+02    6.724701e+00
    1.740000e-01    1.674569e+02    6.829733e+00
    1.750000e-01    1.684588e+02    6.935813e+00
    1.760000e-01    1.694614e+02    7.042947e+00
    1.770000e-01    1.704646e+02    7.151141e+00
    1.780000e-01    1.714684e+02    7.260401e+00
    1.790000e-01    1.724728e+02    7.370731e+00
    1.800000e-01    1.734778e+02    7.482138e+00
    1.810000e-01    1.744834e+02    7.594626e+00
    1.820000e-01    1.754897e+02    7.708201e+00
    1.830000e-01    1.764966e+02    7.822868e+00
    1.840000e-01    1.775041e+02    7.938634e+00
    1.850000e-01    1.785123e+02    8.055503e+00
    1.860000e-01    1.795211e+02    8.173480e+00
    1.870000e-01    1.805305e+02    8.292572e+00
    1.880000e-01    1.815406e+02    8.412783e+00
    1.890000e-01    1.825513e+02    8.534118e+00
    1.900000e-01    1.835626e+02    8.656584e+00
    1.910000e-01    1.845746e+02    8.780185e+00
    1.920000e-01    1.855873e+02    8.904926e+00
    1.930000e-01    1.866006e+02    9.030814e+00
    1.940000e-01    1.876146e+02    9.157853e+00
    1.950000e-01    1.886292e+02    9.286048e+00
    1.960000e-01    1.896445e+02    9.415406e+00
    1.970000e-01    1.906604e+02    9.545930e+00
    1.980000e-01    1.916770e+02    9.677626e+00
    1.990000e-01    1.926943e+02    9.810499e+00
    2.000000e-01    1.937123e+02    9.944555e+00
    2.010000e-01    1.947309e+02    1.007980e+01
    2.020000e-01    1.957502e+02    1.021624e+01
    2.030000e-01    1.967701e+02    1.035387e+01
    2.040000e-01    1.977908e+02    1.049271e+01
    2.050000e-01    1.988121e+02    1.063275e+01
    2.060000e-01    1.998342e+02    1.077401e+01
    2.070000e-01    2.008569e+02    1.091648e+01
    2.080000e-01    2.018803e+02    1.106018e+01
    2.090000e-01    2.029044e+02    1.120511e+01
    2.100000e-01    2.039292e+02    1.135127e+01
    2.110000e-01    2.049547e+02    1.149866e+01
    2.120000e-01    2.059809e+02    1.164730e+01
    2.130000e-01    2.070078e+02    1.179719e+01
    2.140000e-01    2.080354e+02    1.194832e+01
    2.150000e-01    2.090637e+02    1.210072e+01
    2.160000e-01    2.100927e+02    1.225437e+01
    2.170000e-01    2.111225e+02    1.240929e+01
    2.180000e-01    2.121529e+02    1.256548e+01
    2.190000e-01    2.131841e+02    1.272295e+01
    2.200000e-01    2.142160e+02    1.288170e+01
    2.210000e-01    2.152486e+02    1.304173e+01
    2.220000e-01    2.162820e+02    1.320304e+01
    2.230000e-01    2.173161e+02    1.336566e+01
    2.240000e-01    2.183509e+02    1.352956e+01
    2.250000e-01    2.193864e+02    1.369478e+01
    2.260000e-01    2.204227e+02    1.386129e+01
    2.270000e-01    2.214597e+02    1.402912e+01
    2.280000e-01    2.224975e+02    1.419826e+01
    2.290000e-01    2.235360e+02    1.436872e+01
    2.300000e-01    2.245753e+02    1.454050e+01
    2.310000e-01    2.256153e+02    1.471361e+01
    2.320000e-01    2.266560e+02    1.488805e+01
    2.330000e-01    2.276976e+02    1.506382e+01
    2.340000e-01    2.287398e+02    1.524093e+01
    2.350000e-01    2.297829e+02    1.541939e+01
    2.360000e-01    2.308267e+02    1.559919e+01
    2.370000e-01    2.318712e+02    1.578034e+01
    2.380000e-01    2.329166e+02    1.596285e+01
    2.390000e-01    2.339626e+02    1.614671e+01
    2.400000e-01    2.350095e+02    1.633193e+01
    2.410000e-01    2.360572e+02    1.651852e+01
    2.420000e-01    2.371056e+02    1.670647e+01
    2.430000e-01    2.381548e+02    1.689580e+01
    2.440000e-01    2.392048e+02    1.708650e+01
    2.450000e-01    2.402555e+02    1.727858e+01
    2.460000e-01    2.413071e+02    1.747204e+01
    2.470000e-01    2.423594e+02    1.766688e+01
    2.480000e-01    2.434126e+02    1.786311e+01
    2.490000e-01    2.444665e+02    1.806073e+01
    2.500000e-01    2.455212e+02    1.825975e+01
    2.510000e-01    2.465767e+02    1.846016e+01
    2.520000e-01    2.476331e+02    1.866198e+01
    2.530000e-01    2.486902e+02    1.886519e+01
    2.540000e-01    2.497481e+02    1.906981e+01
    2.550000e-01    2.508069e+02    1.927584e+01
    2.560000e-01    2.518664e+02    1.948327e+01
    2.570000e-01    2.529268e+02    1.969212e+01
    2.580000e-01    2.539880e+02    1.990239e+01
    2.590000e-01    2.550500e+02    2.011407e+01
    2.600000e-01    2.561128e+02    2.032718e+01
    2.610000e-01    2.571764e+02    2.054171e+01
    2.620000e-01    2.582409e+02    2.075766e+01
    2.630000e-01    2.593062e+02    2.097504e+01
    2.640000e-01    2.603723e+02    2.119385e+01
    2.650000e-01    2.614393e+02    2.141409e+01
    2.660000e-01    2.625071e+02    2.163576e+01
    2.670000e-01    2.635757e+02    2.185887e+01
    2.680000e-01    2.646451e+02    2.208342e+01
    2.690000e-01    2.657155e+02    2.230940e+01
    2.700000e-01    2.667866e+02    2.253683e+01
    2.710000e-01    2.678586e+02    2.276569e+01
    2.720000e-01    2.689314e+02    2.299601e+01
    2.730000e-01    2.700051e+02    2.322777e+01
    2.740000e-01    2.710797e+02    2.346097e+01
    2.750000e-01    2.721550e+02    2.369562e+01
    2.760000e-01    2.732313e+02    2.393173e+01
    2.770000e-01    2.743084e+02    2.416928e+01
    2.780000e-01    2.753864e+02    2.440829e+01
    2.790000e-01    2.764652e+02    2.464875e+01
    2.800000e-01    2.775449e+02    2.489067e+01
    2.810000e-01    2.786255e+02    2.513404e+01
    2.820000e-01    2.797069e+02    2.537887e+01
    2.830000e-01    2.807892e+02    2.562515e+01
    2.840000e-01    2.818724e+02    2.587290e+01
    2.850000e-01    2.829564e+02    2.612210e+01
    2.860000e-01    2.840413e+02    2.637276e+01
    2.870000e-01    2.851271e+02    2.662488e+01
    2.880000e-01    2.862138e+02    2.687847e+01
    2.890000e-01    2.873014e+02    2.713351e+01
    2.900000e-01    2.883898e+02    2.739002e+01
    2.910000e-01    2.894792e+02    2.764799e+01
    2.920000e-01    2.905694e+02    2.790742e+01
    2.930000e-01    2.916605e+02    2.816832e+01
    2.940000e-01    2.927525e+02    2.843068e+01
    2.950000e-01    2.938454e+02    2.869450e+01
    2.960000e-01    2.949393e+02    2.895978e+01
    2.970000e-01    2.960340e+02    2.922653e+01
    2.980000e-01    2.971296e+02    2.949474e+01
    2.990000e-01    2.982261e+02    2.976442e+01
    3.000000e-01    2.993235e+02    3.003555e+01
    3.010000e-01    3.004218e+02    3.030815e+01
    3.020000e-01    3.015210e+02    3.058221e+01
    3.030000e-01    3.026212e+02    3.085774e+01
    3.040000e-01    3.037222e+02    3.113472e+01
    3.050000e-01    3.048242e+02    3.141317e+01
    3.060000e-01    3.059270e+02    3.169308e+01
    3.070000e-01    3.070308e+02    3.197444e+01
    3.080000e-01    3.081355e+02    3.225727e+01
    3.090000e-01    3.092412e+02    3.254155e+01
    3.100000e-01    3.103477e+02    3.282729e+01
    3.110000e-01    3.114552e+02    3.311449e+01
    3.120000e-01    3.125636e+02    3.340314e+01
    3.130000e-01    3.136729e+02    3.369325e+01
    3.140000e-01    3.147832e+02    3.398481e+01
    3.150000e-01    3.158944e+02    3.427783e+01
    3.160000e-01    3.170065e+02    3.457230e+01
    3.170000e-01    3.181196e+02    3.486822e+01
    3.180000e-01    3.192336e+02    3.516558e+01
    3.190000e-01    3.203485e+02    3.546440e+01
    3.200000e-01    3.214644e+02    3.576466e+01
    3.210000e-01    3.225812e+02    3.606637e+01
    3.220000e-01    3.236989e+02    3.636952e+01
    3.230000e-01    3.248176e+02    3.667411e+01
    3.240000e-01    3.259373e+02    3.698015e+01
    3.250000e-01    3.270579e+02    3.728762e+01
    3.260000e-01    3.281794e+02    3.759653e+01
    3.270000e-01    3.293019e+02    3.790688e+01
    3.280000e-01    3.304253e+02    3.821866e+01
    3.290000e-01    3.315497e+02    3.853188e+01
    3.300000e-01    3.326751e+02    3.884652e+01
    3.310000e-01    3.338014e+02    3.916259e+01
    3.320000e-01    3.349286e+02    3.948010e+01
    3.330000e-01    3.360568e+02    3.979902e+01
    3.340000e-01    3.371860e+02    4.011937e+01
    3.350000e-01    3.383162e+02    4.044114e+01
    3.360000e-01    3.394473e+02    4.076433e+01
    3.370000e-01    3.405793e+02    4.108893e+01
    3.380000e-01    3.417123e+02    4.141495e+01
    3.390000e-01    3.428463e+02    4.174239e+01
    3.400000e-01    3.439813e+02    4.207123e+01
    3.410000e-01    3.451172e+02    4.240148e+01
    3.420000e-01    3.462541e+02    4.273313e+01
    3.430000e-01    3.473920e+02    4.306619e+01
    3.440000e-01    3.485309e+02    4.340065e+01
    3.450000e-01    3.496707e+02    4.373651e+01
    3.460000e-01    3.508115e+02    4.407376e+01
    3.470000e-01    3.519533e+02    4.441241e+01
    3.480000e-01    3.530960e+02    4.475245e+01
    3.490000e-01    3.542398e+02    4.509388e+01
    3.500000e-01    3.553845e+02    4.543669e+01
    3.510000e-01    3.565302e+02    4.578088e+01
    3.520000e-01    3.576768e+02    4.612646e+01
    3.530000e-01    3.588245e+02    4.647341e+01
    3.540000e-01    3.599731e+02    4.682174e+01
    3.550000e-01    3.611228e+02    4.717144e+01
    3.560000e-01    3.622734e+02    4.752251e+01
    3.570000e-01    3.634250e+02    4.787494e+01
    3.580000e-01    3.645776e+02    4.822874e+01
    3.590000e-01    3.657312e+02    4.858390e+01
    3.600000e-01    3.668858e+02    4.894042e+01
    3.610000e-01    3.680413e+02    4.929829e+01
    3.620000e-01    3.691979e+02    4.965751e+01
    3.630000e-01    3.703554e+02    5.001809e+01
    3.640000e-01    3.715140e+02    5.038000e+01
    3.650000e-01    3.726735e+02    5.074327e+01
    3.660000e-01    3.738341e+02    5.110787e+01
    3.670000e-01    3.749956e+02    5.147380e+01
    3.680000e-01    3.761582e+02    5.184108e+01
    3.690000e-01    3.773217e+02    5.220968e+01
    3.700000e-01    3.784863e+02    5.257961e+01
    3.710000e-01    3.796518e+02    5.295086e+01
    3.720000e-01    3.808183e+02    5.332343e+01
    3.730000e-01    3.819859e+02    5.369732e+01
    3.740000e-01    3.831545e+02    5.407253e+01
    3.750000e-01    3.843240e+02    5.444905e+01
    3.760000e-01    3.854946e+02    5.482687e+01
    3.770000e-01    3.866661e+02    5.520600e+01
    3.780000e-01    3.878387e+02    5.558643e+01
    3.790000e-01    3.890123e+02    5.596816e+01
    3.800000e-01    3.901869e+02    5.635119e+01
    3.810000e-01    3.913625e+02    5.673550e+01
    3.820000e-01    3.925391e+02    5.712110e+01
    3.830000e-01    3.937168e+02    5.750799e+01
    3.840000e-01    3.948954e+02    5.789616e+01
    3.850000e-01    3.960750e+02    5.828560e+01
    3.860000e-01    3.972557e+02    5.867632e+01
    3.870000e-01    3.984374e+02    5.906831e+01
    3.880000e-01    3.996201e+02    5.946157e+01
    3.890000e-01    4.008038e+02    5.985609e+01
    3.900000e-01    4.019885e+02    6.025188e+01
    3.910000e-01    4.031743e+02    6.064892e+01
    3.920000e-01    4.043610e+02    6.104721e+01
    3.930000e-01    4.055488e+02    6.144675e+01
    3.940000e-01    4.067376e+02    6.184754e+01
    3.950000e-01    4.079274e+02    6.224957e+01
    3.960000e-01    4.091182e+02    6.265284e+01
    3.970000e-01    4.103101e+02    6.305735e+01
    3.980000e-01    4.115029e+02    6.346309e+01
    3.990000e-01    4.126968e+02    6.387006e+01
    4.000000e-01    4.138917e+02    6.427825e+01
    4.010000e-01    4.150877e+02    6.468766e+01
    4.020000e-01    4.162846e+02    6.509830e+01
    4.030000e-01    4.174826e+02    6.551014e+01
    4.040000e-01    4.186816e+02    6.592320e+01
    4.050000e-01    4.198817e+02    6.633747e+01
    4.060000e-01    4.210827e+02    6.675293e+01
    4.070000e-01    4.222848e+02    6.716960e+01
    4.080000e-01    4.234879e+02    6.758747e+01
    4.090000e-01    4.246920e+02    6.800652e+01
    4.100000e-01    4.258972e+02    6.842677e+01
    4.110000e-01    4.271034e+02    6.884820e+01
    4.120000e-01    4.283106e+02    6.927082e+01
    4.130000e-01    4.295188e+02    6.969461e+01
    4.140000e-01    4.307281e+02    7.011958e+01
    4.150000e-01    4.319384e+02    7.054572e+01
    4.160000e-01    4.331497e+02    7.097302e+01
    4.170000e-01    4.343620e+02    7.140149e+01
    4.180000e-01    4.355754e+02    7.183112e+01
    4.190000e-01    4.367898e+02    7.226191e+01
    4.200000e-01    4.380052e+02    7.269385e+01
    4.210000e-01    4.392217e+02    7.312694e+01
    4.220000e-01    4.404392e+02    7.356117e+01
    4.230000e-01    4.416577e+02    7.399655e+01
    4.240000e-01    4.428773e+02    7.443306e+01
    4.250000e-01    4.440979e+02    7.487071e+01
    4.260000e-01    4.453195e+02    7.530950e+01
    4.270000e-01    4.465421e+02    7.574940e+01
    4.280000e-01    4.477658e+02    7.619044e+01
    4.290000e-01    4.489905e+02    7.663259e+01
    4.300000e-01    4.502163e+02    7.707586e+01
    4.310000e-01    4.514431e+02    7.752025e+01
    4.320000e-01    4.526709e+02    7.796574e+01
    4.330000e-01    4.538997e+02    7.841234e+01
    4.340000e-01    4.551296e+02    7.886004e+01
    4.350000e-01    4.563605e+02    7.930884e+01
    4.360000e-01    4.575924e+02    7.975874e+01
    4.370000e-01    4.588254e+02    8.020973e+01
    4.380000e-01    4.600594e+02    8.066180e+01
    4.390000e-01    4.612944e+02    8.111497e+01
    4.400000e-01    4.625305e+02    8.156921e+01
    4.410000e-01    4.637676e+02    8.202453e+01
    4.420000e-01    4.650058e+02    8.248092e+01
    4.430000e-01    4.662449e+02    8.293839e+01
    4.440000e-01    4.674852e+02    8.339692e+01
    4.450000e-01    4.687264e+02    8.385651e+01
    4.460000e-01    4.699687e+02    8.431717e+01
    4.470000e-01    4.712120e+02    8.477888e+01
    4.480000e-01    4.724563e+02    8.524164e+01
    4.490000e-01    4.737017e+02    8.570545e+01
    4.500000e-01    4.749481e+02    8.617031e+01
    4.510000e-01    4.761956e+02    8.663621e+01
    4.520000e-01    4.774440e+02    8.710315e+01
    4.530000e-01    4.786936e+02    8.757113e+01
    4.540000e-01    4.799441e+02    8.804014e+01
    4.550000e-01    4.811957e+02    8.851017e+01
    4.560000e-01    4.824483e+02    8.898123e+01
    4.570000e-01    4.837020e+02    8.945332e+01
    4.580000e-01    4.849566e+02    8.992642e+01
    4.590000e-01    4.862124e+02    9.040053e+01
    4.600000e-01    4.874691e+02    9.087566e+01
    4.610000e-01    4.887269e+02    9.135180e+01
    4.620000e-01    4.899857e+02    9.182894e+01
    4.630000e-01    4.912456e+02    9.230708e+01
    4.640000e-01    4.925065e+02    9.278622e+01
    4.650000e-01    4.937684e+02    9.326635e+01
    4.660000e-01    4.950314e+02    9.374748e+01
    4.670000e-01    4.962953e+02    9.422959e+01
    4.680000e-01    4.975604e+02    9.471269e+01
    4.690000e-01    4.988264e+02    9.519676e+01
    4.700000e-01    5.000935e+02    9.568182e+01
    4.710000e-01    5.013616e+02    9.616785e+01
    4.720000e-01    5.026308e+02    9.665485e+01
    4.730000e-01    5.039010e+02    9.714282e+01
    4.740000e-01    5.051722e+02    9.763176e+01
    4.750000e-01    5.064445e+02    9.812165e+01
    4.760000e-01    5.077178e+02    9.861251e+01
    4.770000e-01    5.089921e+02    9.910431e+01
    4.780000e-01    5.102674e+02    9.959707e+01
    4.790000e-01    5.115438e+02    1.000908e+02
    4.800000e-01    5.128212e+02    1.005854e+02
    4.810000e-01    5.140997e+02    1.010810e+02
    4.820000e-01    5.153791e+02    1.015776e+02
    4.830000e-01    5.166597e+02    1.020750e+02
    4.840000e-01    5.179412e+02    1.025734e+02
    4.850000e-01    5.192238e+02    1.030728e+02
    4.860000e-01    5.205074e+02    1.035730e+02
    4.870000e-01    5.217920e+02    1.040742e+02
    4.880000e-01    5.230777e+02    1.045763e+02
    4.890000e-01    5.243643e+02    1.050793e+02
    4.900000e-01    5.256521e+02    1.055833e+02
    4.910000e-01    5.269408e+02    1.060881e+02
    4.920000e-01    5.282306e+02    1.065939e+02
    4.930000e-01    5.295214e+02    1.071005e+02
    4.940000e-01    5.308132e+02    1.076081e+02
    4.950000e-01    5.321061e+02    1.081165e+02
    4.960000e-01    5.334000e+02    1.086259e+02
    4.970000e-01    5.346949e+02    1.091361e+02
    4.980000e-01    5.359909e+02    1.096472e+02
    4.990000e-01    5.372878e+02    1.101593e+02
    5.000000e-01    5.385858e+02    1.106722e+02
    5.010000e-01    5.398849e+02    1.111859e+02
    5.020000e-01    5.411849e+02    1.117006e+02
    5.030000e-01    5.424860e+02    1.122161e+02
    5.040000e-01    5.437881e+02    1.127325e+02
    5.050000e-01    5.450913e+02    1.132498e+02
    5.060000e-01    5.463954e+02    1.137680e+02
    5.070000e-01    5.477006e+02    1.142870e+02
    5.080000e-01    5.490068e+02    1.148068e+02
    5.090000e-01    5.503140e+02    1.153275e+02
    5.100000e-01    5.516223e+02    1.158491e+02
    5.110000e-01    5.529316e+02    1.163715e+02
    5.120000e-01    5.542419e+02    1.168948e+02
    5.130000e-01    5.555532e+02    1.174189e+02
    5.140000e-01    5.568655e+02    1.179439e+02
    5.150000e-01    5.581789e+02    1.184697e+02
    5.160000e-01    5.594933e+02    1.189963e+02
    5.170000e-01    5.608087e+02    1.195238e+02
    5.180000e-01    5.621252e+02    1.200521e+02
    5.190000e-01    5.634426e+02    1.205812e+02
    5.200000e-01    5.647611e+02    1.211112e+02
    5.210000e-01    5.660806e+02    1.216420e+02
    5.220000e-01    5.674011e+02    1.221736e+02
    5.230000e-01    5.687226e+02    1.227060e+02
    5.240000e-01    5.700452e+02    1.232392e+02
    5.250000e-01    5.713688e+02    1.237732e+02
    5.260000e-01    5.726933e+02    1.243081e+02
    5.270000e-01    5.740189e+02    1.248438e+02
    5.280000e-01    5.753456e+02    1.253802e+02
    5.290000e-01    5.766732e+02    1.259175e+02
    5.300000e-01    5.780019e+02    1.264556e+02
    5.310000e-01    5.793315e+02    1.269944e+02
    5.320000e-01    5.806622e+02    1.275341e+02
    5.330000e-01    5.819939e+02    1.280745e+02
    5.340000e-01    5.833267e+02    1.286158e+02
    5.350000e-01    5.846604e+02    1.291578e+02
    5.360000e-01    5.859951e+02    1.297006e+02
    5.370000e-01    5.873309e+02    1.302442e+02
    5.380000e-01    5.886677e+02    1.307886e+02
    5.390000e-01    5.900055e+02    1.313337e+02
    5.400000e-01    5.913442e+02    1.318796e+02
    5.410000e-01    5.926841e+02    1.324263e+02
    5.420000e-01    5.940249e+02    1.329738e+02
    5.430000e-01    5.953667e+02    1.335220e+02
    5.440000e-01    5.967096e+02    1.340710e+02
    5.450000e-01    5.980534e+02    1.346207e+02
    5.460000e-01    5.993983e+02    1.351712e+02
    5.470000e-01    6.007441e+02    1.357225e+02
    5.480000e-01    6.020910e+02    1.362745e+02
    5.490000e-01    6.034389e+02    1.368272e+02
    5.500000e-01    6.047878e+02    1.373807e+02
    5.510000e-01    6.061377e+02    1.379350e+02
    5.520000e-01    6.074886e+02    1.384900e+02
    5.530000e-01    6.088405e+02    1.390457e+02
    5.540000e-01    6.101934e+02    1.396022e+02
    5.550000e-01    6.115474e+02    1.401594e+02
    5.560000e-01    6.129023e+02    1.407174e+02
    5.570000e-01    6.142582e+02    1.412761e+02
    5.580000e-01    6.156152e+02    1.418355e+02
    5.590000e-01    6.169731e+02    1.423956e+02
    5.600000e-01    6.183320e+02    1.429565e+02
    5.610000e-01    6.196920e+02    1.435181e+02
    5.620000e-01    6.210529e+02    1.440804e+02
    5.630000e-01    6.224149e+02    1.446434e+02
    5.640000e-01    6.237778e+02    1.452072e+02
    5.650000e-01    6.251418e+02    1.457716e+02
    5.660000e-01    6.265067e+02    1.463368e+02
    5.670000e-01    6.278727e+02    1.469027e+02
    5.680000e-01    6.292396e+02    1.474693e+02
    5.690000e-01    6.306076e+02    1.480366e+02
    5.700000e-01    6.319765e+02    1.486046e+02
    5.710000e-01    6.333464e+02    1.491732e+02
    5.720000e-01    6.347174e+02    1.497426e+02
    5.730000e-01    6.360893e+02    1.503127e+02
    5.740000e-01    6.374622e+02    1.508835e+02
    5.750000e-01    6.388362e+02    1.514550e+02
    5.760000e-01    6.402111e+02    1.520271e+02
    5.770000e-01    6.415870e+02    1.526000e+02
    5.780000e-01    6.429639e+02    1.531735e+02
    5.790000e-01    6.443418e+02    1.537477e+02
    5.800000e-01    6.457207e+02    1.543226e+02
    5.810000e-01    6.471006e+02    1.548982e+02
    5.820000e-01    6.484814e+02    1.554745e+02
    5.830000e-01    6.498633e+02    1.560514e+02
    5.840000e-01    6.512461e+02    1.566290e+02
    5.850000e-01    6.526300e+02    1.572073e+02
    5.860000e-01    6.540148e+02    1.577862e+02
    5.870000e-01    6.554006e+02    1.583658e+02
    5.880000e-01    6.567874e+02    1.589461e+02
    5.890000e-01    6.581752e+02    1.595271e+02
    5.900000e-01    6.595640e+02    1.601087e+02
    5.910000e-01    6.609538e+02    1.606909e+02
    5.920000e-01    6.623445e+02    1.612738e+02
    5.930000e-01    6.637363e+02    1.618574e+02
    5.940000e-01    6.651290e+02    1.624416e+02
    5.950000e-01    6.665227e+02    1.630265e+02
    5.960000e-01    6.679174e+02    1.636120e+02
    5.970000e-01    6.693131e+02    1.641982e+02
    5.980000e-01    6.707097e+02    1.647850e+02
    5.990000e-01    6.721074e+02    1.653725e+02
    6.000000e-01    6.735060e+02    1.659606e+02
    6.010000e-01    6.749056e+02    1.665493e+02
    6.020000e-01    6.763062e+02    1.671387e+02
    6.030000e-01    6.777077e+02    1.677287e+02
    6.040000e-01    6.791103e+02    1.683193e+02
    6.050000e-01    6.805138e+02    1.689106e+02
    6.060000e-01    6.819183e+02    1.695025e+02
    6.070000e-01    6.833238e+02    1.700950e+02
    6.080000e-01    6.847302e+02    1.706882e+02
    6.090000e-01    6.861376e+02    1.712820e+02
    6.100000e-01    6.875461e+02    1.718764e+02
    6.110000e-01    6.889554e+02    1.724714e+02
    6.120000e-01    6.903658e+02    1.730671e+02
    6.130000e-01    6.917771e+02    1.736633e+02
    6.140000e-01    6.931894e+02    1.742602e+02
    6.150000e-01    6.946027e+02    1.748577e+02
    6.160000e-01    6.960169e+02    1.754558e+02
    6.170000e-01    6.974321e+02    1.760545e+02
    6.180000e-01    6.988483e+02    1.766539e+02
    6.190000e-01    7.002655e+02    1.772538e+02
    6.200000e-01    7.016836e+02    1.778543e+02
    6.210000e-01    7.031027e+02    1.784555e+02
    6.220000e-01    7.045227e+02    1.790572e+02
    6.230000e-01    7.059438e+02    1.796596e+02
    6.240000e-01    7.073658e+02    1.802625e+02
    6.250000e-01    7.087887e+02    1.808660e+02
    6.260000e-01    7.102127e+02    1.814702e+02
    6.270000e-01    7.116376e+02    1.820749e+02
    6.280000e-01    7.130634e+02    1.826802e+02
    6.290000e-01    7.144903e+02    1.832861e+02
    6.300000e-01    7.159180e+02    1.838926e+02
    6.310000e-01    7.173468e+02    1.844997e+02
    6.320000e-01    7.187765e+02    1.851073e+02
    6.330000e-01    7.202072e+02    1.857156e+02
    6.340000e-01    7.216388e+02    1.863244e+02
    6.350000e-01    7.230714e+02    1.869338e+02
    6.360000e-01    7.245050e+02    1.875438e+02
    6.370000e-01    7.259395e+02    1.881544e+02
    6.380000e-01    7.273750e+02    1.887655e+02
    6.390000e-01    7.288114e+02    1.893772e+02
    6.400000e-01    7.302488e+02    1.899895e+02
    6.410000e-01    7.316872e+02    1.906024e+02
    6.420000e-01    7.331265e+02    1.912158e+02
    6.430000e-01    7.345667e+02    1.918298e+02
    6.440000e-01    7.360080e+02    1.924443e+02
    6.450000e-01    7.374501e+02    1.930595e+02
    6.460000e-01    7.388933e+02    1.936752e+02
    6.470000e-01    7.403373e+02    1.942914e+02
    6.480000e-01    7.417824e+02    1.949082e+02
    6.490000e-01    7.432284e+02    1.955256e+02
    6.500000e-01    7.446753e+02    1.961435e+02
    6.510000e-01    7.461232e+02    1.967620e+02
    6.520000e-01    7.475720e+02    1.973810e+02
    6.530000e-01    7.490218e+02    1.980006e+02
    6.540000e-01    7.504725e+02    1.986207e+02
    6.550000e-01    7.519242e+02    1.992414e+02
    6.560000e-01    7.533769e+02    1.998626e+02
    6.570000e-01    7.548305e+02    2.004844e+02
    6.580000e-01    7.562850e+02    2.011067e+02
    6.590000e-01    7.577405e+02    2.017296e+02
    6.600000e-01    7.591969e+02    2.023530e+02
    6.610000e-01    7.606542e+02    2.029769e+02
    6.620000e-01    7.621126e+02    2.036014e+02
    6.630000e-01    7.635718e+02    2.042265e+02
    6.640000e-01    7.650320e+02    2.048520e+02
    6.650000e-01    7.664931e+02    2.054781e+02
    6.660000e-01    7.679552e+02    2.061047e+02
    6.670000e-01    7.694183e+02    2.067319e+02
    6.680000e-01    7.708822e+02    2.073596e+02
    6.690000e-01    7.723471e+02    2.079878e+02
    6.700000e-01    7.738130e+02    2.086166e+02
    6.710000e-01    7.752797e+02    2.092459e+02
    6.720000e-01    7.767475e+02    2.098757e+02
    6.730000e-01    7.782161e+02    2.105060e+02
    6.740000e-01    7.796857e+02    2.111368e+02
    6.750000e-01    7.811562e+02    2.117682e+02
    6.760000e-01    7.826277e+02    2.124001e+02
    6.770000e-01    7.841001e+02    2.130325e+02
    6.780000e-01    7.855735e+02    2.136654e+02
    6.790000e-01    7.870477e+02    2.142989e+02
    6.800000e-01    7.885229e+02    2.149328e+02
    6.810000e-01    7.899991e+02    2.155673e+02
    6.820000e-01    7.914761e+02    2.162023e+02
    6.830000e-01    7.929541e+02    2.168378e+02
    6.840000e-01    7.944331e+02    2.174738e+02
    6.850000e-01    7.959129e+02    2.181103e+02
    6.860000e-01    7.973937e+02    2.187473e+02
    6.870000e-01    7.988754e+02    2.193849e+02
    6.880000e-01    8.003581e+02    2.200229e+02
    6.890000e-01    8.018417e+02    2.206614e+02
    6.900000e-01    8.033262e+02    2.213005e+02
    6.910000e-01    8.048116e+02    2.219400e+02
    6.920000e-01    8.062979e+02    2.225801e+02
    6.930000e-01    8.077852e+02    2.232206e+02
    6.940000e-01    8.092734e+02    2.238616e+02
    6.950000e-01    8.107626e+02    2.245032e+02
    6.960000e-01    8.122526e+02    2.251452e+02
    6.970000e-01    8.137436e+02    2.257877e+02
    6.980000e-01    8.152355e+02    2.264307e+02
    6.990000e-01    8.167283e+02    2.270742e+02
    7.000000e-01    8.182220e+02    2.277182e+02
    7.010000e-01    8.197167e+02    2.283627e+02
    7.020000e-01    8.212123e+02    2.290077e+02
    7.030000e-01    8.227088e+02    2.296531e+02
    7.040000e-01    8.242062e+02    2.302991e+02
    7.050000e-01    8.257045e+02    2.309455e+02
    7.060000e-01    8.272038e+02    2.315924e+02
    7.070000e-01    8.287040e+02    2.322398e+02
    7.080000e-01    8.302050e+02    2.328877e+02
    7.090000e-01    8.317070e+02    2.335360e+02
    7.100000e-01    8.332100e+02    2.341848e+02
    7.110000e-01    8.347138e+02    2.348341e+02
    7.120000e-01    8.362185e+02    2.354839e+02
    7.130000e-01    8.377242e+02    2.361342e+02
    7.140000e-01    8.392308e+02    2.367849e+02
    7.150000e-01    8.407382e+02    2.374361e+02
    7.160000e-01    8.422466e+02    2.380878e+02
    7.170000e-01    8.437559e+02    2.387399e+02
    7.180000e-01    8.452661e+02    2.393926e+02
    7.190000e-01    8.467773e+02    2.400457e+02
    7.200000e-01    8.482893e+02    2.406992e+02
    7.210000e-01    8.498022e+02    2.413532e+02
    7.220000e-01    8.513161e+02    2.420077e+02
    7.230000e-01    8.528308e+02    2.426627e+02
    7.240000e-01    8.543465e+02    2.433181e+02
    7.250000e-01    8.558631e+02    2.439739e+02
    7.260000e-01    8.573805e+02    2.446303e+02
    7.270000e-01    8.588989e+02    2.452871e+02
    7.280000e-01    8.604182e+02    2.459443e+02
    7.290000e-01    8.619384e+02    2.466020e+02
    7.300000e-01    8.634594e+02    2.472602e+02
    7.310000e-01    8.649814e+02    2.479188e+02
    7.320000e-01    8.665043e+02    2.485779e+02
    7.330000e-01    8.680281e+02    2.492375e+02
    7.340000e-01    8.695528e+02    2.498974e+02
    7.350000e-01    8.710784e+02    2.505579e+02
    7.360000e-01    8.726049e+02    2.512188e+02
    7.370000e-01    8.741322e+02    2.518801e+02
    7.380000e-01    8.756605e+02    2.525419e+02
    7.390000e-01    8.771897e+02    2.532041e+02
    7.400000e-01    8.787198e+02    2.538668e+02
    7.410000e-01    8.802507e+02    2.545300e+02
    7.420000e-01    8.817826e+02    2.551935e+02
    7.430000e-01    8.833154e+02    2.558575e+02
    7.440000e-01    8.848490e+02    2.565220e+02
    7.450000e-01    8.863836e+02    2.571869e+02
    7.460000e-01    8.879190e+02    2.578522e+02
    7.470000e-01    8.894553e+02    2.585180e+02
    7.480000e-01    8.909926e+02    2.591843e+02
    7.490000e-01    8.925307e+02    2.598509e+02
    7.500000e-01    8.940697e+02    2.605180e+02
    7.510000e-01    8.956096e+02    2.611855e+02
    7.520000e-01    8.971504e+02    2.618535e+02
    7.530000e-01    8.986920e+02    2.625219e+02
    7.540000e-01    9.002346e+02    2.631908e+02
    7.550000e-01    9.017780e+02    2.638600e+02
    7.560000e-01    9.033224e+02    2.645297e+02
    7.570000e-01    9.048676e+02    2.651999e+02
    7.580000e-01    9.064137e+02    2.658704e+02
    7.590000e-01    9.079607e+02    2.665414e+02
    7.600000e-01    9.095086e+02    2.672128e+02
    7.610000e-01    9.110573e+02    2.678847e+02
    7.620000e-01    9.126070e+02    2.685569e+02
    7.630000e-01    9.141575e+02    2.692296e+02
    7.640000e-01    9.157089e+02    2.699028e+02
    7.650000e-01    9.172612e+02    2.705763e+02
    7.660000e-01    9.188144e+02    2.712503e+02
    7.670000e-01    9.203684e+02    2.719246e+02
    7.680000e-01    9.219233e+02    2.725995e+02
    7.690000e-01    9.234792e+02    2.732747e+02
    7.700000e-01    9.250358e+02    2.739503e+02
    7.710000e-01    9.265934e+02    2.746264e+02
    7.720000e-01    9.281518e+02    2.753029e+02
    7.730000e-01    9.297112e+02    2.759798e+02
    7.740000e-01    9.312714e+02    2.766571e+02
    7.750000e-01    9.328324e+02    2.773348e+02
    7.760000e-01    9.343944e+02    2.780130e+02
    7.770000e-01    9.359572e+02    2.786915e+02
    7.780000e-01    9.375209e+02    2.793705e+02
    7.790000e-01    9.390854e+02    2.800499e+02
    7.800000e-01    9.406509e+02    2.807297e+02
    7.810000e-01    9.422172e+02    2.814099e+02
    7.820000e-01    9.437844e+02    2.820905e+02
    7.830000e-01    9.453524e+02    2.827715e+02
    7.840000e-01    9.469213e+02    2.834529e+02
    7.850000e-01    9.484911e+02    2.841347e+02
    7.860000e-01    9.500618e+02    2.848170e+02
    7.870000e-01    9.516333e+02    2.854996e+02
    7.880000e-01    9.532057e+02    2.861827e+02
    7.890000e-01    9.547790e+02    2.868661e+02
    7.900000e-01    9.563531e+02    2.875500e+02
    7.910000e-01    9.579281e+02    2.882342e+02
    7.920000e-01    9.595039e+02    2.889189e+02
    7.930000e-01    9.610807e+02    2.896039e+02
    7.940000e-01    9.626583e+02    2.902894e+02
    7.950000e-01    9.642367e+02    2.909752e+02
    7.960000e-01    9.658160e+02    2.916615e+02
    7.970000e-01    9.673962e+02    2.923481e+02
    7.980000e-01    9.689772e+02    2.930352e+02
    7.990000e-01    9.705591e+02    2.937226e+02
    8.000000e-01    9.721419e+02    2.944104e+02
    8.010000e-01    9.737255e+02    2.950986e+02
    8.020000e-01    9.753100e+02    2.957873e+02
    8.030000e-01    9.768953e+02    2.964763e+02
    8.040000e-01    9.784815e+02    2.971657e+02
    8.050000e-01    9.800686e+02    2.978555e+02
    8.060000e-01    9.816565e+02    2.985457e+02
    8.070000e-01    9.832453e+02    2.992362e+02
    8.080000e-01    9.848349e+02    2.999272e+02
    8.090000e-01    9.864254e+02    3.006185e+02
    8.100000e-01    9.880167e+02    3.013103e+02
    8.110000e-01    9.896089e+02    3.020024e+02
    8.120000e-01    9.912019e+02    3.026949e+02
    8.130000e-01    9.927958e+02    3.033878e+02
    8.140000e-01    9.943906e+02    3.040811e+02
    8.150000e-01    9.959862e+02    3.047747e+02
    8.160000e-01    9.975826e+02    3.054688e+02
    8.170000e-01    9.991799e+02    3.061632e+02
    8.180000e-01    1.000778e+03    3.068580e+02
    8.190000e-01    1.002377e+03    3.075532e+02
    8.200000e-01    1.003977e+03    3.082487e+02
    8.210000e-01    1.005578e+03    3.089447e+02
    8.220000e-01    1.007179e+03    3.096410e+02
    8.230000e-01    1.008782e+03    3.103377e+02
    8.240000e-01    1.010385e+03    3.110348e+02
    8.250000e-01    1.011989e+03    3.117323e+02
    8.260000e-01    1.013594e+03    3.124301e+02
    8.270000e-01    1.015200e+03    3.131283e+02
    8.280000e-01    1.016806e+03    3.138269e+02
    8.290000e-01    1.018414e+03    3.145258e+02
    8.300000e-01    1.020022e+03    3.152252e+02
    8.310000e-01    1.021631e+03    3.159249e+02
    8.320000e-01    1.023241e+03    3.166249e+02
    8.330000e-01    1.024852e+03    3.173254e+02
    8.340000e-01    1.026464e+03    3.180262e+02
    8.350000e-01    1.028076e+03    3.187274e+02
    8.360000e-01    1.029690e+03    3.194289e+02
    8.370000e-01    1.031304e+03    3.201308e+02
    8.380000e-01    1.032919e+03    3.208331e+02
    8.390000e-01    1.034535e+03    3.215358e+02
    8.400000e-01    1.036151e+03    3.222388e+02
    8.410000e-01    1.037769e+03    3.229422e+02
    8.420000e-01    1.039387e+03    3.236459e+02
    8.430000e-01    1.041007e+03    3.243500e+02
    8.440000e-01    1.042627e+03    3.250545e+02
    8.450000e-01    1.044247e+03    3.257594e+02
    8.460000e-01    1.045869e+03    3.264646e+02
    8.470000e-01    1.047492e+03    3.271701e+02
    8.480000e-01    1.049115e+03    3.278761e+02
    8.490000e-01    1.050739e+03    3.285823e+02
    8.500000e-01    1.052364e+03    3.292890e+02
    8.510000e-01    1.053990e+03    3.299960e+02
    8.520000e-01    1.055617e+03    3.307034e+02
    8.530000e-01    1.057245e+03    3.314111e+02
    8.540000e-01    1.058873e+03    3.321192e+02
    8.550000e-01    1.060502e+03    3.328276e+02
    8.560000e-01    1.062132e+03    3.335364e+02
    8.570000e-01    1.063763e+03    3.342455e+02
    8.580000e-01    1.065395e+03    3.349551e+02
    8.590000e-01    1.067027e+03    3.356649e+02
    8.600000e-01    1.068661e+03    3.363751e+02
    8.610000e-01    1.070295e+03    3.370857e+02
    8.620000e-01    1.071930e+03    3.377966e+02
    8.630000e-01    1.073566e+03    3.385079e+02
    8.640000e-01    1.075202e+03    3.392195e+02
    8.650000e-01    1.076840e+03    3.399315e+02
    8.660000e-01    1.078478e+03    3.406438e+02
    8.670000e-01    1.080117e+03    3.413565e+02
    8.680000e-01    1.081757e+03    3.420695e+02
    8.690000e-01    1.083398e+03    3.427829e+02
    8.700000e-01    1.085040e+03    3.434966e+02
    8.710000e-01    1.086682e+03    3.442106e+02
    8.720000e-01    1.088325e+03    3.449251e+02
    8.730000e-01    1.089969e+03    3.456398e+02
    8.740000e-01    1.091614e+03    3.463549e+02
    8.750000e-01    1.093260e+03    3.470704e+02
    8.760000e-01    1.094906e+03    3.477862e+02
    8.770000e-01    1.096554e+03    3.485023e+02
    8.780000e-01    1.098202e+03    3.492188e+02
    8.790000e-01    1.099851e+03    3.499356e+02
    8.800000e-01    1.101500e+03    3.506528e+02
    8.810000e-01    1.103151e+03    3.513703e+02
    8.820000e-01    1.104802e+03    3.520881e+02
    8.830000e-01    1.106455e+03    3.528063e+02
    8.840000e-01    1.108108e+03    3.535248e+02
    8.850000e-01    1.109761e+03    3.542437e+02
    8.860000e-01    1.111416e+03    3.549629e+02
    8.870000e-01    1.113072e+03    3.556825e+02
    8.880000e-01    1.114728e+03    3.564023e+02
    8.890000e-01    1.116385e+03    3.571226e+02
    8.900000e-01    1.118043e+03    3.578431e+02
    8.910000e-01    1.119702e+03    3.585640e+02
    8.920000e-01    1.121361e+03    3.592852e+02
    8.930000e-01    1.123021e+03    3.600068e+02
    8.940000e-01    1.124682e+03    3.607287e+02
    8.950000e-01    1.126344e+03    3.614509e+02
    8.960000e-01    1.128007e+03    3.621735e+02
    8.970000e-01    1.129671e+03    3.628964e+02
    8.980000e-01    1.131335e+03    3.636196e+02
    8.990000e-01    1.133000e+03    3.643432e+02
    9.000000e-01    1.134666e+03    3.650671e+02
    9.010000e-01    1.136333e+03    3.657913e+02
    9.020000e-01    1.138001e+03    3.665159e+02
    9.030000e-01    1.139669e+03    3.672408e+02
    9.040000e-01    1.141338e+03    3.679660e+02
    9.050000e-01    1.143008e+03    3.686915e+02
    9.060000e-01    1.144679e+03    3.694174e+02
    9.070000e-01    1.146350e+03    3.701436e+02
    9.080000e-01    1.148023e+03    3.708701e+02
    9.090000e-01    1.149696e+03    3.715970e+02
    9.100000e-01    1.151370e+03    3.723241e+02
    9.110000e-01    1.153045e+03    3.730516e+02
    9.120000e-01    1.154720e+03    3.737795e+02
    9.130000e-01    1.156397e+03    3.745076e+02
    9.140000e-01    1.158074e+03    3.752361e+02
    9.150000e-01    1.159752e+03    3.759649e+02
    9.160000e-01    1.161431e+03    3.766940e+02
    9.170000e-01    1.163110e+03    3.774235e+02
    9.180000e-01    1.164791e+03    3.781533e+02
    9.190000e-01    1.166472e+03    3.788834e+02
    9.200000e-01    1.168154e+03    3.796138e+02
    9.210000e-01    1.169837e+03    3.803445e+02
    9.220000e-01    1.171520e+03    3.810756e+02
    9.230000e-01    1.173204e+03    3.818069e+02
    9.240000e-01    1.174890e+03    3.825386e+02
    9.250000e-01    1.176576e+03    3.832707e+02
    9.260000e-01    1.178262e+03    3.840030e+02
    9.270000e-01    1.179950e+03    3.847356e+02
    9.280000e-01    1.181638e+03    3.854686e+02
    9.290000e-01    1.183327e+03    3.862019e+02
    9.300000e-01    1.185017e+03    3.869355e+02
    9.310000e-01    1.186708e+03    3.876694e+02
    9.320000e-01    1.188399e+03    3.884037e+02
    9.330000e-01    1.190091e+03    3.891382e+02
    9.340000e-01    1.191784e+03    3.898731e+02
    9.350000e-01    1.193478e+03    3.906082e+02
    9.360000e-01    1.195173e+03    3.913437e+02
    9.370000e-01    1.196868e+03    3.920795e+02
    9.380000e-01    1.198564e+03    3.928157e+02
    9.390000e-01    1.200261e+03    3.935521e+02
    9.400000e-01    1.201959e+03    3.942888e+02
    9.410000e-01    1.203658e+03    3.950259e+02
    9.420000e-01    1.205357e+03    3.957633e+02
    9.430000e-01    1.207057e+03    3.965009e+02
    9.440000e-01    1.208758e+03    3.972389e+02
    9.450000e-01    1.210460e+03    3.979772e+02
    9.460000e-01    1.212162e+03    3.987158e+02
    9.470000e-01    1.213865e+03    3.994547e+02
    9.480000e-01    1.215569e+03    4.001940e+02
    9.490000e-01    1.217274e+03    4.009335e+02
    9.500000e-01    1.218980e+03    4.016733e+02
    9.510000e-01    1.220686e+03    4.024135e+02
    9.520000e-01    1.222393e+03    4.031539e+02
    9.530000e-01    1.224101e+03    4.038947e+02
    9.540000e-01    1.225810e+03    4.046358e+02
    9.550000e-01    1.227519e+03    4.053771e+02
    9.560000e-01    1.229229e+03    4.061188e+02
    9.570000e-01    1.230940e+03    4.068608e+02
    9.580000e-01    1.232652e+03    4.076031e+02
    9.590000e-01    1.234365e+03    4.083457e+02
    9.600000e-01    1.236078e+03    4.090885e+02
    9.610000e-01    1.237792e+03    4.098317e+02
    9.620000e-01    1.239507e+03    4.105752e+02
    9.630000e-01    1.241223e+03    4.113190e+02
    9.640000e-01    1.242939e+03    4.120631e+02
    9.650000e-01    1.244656e+03    4.128075e+02
    9.660000e-01    1.246374e+03    4.135522e+02
    9.670000e-01    1.248093e+03    4.142972e+02
    9.680000e-01    1.249812e+03    4.150425e+02
    9.690000e-01    1.251533e+03    4.157881e+02
    9.700000e-01    1.253254e+03    4.165340e+02
    9.710000e-01    1.254976e+03    4.172802e+02
    9.720000e-01    1.256698e+03    4.180267e+02
    9.730000e-01    1.258421e+03    4.187735e+02
    9.740000e-01    1.260146e+03    4.195206e+02
    9.750000e-01    1.261870e+03    4.202680e+02
    9.760000e-01    1.263596e+03    4.210157e+02
    9.770000e-01    1.265323e+03    4.217637e+02
    9.780000e-01    1.267050e+03    4.225120e+02
    9.790000e-01    1.268778e+03    4.232605e+02
    9.800000e-01    1.270506e+03    4.240094e+02
    9.810000e-01    1.272236e+03    4.247586e+02
    9.820000e-01    1.273966e+03    4.255080e+02
    9.830000e-01    1.275697e+03    4.262578e+02
    9.840000e-01    1.277429e+03    4.270078e+02
    9.850000e-01    1.279161e+03    4.277582e+02
    9.860000e-01    1.280895e+03    4.285088e+02
    9.870000e-01    1.282629e+03    4.292597e+02
    9.880000e-01    1.284364e+03    4.300109e+02
    9.890000e-01    1.286099e+03    4.307625e+02
    9.900000e-01    1.287835e+03    4.315143e+02
    9.910000e-01    1.289573e+03    4.322663e+02
    9.920000e-01    1.291310e+03    4.330187e+02
    9.930000e-01    1.293049e+03    4.337714e+02
    9.940000e-01    1.294788e+03    4.345244e+02
    9.950000e-01    1.296529e+03    4.352776e+02
    9.960000e-01    1.298269e+03    4.360311e+02
    9.970000e-01    1.300011e+03    4.367850e+02
    9.980000e-01    1.301753e+03    4.375391e+02
    9.990000e-01    1.303497e+03    4.382935e+02
    1.000000e+00    1.305241e+03    4.390482e+02
    1.001000e+00    1.306985e+03    4.398032e+02
    1.002000e+00    1.308731e+03    4.405584e+02
    1.003000e+00    1.310477e+03    4.413140e+02
    1.004000e+00    1.312224e+03    4.420698e+02
    1.005000e+00    1.313971e+03    4.428259e+02
    1.006000e+00    1.315720e+03    4.435823e+02
    1.007000e+00    1.317469e+03    4.443390e+02
    1.008000e+00    1.319219e+03    4.450960e+02
    1.009000e+00    1.320970e+03    4.458533e+02
    1.010000e+00    1.322721e+03    4.466108e+02
    1.011000e+00    1.324473e+03    4.473686e+02
    1.012000e+00    1.326226e+03    4.481268e+02
    1.013000e+00    1.327980e+03    4.488852e+02
    1.014000e+00    1.329734e+03    4.496438e+02
    1.015000e+00    1.331490e+03    4.504028e+02
    1.016000e+00    1.333245e+03    4.511620e+02
    1.017000e+00    1.335002e+03    4.519215e+02
    1.018000e+00    1.336760e+03    4.526814e+02
    1.019000e+00    1.338518e+03    4.534414e+02
    1.020000e+00    1.340277e+03    4.542018e+02
    1.021000e+00    1.342036e+03    4.549624e+02
    1.022000e+00    1.343797e+03    4.557234e+02
    1.023000e+00    1.345558e+03    4.564846e+02
    1.024000e+00    1.347320e+03    4.572460e+02
    1.025000e+00    1.349082e+03    4.580078e+02
    1.026000e+00    1.350846e+03    4.587698e+02
    1.027000e+00    1.352610e+03    4.595322e+02
    1.028000e+00    1.354375e+03    4.602948e+02
    1.029000e+00    1.356140e+03    4.610576e+02
    1.030000e+00    1.357907e+03    4.618208e+02
    1.031000e+00    1.359674e+03    4.625842e+02
    1.032000e+00    1.361442e+03    4.633479e+02
    1.033000e+00    1.363210e+03    4.641119e+02
    1.034000e+00    1.364980e+03    4.648761e+02
    1.035000e+00    1.366750e+03    4.656406e+02
    1.036000e+00    1.368520e+03    4.664055e+02
    1.037000e+00    1.370292e+03    4.671705e+02
    1.038000e+00    1.372064e+03    4.679359e+02
    1.039000e+00    1.373837e+03    4.687015e+02
    1.040000e+00    1.375611e+03    4.694674e+02
    1.041000e+00    1.377386e+03    4.702336e+02
    1.042000e+00    1.379161e+03    4.710000e+02
    1.043000e+00    1.380937e+03    4.717667e+02
    1.044000e+00    1.382713e+03    4.725337e+02
    1.045000e+00    1.384491e+03    4.733010e+02
    1.046000e+00    1.386269e+03    4.740685e+02
    1.047000e+00    1.388048e+03    4.748363e+02
    1.048000e+00    1.389827e+03    4.756044e+02
    1.049000e+00    1.391608e+03    4.763727e+02
    1.050000e+00    1.393389e+03    4.771413e+02
    1.051000e+00    1.395171e+03    4.779102e+02
    1.052000e+00    1.396953e+03    4.786794e+02
    1.053000e+00    1.398737e+03    4.794488e+02
    1.054000e+00    1.400521e+03    4.802185e+02
    1.055000e+00    1.402305e+03    4.809885e+02
    1.056000e+00    1.404091e+03    4.817587e+02
    1.057000e+00    1.405877e+03    4.825292e+02
    1.058000e+00    1.407664e+03    4.832999e+02
    1.059000e+00    1.409452e+03    4.840710e+02
    1.060000e+00    1.411240e+03    4.848423e+02
    1.061000e+00    1.413029e+03    4.856138e+02
    1.062000e+00    1.414819e+03    4.863857e+02
    1.063000e+00    1.416610e+03    4.871578e+02
    1.064000e+00    1.418401e+03    4.879301e+02
    1.065000e+00    1.420193e+03    4.887028e+02
    1.066000e+00    1.421986e+03    4.894757e+02
    1.067000e+00    1.423779e+03    4.902488e+02
    1.068000e+00    1.425573e+03    4.910223e+02
    1.069000e+00    1.427368e+03    4.917960e+02
    1.070000e+00    1.429164e+03    4.925699e+02
    1.071000e+00    1.430960e+03    4.933441e+02
    1.072000e+00    1.432757e+03    4.941186e+02
    1.073000e+00    1.434555e+03    4.948934e+02
    1.074000e+00    1.436354e+03    4.956684e+02
    1.075000e+00    1.438153e+03    4.964436e+02
    1.076000e+00    1.439953e+03    4.972192e+02
    1.077000e+00    1.441754e+03    4.979950e+02
    1.078000e+00    1.443555e+03    4.987710e+02
    1.079000e+00    1.445357e+03    4.995473e+02
    1.080000e+00    1.447160e+03    5.003239e+02
    1.081000e+00    1.448964e+03    5.011008e+02
    1.082000e+00    1.450768e+03    5.018779e+02
    1.083000e+00    1.452573e+03    5.026552e+02
    1.084000e+00    1.454379e+03    5.034328e+02
    1.085000e+00    1.456185e+03    5.042107e+02
    1.086000e+00    1.457992e+03    5.049889e+02
    1.087000e+00    1.459800e+03    5.057673e+02
    1.088000e+00    1.461609e+03    5.065459e+02
    1.089000e+00    1.463418e+03    5.073248e+02
    1.090000e+00    1.465228e+03    5.081040e+02
    1.091000e+00    1.467039e+03    5.088834e+02
    1.092000e+00    1.468851e+03    5.096631e+02
    1.093000e+00    1.470663e+03    5.104431e+02
    1.094000e+00    1.472476e+03    5.112233e+02
    1.095000e+00    1.474289e+03    5.120037e+02
    1.096000e+00    1.476104e+03    5.127845e+02
    1.097000e+00    1.477919e+03    5.135654e+02
    1.098000e+00    1.479734e+03    5.143467e+02
    1.099000e+00    1.481551e+03    5.151282e+02
    1.100000e+00    1.483368e+03    5.159099e+02
    1.101000e+00    1.485186e+03    5.166919e+02
    1.102000e+00    1.487004e+03    5.174741e+02
    1.103000e+00    1.488824e+03    5.182567e+02
    1.104000e+00    1.490644e+03    5.190394e+02
    1.105000e+00    1.492464e+03    5.198224e+02
    1.106000e+00    1.494286e+03    5.206057e+02
    1.107000e+00    1.496108e+03    5.213892e+02
    1.108000e+00    1.497931e+03    5.221730e+02
    1.109000e+00    1.499754e+03    5.229570e+02
    1.110000e+00    1.501579e+03    5.237413e+02
    1.111000e+00    1.503404e+03    5.245258e+02
    1.112000e+00    1.505229e+03    5.253106e+02
    1.113000e+00    1.507056e+03    5.260957e+02
    1.114000e+00    1.508883e+03    5.268810e+02
    1.115000e+00    1.510711e+03    5.276665e+02
    1.116000e+00    1.512539e+03    5.284523e+02
    1.117000e+00    1.514368e+03    5.292383e+02
    1.118000e+00    1.516198e+03    5.300246e+02
    1.119000e+00    1.518029e+03    5.308112e+02
    1.120000e+00    1.519860e+03    5.315980e+02
    1.121000e+00    1.521692e+03    5.323850e+02
    1.122000e+00    1.523525e+03    5.331723e+02
    1.123000e+00    1.525358e+03    5.339598e+02
    1.124000e+00    1.527192e+03    5.347476e+02
    1.125000e+00    1.529027e+03    5.355357e+02
    1.126000e+00    1.530863e+03    5.363240e+02
    1.127000e+00    1.532699e+03    5.371125e+02
    1.128000e+00    1.534536e+03    5.379013e+02
    1.129000e+00    1.536373e+03    5.386903e+02
    1.130000e+00    1.538212e+03    5.394796e+02
    1.131000e+00    1.540051e+03    5.402691e+02
    1.132000e+00    1.541890e+03    5.410589e+02
    1.133000e+00    1.543731e+03    5.418489e+02
    1.134000e+00    1.545572e+03    5.426392e+02
    1.135000e+00    1.547414e+03    5.434297e+02
    1.136000e+00    1.549256e+03    5.442205e+02
    1.137000e+00    1.551099e+03    5.450115e+02
    1.138000e+00    1.552943e+03    5.458027e+02
    1.139000e+00    1.554788e+03    5.465942e+02
    1.140000e+00    1.556633e+03    5.473860e+02
    1.141000e+00    1.558479e+03    5.481780e+02
    1.142000e+00    1.560326e+03    5.489702e+02
    1.143000e+00    1.562173e+03    5.497627e+02
    1.144000e+00    1.564021e+03    5.505554e+02
    1.145000e+00    1.565870e+03    5.513484e+02
    1.146000e+00    1.567720e+03    5.521416e+02
    1.147000e+00    1.569570e+03    5.529350e+02
    1.148000e+00    1.571420e+03    5.537287e+02
    1.149000e+00    1.573272e+03    5.545227e+02
    1.150000e+00    1.575124e+03    5.553168e+02
    1.151000e+00    1.576977e+03    5.561113e+02
    1.152000e+00    1.578831e+03    5.569059e+02
    1.153000e+00    1.580685e+03    5.577008e+02
    1.154000e+00    1.582540e+03    5.584960e+02
    1.155000e+00    1.584396e+03    5.592914e+02
    1.156000e+00    1.586252e+03    5.600870e+02
    1.157000e+00    1.588109e+03    5.608829e+02
    1.158000e+00    1.589967e+03    5.616790e+02
    1.159000e+00    1.591825e+03    5.624753e+02
    1.160000e+00    1.593684e+03    5.632719e+02
    1.161000e+00    1.595544e+03    5.640687e+02
    1.162000e+00    1.597405e+03    5.648658e+02
    1.163000e+00    1.599266e+03    5.656631e+02
    1.164000e+00    1.601128e+03    5.664607e+02
    1.165000e+00    1.602990e+03    5.672585e+02
    1.166000e+00    1.604853e+03    5.680565e+02
    1.167000e+00    1.606717e+03    5.688548e+02
    1.168000e+00    1.608582e+03    5.696533e+02
    1.169000e+00    1.610447e+03    5.704520e+02
    1.170000e+00    1.612313e+03    5.712510e+02
    1.171000e+00    1.614180e+03    5.720502e+02
    1.172000e+00    1.616047e+03    5.728497e+02
    1.173000e+00    1.617915e+03    5.736494e+02
    1.174000e+00    1.619784e+03    5.744493e+02
    1.175000e+00    1.621653e+03    5.752495e+02
    1.176000e+00    1.623523e+03    5.760499e+02
    1.177000e+00    1.625394e+03    5.768505e+02
    1.178000e+00    1.627265e+03    5.776514e+02
    1.179000e+00    1.629137e+03    5.784525e+02
    1.180000e+00    1.631010e+03    5.792538e+02
    1.181000e+00    1.632883e+03    5.800554e+02
    1.182000e+00    1.634758e+03    5.808572e+02
    1.183000e+00    1.636632e+03    5.816593e+02
    1.184000e+00    1.638508e+03    5.824616e+02
    1.185000e+00    1.640384e+03    5.832641e+02
    1.186000e+00    1.642261e+03    5.840669e+02
    1.187000e+00    1.644138e+03    5.848699e+02
    1.188000e+00    1.646017e+03    5.856731e+02
    1.189000e+00    1.647895e+03    5.864765e+02
    1.190000e+00    1.649775e+03    5.872802e+02
    1.191000e+00    1.651655e+03    5.880842e+02
    1.192000e+00    1.653536e+03    5.888883e+02
    1.193000e+00    1.655418e+03    5.896927e+02
    1.194000e+00    1.657300e+03    5.904973e+02
    1.195000e+00    1.659183e+03    5.913022e+02
    1.196000e+00    1.661066e+03    5.921073e+02
    1.197000e+00    1.662951e+03    5.929126e+02
    1.198000e+00    1.664836e+03    5.937181e+02
    1.199000e+00    1.666721e+03    5.945239e+02
    1.200000e+00    1.668607e+03    5.953299e+02
    1.201000e+00    1.670494e+03    5.961362e+02
    1.202000e+00    1.672382e+03    5.969426e+02
    1.203000e+00    1.674270e+03    5.977494e+02
    1.204000e+00    1.676159e+03    5.985563e+02
    1.205000e+00    1.678049e+03    5.993635e+02
    1.206000e+00    1.679939e+03    6.001709e+02
    1.207000e+00    1.681830e+03    6.009785e+02
    1.208000e+00    1.683722e+03    6.017863e+02
    1.209000e+00    1.685614e+03    6.025944e+02
    1.210000e+00    1.687507e+03    6.034027e+02
    1.211000e+00    1.689401e+03    6.042113e+02
    1.212000e+00    1.691295e+03    6.050201e+02
    1.213000e+00    1.693190e+03    6.058291e+02
    1.214000e+00    1.695086e+03    6.066383e+02
    1.215000e+00    1.696982e+03    6.074477e+02
    1.216000e+00    1.698879e+03    6.082574e+02
    1.217000e+00    1.700777e+03    6.090673e+02
    1.218000e+00    1.702675e+03    6.098775e+02
    1.219000e+00    1.704574e+03    6.106878e+02
    1.220000e+00    1.706474e+03    6.114984e+02
    1.221000e+00    1.708374e+03    6.123093e+02
    1.222000e+00    1.710275e+03    6.131203e+02
    1.223000e+00    1.712177e+03    6.139316e+02
    1.224000e+00    1.714079e+03    6.147431e+02
    1.225000e+00    1.715982e+03    6.155548e+02
    1.226000e+00    1.717885e+03    6.163668e+02
    1.227000e+00    1.719790e+03    6.171789e+02
    1.228000e+00    1.721695e+03    6.179914e+02
    1.229000e+00    1.723600e+03    6.188040e+02
    1.230000e+00    1.725507e+03    6.196168e+02
    1.231000e+00    1.727413e+03    6.204299e+02
    1.232000e+00    1.729321e+03    6.212432e+02
    1.233000e+00    1.731229e+03    6.220567e+02
    1.234000e+00    1.733138e+03    6.228705e+02
    1.235000e+00    1.735048e+03    6.236845e+02
    1.236000e+00    1.736958e+03    6.244987e+02
    1.237000e+00    1.738869e+03    6.253131e+02
    1.238000e+00    1.740781e+03    6.261278e+02
    1.239000e+00    1.742693e+03    6.269426e+02
    1.240000e+00    1.744606e+03    6.277577e+02
    1.241000e+00    1.746519e+03    6.285730e+02
    1.242000e+00    1.748433e+03    6.293886e+02
    1.243000e+00    1.750348e+03    6.302043e+02
    1.244000e+00    1.752264e+03    6.310203e+02
    1.245000e+00    1.754180e+03    6.318365e+02
    1.246000e+00    1.756097e+03    6.326530e+02
    1.247000e+00    1.758014e+03    6.334696e+02
    1.248000e+00    1.759932e+03    6.342865e+02
    1.249000e+00    1.761851e+03    6.351036e+02
    1.250000e+00    1.763770e+03    6.359209e+02
    1.251000e+00    1.765690e+03    6.367384e+02
    1.252000e+00    1.767611e+03    6.375562e+02
    1.253000e+00    1.769533e+03    6.383742e+02
    1.254000e+00    1.771455e+03    6.391924e+02
    1.255000e+00    1.773377e+03    6.400108e+02
    1.256000e+00    1.775301e+03    6.408294e+02
    1.257000e+00    1.777225e+03    6.416483e+02
    1.258000e+00    1.779149e+03    6.424674e+02
    1.259000e+00    1.781075e+03    6.432867e+02
    1.260000e+00    1.783001e+03    6.441062e+02
    1.261000e+00    1.784927e+03    6.449259e+02
    1.262000e+00    1.786854e+03    6.457459e+02
    1.263000e+00    1.788782e+03    6.465661e+02
    1.264000e+00    1.790711e+03    6.473864e+02
    1.265000e+00    1.792640e+03    6.482071e+02
    1.266000e+00    1.794570e+03    6.490279e+02
    1.267000e+00    1.796500e+03    6.498489e+02
    1.268000e+00    1.798432e+03    6.506702e+02
    1.269000e+00    1.800363e+03    6.514917e+02
    1.270000e+00    1.802296e+03    6.523134e+02
    1.271000e+00    1.804229e+03    6.531353e+02
    1.272000e+00    1.806163e+03    6.539574e+02
    1.273000e+00    1.808097e+03    6.547798e+02
    1.274000e+00    1.810032e+03    6.556024e+02
    1.275000e+00    1.811968e+03    6.564252e+02
    1.276000e+00    1.813904e+03    6.572482e+02
    1.277000e+00    1.815841e+03    6.580714e+02
    1.278000e+00    1.817779e+03    6.588948e+02
    1.279000e+00    1.819717e+03    6.597185e+02
    1.280000e+00    1.821656e+03    6.605423e+02
    1.281000e+00    1.823595e+03    6.613664e+02
    1.282000e+00    1.825535e+03    6.621907e+02
    1.283000e+00    1.827476e+03    6.630152e+02
    1.284000e+00    1.829418e+03    6.638399e+02
    1.285000e+00    1.831360e+03    6.646649e+02
    1.286000e+00    1.833303e+03    6.654900e+02
    1.287000e+00    1.835246e+03    6.663154e+02
    1.288000e+00    1.837190e+03    6.671410e+02
    1.289000e+00    1.839135e+03    6.679668e+02
    1.290000e+00    1.841080e+03    6.687928e+02
    1.291000e+00    1.843026e+03    6.696191e+02
    1.292000e+00    1.844973e+03    6.704455e+02
    1.293000e+00    1.846920e+03    6.712721e+02
    1.294000e+00    1.848868e+03    6.720990e+02
    1.295000e+00    1.850816e+03    6.729261e+02
    1.296000e+00    1.852765e+03    6.737534e+02
    1.297000e+00    1.854715e+03    6.745809e+02
    1.298000e+00    1.856666e+03    6.754086e+02
    1.299000e+00    1.858617e+03    6.762366e+02
    1.300000e+00    1.860568e+03    6.770647e+02
