    1.000000e-07    9.306240e-05    2.141078e-08
    1.023293e-07    9.523061e-05    2.209043e-08
    1.047129e-07    9.744934e-05    2.278659e-08
    1.071519e-07    9.971977e-05    2.350947e-08
    1.096478e-07    1.020431e-04    2.424990e-08
    1.122018e-07    1.044206e-04    2.501641e-08
    1.148154e-07    1.068534e-04    2.580624e-08
    1.174898e-07    1.093430e-04    2.661830e-08
    1.202264e-07    1.118905e-04    2.745893e-08
    1.230269e-07    1.144974e-04    2.832513e-08
    1.258925e-07    1.171651e-04    2.921916e-08
    1.288250e-07    1.198949e-04    3.013757e-08
    1.318257e-07    1.226883e-04    3.109118e-08
    1.348963e-07    1.255468e-04    3.206789e-08
    1.380384e-07    1.284720e-04    3.307895e-08
    1.412538e-07    1.314652e-04    3.411755e-08
    1.445440e-07    1.345283e-04    3.518848e-08
    1.479108e-07    1.376627e-04    3.629705e-08
    1.513561e-07    1.408701e-04    3.743930e-08
    1.548817e-07    1.441523e-04    3.861818e-08
    1.584893e-07    1.475109e-04    3.982914e-08
    1.621810e-07    1.509478e-04    4.108265e-08
    1.659587e-07    1.544648e-04    4.237026e-08
    1.698244e-07    1.580638e-04    4.369788e-08
    1.737801e-07    1.617466e-04    4.507215e-08
    1.778279e-07    1.655152e-04    4.648379e-08
    1.819701e-07    1.693717e-04    4.794499e-08
    1.862087e-07    1.733180e-04    4.944590e-08
    1.905461e-07    1.773563e-04    5.099107e-08
    1.949845e-07    1.814886e-04    5.259041e-08
    1.995262e-07    1.857173e-04    5.423564e-08
    2.041738e-07    1.900445e-04    5.593197e-08
    2.089296e-07    1.944725e-04    5.768781e-08
    2.137962e-07    1.990037e-04    5.949134e-08
    2.187762e-07    2.036405e-04    6.134512e-08
    2.238721e-07    2.083854e-04    6.326968e-08
    2.290868e-07    2.132408e-04    6.524647e-08
    2.344229e-07    2.182093e-04    6.727833e-08
    2.398833e-07    2.232937e-04    6.938774e-08
    2.454709e-07    2.284965e-04    7.155437e-08
    2.511886e-07    2.338206e-04    7.378132e-08
    2.570396e-07    2.392687e-04    7.609326e-08
    2.630268e-07    2.448438e-04    7.846056e-08
    2.691535e-07    2.505488e-04    8.090860e-08
    2.754229e-07    2.563867e-04    8.343464e-08
    2.818383e-07    2.623607e-04    8.603690e-08
    2.884032e-07    2.684739e-04    8.871155e-08
    2.951209e-07    2.747296e-04    9.147740e-08
    3.019952e-07    2.811310e-04    9.433133e-08
    3.090295e-07    2.876816e-04    9.726225e-08
    3.162278e-07    2.943849e-04    1.002931e-07
    3.235937e-07    3.012444e-04    1.034204e-07
    3.311311e-07    3.082637e-04    1.066321e-07
    3.388442e-07    3.154466e-04    1.099429e-07
    3.467369e-07    3.227969e-04    1.133666e-07
    3.548134e-07    3.303185e-04    1.168854e-07
    3.630781e-07    3.380154e-04    1.205271e-07
    3.715352e-07    3.458916e-04    1.242669e-07
    3.801894e-07    3.539514e-04    1.281222e-07
    3.890451e-07    3.621990e-04    1.320965e-07
    3.981072e-07    3.706388e-04    1.361997e-07
    4.073803e-07    3.792754e-04    1.404333e-07
    4.168694e-07    3.881131e-04    1.447875e-07
    4.265795e-07    3.971569e-04    1.492760e-07
    4.365158e-07    4.064114e-04    1.539029e-07
    4.466836e-07    4.158816e-04    1.586726e-07
    4.570882e-07    4.255725e-04    1.635892e-07
    4.677351e-07    4.354892e-04    1.686777e-07
    4.786301e-07    4.456370e-04    1.739030e-07
    4.897788e-07    4.560214e-04    1.792811e-07
    5.011872e-07    4.666477e-04    1.848248e-07
    5.128614e-07    4.775217e-04    1.905480e-07
    5.248075e-07    4.886491e-04    1.964477e-07
    5.370318e-07    5.000359e-04    2.025102e-07
    5.495409e-07    5.116880e-04    2.087787e-07
    5.623413e-07    5.236117e-04    2.152403e-07
    5.754399e-07    5.358133e-04    2.219065e-07
    5.888437e-07    5.482992e-04    2.287728e-07
    6.025596e-07    5.610761e-04    2.358284e-07
    6.165950e-07    5.741509e-04    2.431236e-07
    6.309573e-07    5.875303e-04    2.506200e-07
    6.456542e-07    6.012216e-04    2.583467e-07
    6.606934e-07    6.152319e-04    2.663357e-07
    6.760830e-07    6.295688e-04    2.745449e-07
    6.918310e-07    6.442399e-04    2.830195e-07
    7.079458e-07    6.592529e-04    2.917548e-07
    7.244360e-07    6.746157e-04    3.007444e-07
    7.413102e-07    6.903367e-04    3.100101e-07
    7.585776e-07    7.064240e-04    3.195601e-07
    7.762471e-07    7.228863e-04    3.294189e-07
    7.943282e-07    7.397323e-04    3.395807e-07
    8.128305e-07    7.569709e-04    3.500383e-07
    8.317638e-07    7.746113e-04    3.608169e-07
    8.511380e-07    7.926629e-04    3.719259e-07
    8.709636e-07    8.111351e-04    3.833761e-07
    8.912509e-07    8.300380e-04    3.951590e-07
    9.120108e-07    8.493814e-04    4.072930e-07
    9.332543e-07    8.691757e-04    4.197887e-07
    9.549926e-07    8.894313e-04    4.327074e-07
    9.772372e-07    9.101591e-04    4.460223e-07
    1.000000e-06    9.313700e-04    4.597458e-07
    1.023293e-06    9.530752e-04    4.738452e-07
    1.047129e-06    9.752864e-04    4.884220e-07
    1.071519e-06    9.980153e-04    5.034459e-07
    1.096478e-06    1.021274e-03    5.188197e-07
    1.122018e-06    1.045075e-03    5.347757e-07
    1.148154e-06    1.069430e-03    5.511687e-07
    1.174898e-06    1.094354e-03    5.681167e-07
    1.202264e-06    1.119858e-03    5.855288e-07
    1.230269e-06    1.145957e-03    6.035303e-07
    1.258925e-06    1.172664e-03    6.219506e-07
    1.288250e-06    1.199993e-03    6.410077e-07
    1.318257e-06    1.227960e-03    6.607100e-07
    1.348963e-06    1.256578e-03    6.809506e-07
    1.380384e-06    1.285864e-03    7.017269e-07
    1.412538e-06    1.315832e-03    7.232215e-07
    1.445440e-06    1.346499e-03    7.453727e-07
    1.479108e-06    1.377881e-03    7.681824e-07
    1.513561e-06    1.409994e-03    7.917071e-07
    1.548817e-06    1.442855e-03    8.159504e-07
    1.584893e-06    1.476483e-03    8.408340e-07
    1.621810e-06    1.510895e-03    8.665777e-07
    1.659587e-06    1.546109e-03    8.930224e-07
    1.698244e-06    1.582143e-03    9.202503e-07
    1.737801e-06    1.619018e-03    9.484194e-07
    1.778279e-06    1.656752e-03    9.774487e-07
    1.819701e-06    1.695366e-03    1.007244e-06
    1.862087e-06    1.734880e-03    1.037970e-06
    1.905461e-06    1.775315e-03    1.069734e-06
    1.949845e-06    1.816693e-03    1.102229e-06
    1.995262e-06    1.859035e-03    1.135954e-06
    2.041738e-06    1.902364e-03    1.170457e-06
    2.089296e-06    1.946704e-03    1.206266e-06
    2.137962e-06    1.992077e-03    1.242899e-06
    2.187762e-06    2.038508e-03    1.280919e-06
    2.238721e-06    2.086021e-03    1.319815e-06
    2.290868e-06    2.134642e-03    1.360051e-06
    2.344229e-06    2.184396e-03    1.401479e-06
    2.398833e-06    2.235311e-03    1.444200e-06
    2.454709e-06    2.287412e-03    1.488042e-06
    2.511886e-06    2.340728e-03    1.533396e-06
    2.570396e-06    2.395287e-03    1.579940e-06
    2.630268e-06    2.451117e-03    1.627892e-06
    2.691535e-06    2.508250e-03    1.677499e-06
    2.754229e-06    2.566714e-03    1.728408e-06
    2.818383e-06    2.626542e-03    1.780986e-06
    2.884032e-06    2.687764e-03    1.834940e-06
    2.951209e-06    2.750413e-03    1.890616e-06
    3.019952e-06    2.814523e-03    1.948213e-06
    3.090295e-06    2.880128e-03    2.007320e-06
    3.162278e-06    2.947262e-03    2.068015e-06
    3.235937e-06    3.015962e-03    2.131006e-06
    3.311311e-06    3.086263e-03    2.195434e-06
    3.388442e-06    3.158204e-03    2.262022e-06
    3.467369e-06    3.231821e-03    2.330403e-06
    3.548134e-06    3.307155e-03    2.401136e-06
    3.630781e-06    3.384245e-03    2.473955e-06
    3.715352e-06    3.463133e-03    2.548730e-06
    3.801894e-06    3.543860e-03    2.625761e-06
    3.890451e-06    3.626470e-03    2.705380e-06
    3.981072e-06    3.711005e-03    2.787336e-06
    4.073803e-06    3.797511e-03    2.871704e-06
    4.168694e-06    3.886035e-03    2.958477e-06
    4.265795e-06    3.976622e-03    3.047861e-06
    4.365158e-06    4.069322e-03    3.139947e-06
    4.466836e-06    4.164183e-03    3.234810e-06
    4.570882e-06    4.261256e-03    3.332208e-06
    4.677351e-06    4.360592e-03    3.432868e-06
    4.786301e-06    4.462244e-03    3.536564e-06
    4.897788e-06    4.566267e-03    3.643208e-06
    5.011872e-06    4.672715e-03    3.753062e-06
    5.128614e-06    4.781646e-03    3.866404e-06
    5.248075e-06    4.893116e-03    3.982779e-06
    5.370318e-06    5.007186e-03    4.103055e-06
    5.495409e-06    5.123915e-03    4.226541e-06
    5.623413e-06    5.243367e-03    4.353735e-06
    5.754399e-06    5.365604e-03    4.484751e-06
    5.888437e-06    5.490691e-03    4.620159e-06
    6.025596e-06    5.618695e-03    4.759177e-06
    6.165950e-06    5.749684e-03    4.901765e-06
    6.309573e-06    5.883727e-03    5.049241e-06
    6.456542e-06    6.020896e-03    5.201147e-06
    6.606934e-06    6.161264e-03    5.357614e-06
    6.760830e-06    6.304905e-03    5.518781e-06
    6.918310e-06    6.451896e-03    5.684095e-06
    7.079458e-06    6.602314e-03    5.854483e-06
    7.244360e-06    6.756241e-03    6.030553e-06
    7.413102e-06    6.913757e-03    6.211169e-06
    7.585776e-06    7.074946e-03    6.397326e-06
    7.762471e-06    7.239894e-03    6.589710e-06
    7.943282e-06    7.408689e-03    6.787041e-06
    8.128305e-06    7.581420e-03    6.990425e-06
    8.317638e-06    7.758180e-03    7.199874e-06
    8.511380e-06    7.939061e-03    7.415443e-06
    8.709636e-06    8.124161e-03    7.637623e-06
    8.912509e-06    8.313578e-03    7.865486e-06
    9.120108e-06    8.507413e-03    8.101125e-06
    9.332543e-06    8.705768e-03    8.342790e-06
    9.549926e-06    8.908749e-03    8.592678e-06
    9.772372e-06    9.116463e-03    8.848977e-06
    1.000000e-05    9.329023e-03    9.114024e-06
    1.023293e-05    9.546539e-03    9.385844e-06
    1.047129e-05    9.769129e-03    9.665756e-06
    1.071519e-05    9.996910e-03    9.954187e-06
    1.096478e-05    1.023000e-02    1.025102e-05
    1.122018e-05    1.046853e-02    1.055668e-05
    1.148154e-05    1.071263e-02    1.087167e-05
    1.174898e-05    1.096241e-02    1.119467e-05
    1.202264e-05    1.121803e-02    1.152838e-05
    1.230269e-05    1.147960e-02    1.187085e-05
    1.258925e-05    1.174728e-02    1.222471e-05
    1.288250e-05    1.202120e-02    1.258810e-05
    1.318257e-05    1.230150e-02    1.296330e-05
    1.348963e-05    1.258835e-02    1.334826e-05
    1.380384e-05    1.288189e-02    1.374468e-05
    1.412538e-05    1.318227e-02    1.415284e-05
    1.445440e-05    1.348966e-02    1.457310e-05
    1.479108e-05    1.380422e-02    1.500499e-05
    1.513561e-05    1.412612e-02    1.544971e-05
    1.548817e-05    1.445552e-02    1.590839e-05
    1.584893e-05    1.479261e-02    1.637982e-05
    1.621810e-05    1.513756e-02    1.686520e-05
    1.659587e-05    1.549056e-02    1.736397e-05
    1.698244e-05    1.585179e-02    1.787936e-05
    1.737801e-05    1.622145e-02    1.840773e-05
    1.778279e-05    1.659973e-02    1.895201e-05
    1.819701e-05    1.698684e-02    1.951242e-05
    1.862087e-05    1.738298e-02    2.008936e-05
    1.905461e-05    1.778836e-02    2.068073e-05
    1.949845e-05    1.820319e-02    2.129206e-05
    1.995262e-05    1.862770e-02    2.192149e-05
    2.041738e-05    1.906211e-02    2.256667e-05
    2.089296e-05    1.950666e-02    2.323370e-05
    2.137962e-05    1.996158e-02    2.391731e-05
    2.187762e-05    2.042711e-02    2.462159e-05
    2.238721e-05    2.090351e-02    2.534921e-05
    2.290868e-05    2.139101e-02    2.609490e-05
    2.344229e-05    2.188989e-02    2.685977e-05
    2.398833e-05    2.240041e-02    2.765046e-05
    2.454709e-05    2.292284e-02    2.846367e-05
    2.511886e-05    2.345745e-02    2.930146e-05
    2.570396e-05    2.400454e-02    3.016004e-05
    2.630268e-05    2.456439e-02    3.104686e-05
    2.691535e-05    2.513731e-02    3.195644e-05
    2.754229e-05    2.572359e-02    3.289501e-05
    2.818383e-05    2.632354e-02    3.386024e-05
    2.884032e-05    2.693750e-02    3.485201e-05
    2.951209e-05    2.756578e-02    3.586894e-05
    3.019952e-05    2.820872e-02    3.691921e-05
    3.090295e-05    2.886666e-02    3.800031e-05
    3.162278e-05    2.953995e-02    3.911089e-05
    3.235937e-05    3.022895e-02    4.025366e-05
    3.311311e-05    3.093403e-02    4.142768e-05
    3.388442e-05    3.165556e-02    4.264020e-05
    3.467369e-05    3.239392e-02    4.388361e-05
    3.548134e-05    3.314951e-02    4.516315e-05
    3.630781e-05    3.392273e-02    4.647967e-05
    3.715352e-05    3.471400e-02    4.783371e-05
    3.801894e-05    3.552372e-02    4.922781e-05
    3.890451e-05    3.635235e-02    5.066266e-05
    3.981072e-05    3.720030e-02    5.213251e-05
    4.073803e-05    3.806804e-02    5.364566e-05
    4.168694e-05    3.895603e-02    5.520883e-05
    4.265795e-05    3.986474e-02    5.680981e-05
    4.365158e-05    4.079466e-02    5.845851e-05
    4.466836e-05    4.174627e-02    6.015337e-05
    4.570882e-05    4.272010e-02    6.189752e-05
    4.677351e-05    4.371664e-02    6.369297e-05
    4.786301e-05    4.473644e-02    6.553219e-05
    4.897788e-05    4.578004e-02    6.743135e-05
    5.011872e-05    4.684799e-02    6.938707e-05
    5.128614e-05    4.794087e-02    7.138965e-05
    5.248075e-05    4.905925e-02    7.345020e-05
    5.370318e-05    5.020373e-02    7.556956e-05
    5.495409e-05    5.137491e-02    7.775025e-05
    5.623413e-05    5.257343e-02    7.999316e-05
    5.754399e-05    5.379992e-02    8.230097e-05
    5.888437e-05    5.505503e-02    8.466988e-05
    6.025596e-05    5.633944e-02    8.710719e-05
    6.165950e-05    5.765381e-02    8.961882e-05
    6.309573e-05    5.899887e-02    9.219280e-05
    6.456542e-05    6.037531e-02    9.483799e-05
    6.606934e-05    6.178388e-02    9.756057e-05
    6.760830e-05    6.322533e-02    1.003616e-04
    6.918310e-05    6.470042e-02    1.032400e-04
    7.079458e-05    6.620993e-02    1.062032e-04
    7.244360e-05    6.775468e-02    1.092361e-04
    7.413102e-05    6.933547e-02    1.123699e-04
    7.585776e-05    7.095317e-02    1.155786e-04
    7.762471e-05    7.260862e-02    1.188799e-04
    7.943282e-05    7.430271e-02    1.222797e-04
    8.128305e-05    7.603635e-02    1.257628e-04
    8.317638e-05    7.781044e-02    1.293510e-04
    8.511380e-05    7.962595e-02    1.330434e-04
    8.709636e-05    8.148383e-02    1.368392e-04
    8.912509e-05    8.338507e-02    1.407255e-04
    9.120108e-05    8.533070e-02    1.447381e-04
    9.332543e-05    8.732174e-02    1.488474e-04
    9.549926e-05    8.935925e-02    1.530737e-04
    9.772372e-05    9.144433e-02    1.574153e-04
    1.000000e-04    9.357807e-02    1.618822e-04
    1.023293e-04    9.576163e-02    1.664751e-04
    1.047129e-04    9.799615e-02    1.711988e-04
    1.071519e-04    1.002828e-01    1.760306e-04
    1.096478e-04    1.026229e-01    1.810224e-04
    1.122018e-04    1.050176e-01    1.861296e-04
    1.148154e-04    1.074682e-01    1.913833e-04
    1.174898e-04    1.099760e-01    1.967823e-04
    1.202264e-04    1.125423e-01    2.023310e-04
    1.230269e-04    1.151685e-01    2.080388e-04
    1.258925e-04    1.178561e-01    2.139027e-04
    1.288250e-04    1.206064e-01    2.199045e-04
    1.318257e-04    1.234209e-01    2.261004e-04
    1.348963e-04    1.263011e-01    2.324418e-04
    1.380384e-04    1.292485e-01    2.389598e-04
    1.412538e-04    1.322648e-01    2.456612e-04
    1.445440e-04    1.353515e-01    2.525468e-04
    1.479108e-04    1.385102e-01    2.596194e-04
    1.513561e-04    1.417427e-01    2.668932e-04
    1.548817e-04    1.450506e-01    2.743691e-04
    1.584893e-04    1.484358e-01    2.820137e-04
    1.621810e-04    1.519000e-01    2.898744e-04
    1.659587e-04    1.554451e-01    2.979472e-04
    1.698244e-04    1.590729e-01    3.062427e-04
    1.737801e-04    1.627855e-01    3.147726e-04
    1.778279e-04    1.665847e-01    3.235293e-04
    1.819701e-04    1.704726e-01    3.325305e-04
    1.862087e-04    1.744514e-01    3.417378e-04
    1.905461e-04    1.785230e-01    3.512409e-04
    1.949845e-04    1.826896e-01    3.609611e-04
    1.995262e-04    1.869536e-01    3.709477e-04
    2.041738e-04    1.913171e-01    3.812077e-04
    2.089296e-04    1.957825e-01    3.917421e-04
    2.137962e-04    2.003521e-01    4.025671e-04
    2.187762e-04    2.050285e-01    4.136925e-04
    2.238721e-04    2.098140e-01    4.250617e-04
    2.290868e-04    2.147113e-01    4.368021e-04
    2.344229e-04    2.197174e-01    4.451033e-04
    2.398833e-04    2.248459e-01    4.572847e-04
    2.454709e-04    2.300941e-01    4.697971e-04
    2.511886e-04    2.354648e-01    4.826454e-04
    2.570396e-04    2.409609e-01    4.958427e-04
    2.630268e-04    2.465854e-01    5.093939e-04
    2.691535e-04    2.523412e-01    5.232451e-04
    2.754229e-04    2.582314e-01    5.375350e-04
    2.818383e-04    2.642592e-01    5.521404e-04
    2.884032e-04    2.704274e-01    5.444982e-04
    2.951209e-04    2.767396e-01    5.509801e-04
    3.019952e-04    2.831991e-01    5.575036e-04
    3.090295e-04    2.898091e-01    5.638432e-04
    3.162278e-04    2.965733e-01    5.702757e-04
    3.235937e-04    3.034952e-01    5.767834e-04
    3.311311e-04    3.105785e-01    5.834094e-04
    3.388442e-04    3.178270e-01    5.901378e-04
    3.467369e-04    3.252444e-01    5.967463e-04
    3.548134e-04    3.328348e-01    6.035353e-04
    3.630781e-04    3.406021e-01    6.107014e-04
    3.715352e-04    3.485506e-01    6.179026e-04
    3.801894e-04    3.566844e-01    6.249887e-04
    3.890451e-04    3.650078e-01    6.326373e-04
    3.981072e-04    3.735252e-01    6.404589e-04
    4.073803e-04    3.822413e-01    6.479836e-04
    4.168694e-04    3.911606e-01    6.561936e-04
    4.265795e-04    4.002878e-01    6.646309e-04
    4.365158e-04    4.096278e-01    6.732549e-04
    4.466836e-04    4.191856e-01    6.818259e-04
    4.570882e-04    4.289662e-01    6.907384e-04
    4.677351e-04    4.389749e-01    7.000850e-04
    4.786301e-04    4.492169e-01    7.096631e-04
    4.897788e-04    4.596977e-01    7.195419e-04
    5.011872e-04    4.704229e-01    7.296782e-04
    5.128614e-04    4.813981e-01    7.405422e-04
    5.248075e-04    4.926293e-01    7.513634e-04
    5.370318e-04    5.041223e-01    7.624247e-04
    5.495409e-04    5.158833e-01    7.738011e-04
    5.623413e-04    5.279185e-01    7.860654e-04
    5.754399e-04    5.402344e-01    7.981293e-04
    5.888437e-04    5.528374e-01    8.110678e-04
    6.025596e-04    5.657342e-01    8.241308e-04
    6.165950e-04    5.789319e-01    8.376349e-04
    6.309573e-04    5.924372e-01    8.518222e-04
    6.456542e-04    6.062574e-01    8.663959e-04
    6.606934e-04    6.204000e-01    8.814479e-04
    6.760830e-04    6.348723e-01    8.969626e-04
    6.918310e-04    6.496820e-01    9.129613e-04
    7.079458e-04    6.648372e-01    9.294660e-04
    7.244360e-04    6.803457e-01    9.470191e-04
    7.413102e-04    6.962159e-01    9.645743e-04
    7.585776e-04    7.124561e-01    9.832853e-04
    7.762471e-04    7.290752e-01    1.002031e-03
    7.943282e-04    7.460817e-01    1.021876e-03
    8.128305e-04    7.634849e-01    1.042396e-03
    8.317638e-04    7.812939e-01    1.063575e-03
    8.511380e-04    7.995183e-01    1.085442e-03
    8.709636e-04    8.181677e-01    1.108051e-03
    8.912509e-04    8.372520e-01    1.131906e-03
    9.120108e-04    8.567814e-01    1.156019e-03
    9.332543e-04    8.767663e-01    1.181400e-03
    9.549926e-04    8.972173e-01    1.207208e-03
    9.772372e-04    9.181453e-01    1.234357e-03
    1.000000e-03    9.395614e-01    1.262394e-03
    1.023293e-03    9.614770e-01    1.291407e-03
    1.047129e-03    9.839038e-01    1.321358e-03
    1.071519e-03    1.006854e+00    1.352799e-03
    1.096478e-03    1.030339e+00    1.384895e-03
    1.122018e-03    1.054372e+00    1.418527e-03
    1.148154e-03    1.078966e+00    1.452823e-03
    1.174898e-03    1.104133e+00    1.488794e-03
    1.202264e-03    1.129887e+00    1.525950e-03
    1.230269e-03    1.156243e+00    1.564485e-03
    1.258925e-03    1.183212e+00    1.604738e-03
    1.288250e-03    1.210812e+00    1.645912e-03
    1.318257e-03    1.239055e+00    1.688972e-03
    1.348963e-03    1.267956e+00    1.733558e-03
    1.380384e-03    1.297533e+00    1.779667e-03
    1.412538e-03    1.327799e+00    1.827392e-03
    1.445440e-03    1.358771e+00    1.876764e-03
    1.479108e-03    1.390466e+00    1.928333e-03
    1.513561e-03    1.422900e+00    1.981206e-03
    1.548817e-03    1.456092e+00    2.036422e-03
    1.584893e-03    1.490057e+00    2.093573e-03
    1.621810e-03    1.524815e+00    2.152699e-03
    1.659587e-03    1.560384e+00    2.214379e-03
    1.698244e-03    1.596784e+00    2.277733e-03
    1.737801e-03    1.634032e+00    2.343811e-03
    1.778279e-03    1.672150e+00    2.412164e-03
    1.819701e-03    1.711157e+00    2.482955e-03
    1.862087e-03    1.751074e+00    2.556204e-03
    1.905461e-03    1.791923e+00    2.632518e-03
    1.949845e-03    1.833726e+00    2.711208e-03
    1.995262e-03    1.876503e+00    2.792777e-03
    2.041738e-03    1.920280e+00    2.877559e-03
    2.089296e-03    1.965078e+00    2.965443e-03
    2.137962e-03    2.010921e+00    3.056179e-03
    2.187762e-03    2.057834e+00    3.150509e-03
    2.238721e-03    2.105843e+00    3.248168e-03
    2.290868e-03    2.154972e+00    3.349325e-03
    2.344229e-03    2.205248e+00    3.454356e-03
    2.398833e-03    2.256697e+00    3.563033e-03
    2.454709e-03    2.309347e+00    3.675429e-03
    2.511886e-03    2.363227e+00    3.791959e-03
    2.570396e-03    2.418364e+00    3.913010e-03
    2.630268e-03    2.474788e+00    4.037888e-03
    2.691535e-03    2.532530e+00    4.167800e-03
    2.754229e-03    2.591620e+00    4.302104e-03
    2.818383e-03    2.652089e+00    4.441366e-03
    2.884032e-03    2.713970e+00    4.585423e-03
    2.951209e-03    2.777296e+00    4.734774e-03
    3.019952e-03    2.842100e+00    4.889360e-03
    4.475804e-03    4.214732e+00    4.920595e-03
    4.580278e-03    4.313229e+00    5.083226e-03
    4.687195e-03    4.414035e+00    5.250886e-03
    4.796616e-03    4.517202e+00    5.423717e-03
    4.908596e-03    4.622789e+00    5.601857e-03
    5.023198e-03    4.730850e+00    5.785455e-03
    5.140482e-03    4.841445e+00    5.974656e-03
    5.260512e-03    4.954635e+00    6.169612e-03
    5.383352e-03    5.070479e+00    6.370481e-03
    5.509069e-03    5.189040e+00    6.577416e-03
    5.637730e-03    5.310383e+00    6.790582e-03
    5.769404e-03    5.434574e+00    7.010140e-03
    5.904164e-03    5.561678e+00    7.236261e-03
    6.042080e-03    5.691765e+00    7.469115e-03
    6.183228e-03    5.824908e+00    7.708876e-03
    6.327684e-03    5.961175e+00    7.955723e-03
    6.475526e-03    6.100643e+00    8.209837e-03
    6.626833e-03    6.243386e+00    8.471404e-03
    6.781689e-03    6.389481e+00    8.740611e-03
    6.940176e-03    6.539010e+00    9.017653e-03
    7.102379e-03    6.692051e+00    9.302724e-03
    7.268388e-03    6.848690e+00    9.596025e-03
    7.438290e-03    7.009010e+00    9.897760e-03
    7.612181e-03    7.173099e+00    1.020813e-02
    7.790151e-03    7.341047e+00    1.052736e-02
    7.972299e-03    7.512945e+00    1.085566e-02
    8.158724e-03    7.688885e+00    1.119325e-02
    8.349526e-03    7.868965e+00    1.154034e-02
    8.544809e-03    8.053282e+00    1.189718e-02
    8.744680e-03    8.241938e+00    1.226399e-02
    8.949245e-03    8.435034e+00    1.264102e-02
    9.158618e-03    8.632678e+00    1.302850e-02
    9.372912e-03    8.834974e+00    1.342668e-02
    9.592244e-03    9.042038e+00    1.383583e-02
    9.816732e-03    9.253977e+00    1.425618e-02
    1.004650e-02    9.470912e+00    1.468802e-02
    1.028167e-02    9.692960e+00    1.513161e-02
    1.052238e-02    9.920242e+00    1.558722e-02
    1.076874e-02    1.015288e+01    1.605516e-02
    1.102091e-02    1.039101e+01    1.653569e-02
    1.127901e-02    1.063476e+01    1.702915e-02
    1.154320e-02    1.088426e+01    1.753580e-02
    1.181361e-02    1.113964e+01    1.805599e-02
    1.209038e-02    1.140105e+01    1.859005e-02
    1.237368e-02    1.166864e+01    1.913831e-02
    1.266365e-02    1.194254e+01    1.970113e-02
    1.296046e-02    1.222293e+01    2.027886e-02
    1.326427e-02    1.250992e+01    2.087187e-02
    1.357524e-02    1.280371e+01    2.148058e-02
    1.389355e-02    1.310444e+01    2.210539e-02
    1.421938e-02    1.341228e+01    2.274672e-02
    1.455288e-02    1.372740e+01    2.340503e-02
    1.489426e-02    1.404998e+01    2.408077e-02
    1.524371e-02    1.438019e+01    2.477446e-02
    1.560142e-02    1.471822e+01    2.548660e-02
    1.596757e-02    1.506425e+01    2.621775e-02
    1.634237e-02    1.541848e+01    2.696849e-02
    1.672604e-02    1.578110e+01    2.773944e-02
    1.711879e-02    1.615231e+01    2.853124e-02
    1.752081e-02    1.653232e+01    2.934462e-02
    1.793235e-02    1.692135e+01    3.018029e-02
    1.835363e-02    1.731959e+01    3.103907e-02
    1.878488e-02    1.772728e+01    3.192179e-02
    1.922635e-02    1.814465e+01    3.282939e-02
    1.967827e-02    1.857193e+01    3.376284e-02
    2.014089e-02    1.900935e+01    3.472322e-02
    2.061448e-02    1.945716e+01    3.571165e-02
    2.109930e-02    1.991561e+01    3.672938e-02
    2.159561e-02    2.038495e+01    3.777773e-02
    2.210370e-02    2.086547e+01    3.885816e-02
    2.262384e-02    2.135739e+01    3.997223e-02
    2.315633e-02    2.186102e+01    4.112165e-02
    2.370145e-02    2.237664e+01    4.230824e-02
    2.425952e-02    2.290453e+01    4.353403e-02
    2.483085e-02    2.344499e+01    4.480119e-02
    2.541575e-02    2.399831e+01    4.611210e-02
    2.601456e-02    2.456482e+01    4.746932e-02
    2.662760e-02    2.514484e+01    4.887570e-02
    2.725523e-02    2.573868e+01    5.033429e-02
    2.789778e-02    2.634669e+01    5.184843e-02
    2.855562e-02    2.696920e+01    5.342177e-02
    2.922913e-02    2.760656e+01    5.505828e-02
    2.991867e-02    2.825915e+01    5.676230e-02
    3.062464e-02    2.892732e+01    5.853857e-02
    3.134742e-02    2.961145e+01    6.039225e-02
    3.208745e-02    3.031193e+01    6.232896e-02
    3.284511e-02    3.102916e+01    6.435487e-02
    3.362083e-02    3.176355e+01    6.647666e-02
    3.441507e-02    3.251551e+01    6.870167e-02
    3.522826e-02    3.328546e+01    7.103788e-02
    3.606086e-02    3.407385e+01    7.349398e-02
    3.691335e-02    3.488114e+01    7.607950e-02
    3.778619e-02    3.570777e+01    7.880477e-02
    3.867991e-02    3.655421e+01    8.168111e-02
    3.959497e-02    3.742096e+01    8.472082e-02
    4.053193e-02    3.830851e+01    8.793734e-02
    4.149130e-02    3.921737e+01    9.134529e-02
    4.247362e-02    4.014806e+01    9.496061e-02
    4.347945e-02    4.110113e+01    9.880068e-02
    4.450937e-02    4.207710e+01    1.028844e-01
    4.556397e-02    4.307655e+01    1.072324e-01
    4.664384e-02    4.410006e+01    1.118670e-01
    4.774959e-02    4.514822e+01    1.168128e-01
    4.888186e-02    4.622163e+01    1.220961e-01
    5.004129e-02    4.732093e+01    1.277461e-01
    5.122855e-02    4.844675e+01    1.337939e-01
    5.244433e-02    4.959976e+01    1.402739e-01
    5.368930e-02    5.078061e+01    1.472232e-01
    5.496419e-02    5.199002e+01    1.546822e-01
    5.626973e-02    5.322869e+01    1.626947e-01
    5.760667e-02    5.449734e+01    1.713084e-01
    5.897579e-02    5.579674e+01    1.805751e-01
    6.037787e-02    5.712765e+01    1.905510e-01
    6.181372e-02    5.849086e+01    2.012971e-01
    6.328418e-02    5.988720e+01    2.128798e-01
    6.479009e-02    6.131750e+01    2.253709e-01
    6.633235e-02    6.278261e+01    2.388484e-01
    6.791183e-02    6.428342e+01    2.533968e-01
    6.952948e-02    6.582085e+01    2.691082e-01
    7.118622e-02    6.739584e+01    2.860819e-01
    7.288303e-02    6.900934e+01    3.044259e-01
    7.462093e-02    7.066235e+01    3.242570e-01
    7.640091e-02    7.235591e+01    3.457022e-01
    7.822405e-02    7.409104e+01    3.688986e-01
    8.009142e-02    7.586885e+01    3.939951e-01
    8.200414e-02    7.769046e+01    4.211529e-01
    8.396335e-02    7.955701e+01    4.505464e-01
    8.597023e-02    8.146971e+01    4.823648e-01
    8.802596e-02    8.342977e+01    5.168128e-01
    9.013183e-02    8.543848e+01    5.541118e-01
    9.228908e-02    8.749713e+01    5.945018e-01
    9.449904e-02    8.960711e+01    6.382422e-01
    9.676307e-02    9.176978e+01    6.856140e-01
    9.908256e-02    9.398661e+01    7.369214e-01
    1.014589e-01    9.625910e+01    7.924931e-01
    1.038937e-01    9.858881e+01    8.526852e-01
    1.063884e-01    1.009774e+02    9.178827e-01
    1.076586e-01    1.021942e+02    9.524871e-01
    1.089446e-01    1.034264e+02    9.885018e-01
    1.102462e-01    1.046741e+02    1.025984e+00
    1.115637e-01    1.059376e+02    1.064993e+00
    1.128976e-01    1.072172e+02    1.105592e+00
    1.142478e-01    1.085129e+02    1.147845e+00
    1.156147e-01    1.098252e+02    1.191819e+00
    1.169983e-01    1.111541e+02    1.237583e+00
    1.183991e-01    1.125000e+02    1.285211e+00
    1.198172e-01    1.138631e+02    1.334779e+00
    1.212528e-01    1.152437e+02    1.386363e+00
    1.227073e-01    1.166430e+02    1.440005e+00
    1.241876e-01    1.180679e+02    1.495524e+00
    1.256911e-01    1.195157e+02    1.553148e+00
    1.272166e-01    1.209854e+02    1.613021e+00
    1.287640e-01    1.224770e+02    1.675270e+00
    1.303331e-01    1.239904e+02    1.740011e+00
    1.319241e-01    1.255256e+02    1.807362e+00
    1.335371e-01    1.270830e+02    1.877443e+00
    1.351724e-01    1.286625e+02    1.950376e+00
    1.368300e-01    1.302648e+02    2.026290e+00
    1.385103e-01    1.318898e+02    2.105312e+00
    1.402135e-01    1.335380e+02    2.187580e+00
    1.419400e-01    1.352097e+02    2.273233e+00
    1.436899e-01    1.369052e+02    2.362418e+00
    1.454636e-01    1.386249e+02    2.455286e+00
    1.472615e-01    1.403692e+02    2.551994e+00
    1.490838e-01    1.421384e+02    2.652706e+00
    1.509309e-01    1.439329e+02    2.757592e+00
    1.528032e-01    1.457533e+02    2.866831e+00
    1.547009e-01    1.475998e+02    2.980606e+00
    1.566246e-01    1.494729e+02    3.099108e+00
    1.585746e-01    1.513733e+02    3.222540e+00
    1.605511e-01    1.533010e+02    3.351109e+00
    1.625548e-01    1.552569e+02    3.485032e+00
    1.645861e-01    1.572414e+02    3.624535e+00
    1.666452e-01    1.592548e+02    3.769854e+00
    1.687327e-01    1.612980e+02    3.921235e+00
    1.708491e-01    1.633712e+02    4.078934e+00
    1.729948e-01    1.654753e+02    4.243216e+00
    1.751702e-01    1.676105e+02    4.414362e+00
    1.773759e-01    1.697778e+02    4.592660e+00
    1.796124e-01    1.719776e+02    4.778414e+00
    1.818803e-01    1.742105e+02    4.971937e+00
    1.841798e-01    1.764773e+02    5.173559e+00
    1.865119e-01    1.787786e+02    5.383624e+00
    1.888769e-01    1.811151e+02    5.602489e+00
    1.912753e-01    1.834876e+02    5.830527e+00
    1.937079e-01    1.858968e+02    6.068128e+00
    1.961752e-01    1.883435e+02    6.315698e+00
    1.986779e-01    1.908285e+02    6.573662e+00
    2.012166e-01    1.933526e+02    6.842464e+00
    2.037919e-01    1.959166e+02    7.122565e+00
    2.064047e-01    1.985215e+02    7.414449e+00
    2.090554e-01    2.011681e+02    7.718618e+00
    2.117450e-01    2.038576e+02    8.035603e+00
    2.144740e-01    2.065906e+02    8.365951e+00
    2.172433e-01    2.093685e+02    8.710238e+00
    2.200538e-01    2.121921e+02    9.069066e+00
    2.229062e-01    2.150624e+02    9.443063e+00
    2.258013e-01    2.179808e+02    9.832884e+00
    2.287399e-01    2.209483e+02    1.023922e+01
    2.317232e-01    2.239661e+02    1.066279e+01
    2.347518e-01    2.270356e+02    1.110433e+01
    2.378268e-01    2.301580e+02    1.156465e+01
    2.409492e-01    2.333347e+02    1.204455e+01
    2.441199e-01    2.365670e+02    1.254491e+01
    2.473400e-01    2.398563e+02    1.306662e+01
    2.506106e-01    2.432044e+02    1.361062e+01
    2.539329e-01    2.466126e+02    1.417792e+01
    2.573080e-01    2.500827e+02    1.476954e+01
    2.607369e-01    2.536162e+02    1.538656e+01
    2.642211e-01    2.572151e+02    1.603012e+01
    2.677616e-01    2.608810e+02    1.670144e+01
    2.713600e-01    2.646160e+02    1.740173e+01
    2.750175e-01    2.684221e+02    1.813232e+01
    2.787355e-01    2.723012e+02    1.889459e+01
    2.825155e-01    2.762555e+02    1.968999e+01
    2.863591e-01    2.802874e+02    2.052002e+01
    2.902676e-01    2.843990e+02    2.138629e+01
    2.942429e-01    2.885928e+02    2.229045e+01
    2.982864e-01    2.928716e+02    2.323428e+01
    3.024001e-01    2.972376e+02    2.421962e+01
    3.065856e-01    3.016940e+02    2.524842e+01
    3.108448e-01    3.062434e+02    2.632269e+01
    3.151797e-01    3.108889e+02    2.744461e+01
    3.195921e-01    3.156337e+02    2.861643e+01
    3.240842e-01    3.204809e+02    2.984053e+01
    3.286581e-01    3.254340e+02    3.111941e+01
    3.333161e-01    3.304967e+02    3.245572e+01
    3.380602e-01    3.356725e+02    3.385220e+01
    3.428930e-01    3.409655e+02    3.531182e+01
    3.478169e-01    3.463796e+02    3.683762e+01
    3.528343e-01    3.519192e+02    3.843288e+01
    3.579479e-01    3.575885e+02    4.010102e+01
    3.631604e-01    3.633922e+02    4.184564e+01
    3.684745e-01    3.693354e+02    4.367056e+01
    3.738933e-01    3.754228e+02    4.557980e+01
    3.794193e-01    3.816598e+02    4.757760e+01
    3.850560e-01    3.880519e+02    4.966843e+01
    3.908063e-01    3.946049e+02    5.185701e+01
    3.966734e-01    4.013247e+02    5.414833e+01
    4.026608e-01    4.082175e+02    5.654766e+01
    4.087718e-01    4.152899e+02    5.906055e+01
    4.150099e-01    4.225486e+02    6.169286e+01
    4.213786e-01    4.300007e+02    6.445077e+01
    4.278817e-01    4.376535e+02    6.734084e+01
    4.345227e-01    4.455148e+02    7.036994e+01
    4.413056e-01    4.535924e+02    7.354534e+01
    4.482344e-01    4.618945e+02    7.687473e+01
    4.553127e-01    4.704299e+02    8.036619e+01
    4.625445e-01    4.792071e+02    8.402825e+01
    4.699341e-01    4.882356e+02    8.786991e+01
    4.774852e-01    4.975248e+02    9.190062e+01
    4.852021e-01    5.070846e+02    9.613037e+01
    4.930885e-01    5.169252e+02    1.005696e+02
    5.011489e-01    5.270567e+02    1.052294e+02
    5.093869e-01    5.374902e+02    1.101213e+02
    5.178065e-01    5.482366e+02    1.152575e+02
    5.264117e-01    5.593072e+02    1.206507e+02
    5.352061e-01    5.707138e+02    1.263144e+02
    5.441936e-01    5.824679e+02    1.322624e+02
    5.533774e-01    5.945819e+02    1.385094e+02
    5.627610e-01    6.070681e+02    1.450707e+02
    5.723478e-01    6.199390e+02    1.519622e+02
    5.821404e-01    6.332072e+02    1.592005e+02
    5.921417e-01    6.468856e+02    1.668030e+02
    6.023545e-01    6.609875e+02    1.747874e+02
    6.127806e-01    6.755257e+02    1.831726e+02
    6.234223e-01    6.905138e+02    1.919778e+02
    6.342812e-01    7.059649e+02    2.012230e+02
    6.453587e-01    7.218925e+02    2.109287e+02
    6.566560e-01    7.383100e+02    2.211164e+02
    6.681737e-01    7.552312e+02    2.318082e+02
    6.799125e-01    7.726693e+02    2.430265e+02
    6.918724e-01    7.906383e+02    2.547946e+02
    7.040535e-01    8.091516e+02    2.671367e+02
    7.164552e-01    8.282230e+02    2.800771e+02
    7.290771e-01    8.478661e+02    2.936413e+02
    7.419181e-01    8.680950e+02    3.078549e+02
    7.549772e-01    8.889235e+02    3.227445e+02
    7.682531e-01    9.103656e+02    3.383371e+02
    7.817441e-01    9.324356e+02    3.546608e+02
    7.954488e-01    9.551477e+02    3.717437e+02
    8.093653e-01    9.785166e+02    3.896149e+02
    8.234919e-01    1.002557e+03    4.083042e+02
    8.378265e-01    1.027284e+03    4.278422e+02
    8.523672e-01    1.052714e+03    4.482600e+02
    8.671120e-01    1.078861e+03    4.695893e+02
    8.820589e-01    1.105743e+03    4.918632e+02
    8.972062e-01    1.133375e+03    5.151147e+02
    9.125518e-01    1.161775e+03    5.393785e+02
    9.280939e-01    1.190963e+03    5.646897e+02
    9.438310e-01    1.220953e+03    5.910843e+02
    9.597614e-01    1.251768e+03    6.185995e+02
    9.758836e-01    1.283425e+03    6.472732e+02
    9.921963e-01    1.315944e+03    6.771447e+02
    1.008698e+00    1.349349e+03    7.082539e+02
    1.025389e+00    1.383661e+03    7.406424e+02
    1.042266e+00    1.418900e+03    7.743525e+02
    1.059330e+00    1.455092e+03    8.094280e+02
    1.076581e+00    1.492263e+03    8.459139e+02
    1.094016e+00    1.530434e+03    8.838566e+02
    1.111638e+00    1.569636e+03    9.233038e+02
    1.129444e+00    1.609894e+03    9.643047e+02
    1.147436e+00    1.651236e+03    1.006910e+03
    1.165613e+00    1.693692e+03    1.051173e+03
    1.183976e+00    1.737293e+03    1.097145e+03
    1.202525e+00    1.782070e+03    1.144883e+03
    1.221261e+00    1.828057e+03    1.194445e+03
    1.240185e+00    1.875286e+03    1.245891e+03
    1.259298e+00    1.923794e+03    1.299279e+03
    1.278600e+00    1.973616e+03    1.354674e+03
    1.298093e+00    2.024791e+03    1.412140e+03
    1.317777e+00    2.077358e+03    1.471744e+03
    1.337655e+00    2.131356e+03    1.533556e+03
    1.357728e+00    2.186828e+03    1.597647e+03
    1.377997e+00    2.243817e+03    1.664090e+03
    1.398465e+00    2.302368e+03    1.732961e+03
    1.419132e+00    2.362527e+03    1.804339e+03
    1.440001e+00    2.424342e+03    1.878305e+03
    1.461074e+00    2.487861e+03    1.954943e+03
    1.482352e+00    2.553137e+03    2.034337e+03
    1.503838e+00    2.620221e+03    2.116577e+03
    1.525535e+00    2.689168e+03    2.201755e+03
    1.547443e+00    2.760036e+03    2.289966e+03
    1.569566e+00    2.832880e+03    2.381307e+03
    1.591906e+00    2.907763e+03    2.475880e+03
    1.614466e+00    2.984744e+03    2.573789e+03
    1.637247e+00    3.063890e+03    2.675139e+03
    1.660254e+00    3.145263e+03    2.780044e+03
    1.683487e+00    3.228935e+03    2.888617e+03
    1.706951e+00    3.314975e+03    3.000976e+03
    1.730647e+00    3.403455e+03    3.117243e+03
