    3.000000e-04    2.813926e-01    4.992449e-04
    4.000000e-04    3.755190e-01    5.702837e-04
    5.000000e-04    4.694481e-01    6.393492e-04
    6.000000e-04    5.633771e-01    7.103880e-04
    7.000000e-04    6.575036e-01    7.893200e-04
    8.000000e-04    7.516300e-01    8.603588e-04
    9.000000e-04    8.455590e-01    9.392908e-04
    1.000000e-03    9.396855e-01    1.020196e-03
    1.500000e-03    1.410120e+00    1.470109e-03
    2.000000e-03    1.880752e+00    1.969353e-03
    2.500000e-03    2.351384e+00    2.510038e-03
    3.000000e-03    2.822411e+00    3.100054e-03
    3.500000e-03    3.293240e+00    3.709804e-03
    4.000000e-03    3.764267e+00    4.349153e-03
    4.500000e-03    4.235491e+00    5.020075e-03
    5.000000e-03    4.706715e+00    5.720597e-03
    5.500000e-03    5.177939e+00    6.440851e-03
    6.000000e-03    5.649361e+00    7.180839e-03
    6.500000e-03    6.120585e+00    7.940559e-03
    7.000000e-03    6.592203e+00    8.739746e-03
    7.500000e-03    7.063625e+00    9.550772e-03
    8.000000e-03    7.535243e+00    1.039929e-02
    8.500000e-03    8.006862e+00    1.125965e-02
    9.000000e-03    8.478481e+00    1.214961e-02
    9.500000e-03    8.950297e+00    1.305930e-02
    1.000000e-02    9.422113e+00    1.400056e-02
    1.200000e-02    1.130957e+01    1.807937e-02
    1.400000e-02    1.319802e+01    2.267124e-02
    1.600000e-02    1.508687e+01    2.776038e-02
    1.800000e-02    1.697669e+01    3.348098e-02
    2.000000e-02    1.886692e+01    3.981133e-02
    2.200000e-02    2.075793e+01    4.674156e-02
    2.400000e-02    2.264973e+01    5.434074e-02
    2.600000e-02    2.454193e+01    6.260097e-02
    2.800000e-02    2.643492e+01    7.147095e-02
    3.000000e-02    2.832869e+01    8.101186e-02
    3.200000e-02    3.022287e+01    9.117041e-02
    3.400000e-02    3.211783e+01    1.019407e-01
    3.600000e-02    3.401338e+01    1.133010e-01
    3.800000e-02    3.590972e+01    1.251822e-01
    4.000000e-02    3.780665e+01    1.376515e-01
    4.200000e-02    3.970418e+01    1.506516e-01
    4.400000e-02    4.160229e+01    1.641529e-01
    4.600000e-02    4.350100e+01    1.781318e-01
    4.800000e-02    4.540050e+01    1.925724e-01
    5.000000e-02    4.730059e+01    2.074728e-01
    5.200000e-02    4.920108e+01    2.227836e-01
    5.400000e-02    5.110235e+01    2.385246e-01
    5.600000e-02    5.300422e+01    2.546642e-01
    5.800000e-02    5.490648e+01    2.712340e-01
    6.000000e-02    5.680953e+01    2.881353e-01
    6.200000e-02    5.871298e+01    3.054747e-01
    6.400000e-02    6.061721e+01    3.223346e-01
    6.600000e-02    6.252184e+01    3.404752e-01
    6.800000e-02    6.442706e+01    3.589551e-01
    7.000000e-02    6.633268e+01    3.778554e-01
    7.200000e-02    6.823908e+01    3.970852e-01
    7.400000e-02    7.014588e+01    4.167057e-01
    7.600000e-02    7.205327e+01    4.343667e-01
    7.800000e-02    7.396106e+01    4.553271e-01
    8.000000e-02    7.586944e+01    4.766368e-01
    8.200000e-02    7.777841e+01    4.980668e-01
    8.476000e-02    8.040681e+01    5.247962e-01
    8.832000e-02    8.380682e+01    5.734851e-01
    9.188000e-02    8.720885e+01    6.265116e-01
    9.544000e-02    9.061301e+01    6.843878e-01
    9.900000e-02    9.401940e+01    7.476562e-01
    1.025600e-01    9.742815e+01    8.168877e-01
    1.061200e-01    1.008394e+02    8.926800e-01
    1.096800e-01    1.042533e+02    9.756557e-01
    1.132400e-01    1.076699e+02    1.065848e+00
    1.168000e-01    1.110895e+02    1.162649e+00
    1.203600e-01    1.145121e+02    1.267697e+00
    1.239200e-01    1.179380e+02    1.381976e+00
    1.274800e-01    1.213672e+02    1.506342e+00
    1.310400e-01    1.248000e+02    1.641615e+00
    1.346000e-01    1.282367e+02    1.788602e+00
    1.381600e-01    1.316773e+02    1.948114e+00
    1.417200e-01    1.351223e+02    2.120968e+00
    1.452800e-01    1.385717e+02    2.307993e+00
    1.488400e-01    1.420258e+02    2.510034e+00
    1.524000e-01    1.454849e+02    2.727951e+00
    1.559600e-01    1.489493e+02    2.962622e+00
    1.595200e-01    1.524192e+02    3.214947e+00
    1.630800e-01    1.558950e+02    3.485846e+00
    1.666400e-01    1.593768e+02    3.776263e+00
    1.702000e-01    1.628650e+02    4.087164e+00
    1.737600e-01    1.663599e+02    4.419540e+00
    1.773200e-01    1.698618e+02    4.774406e+00
    1.808800e-01    1.733711e+02    5.152800e+00
    1.844400e-01    1.768880e+02    5.555784e+00
    1.880000e-01    1.804129e+02    5.984444e+00
    1.915600e-01    1.839461e+02    6.439887e+00
    1.951200e-01    1.874880e+02    6.923239e+00
    1.986800e-01    1.910390e+02    7.435641e+00
    2.022400e-01    1.945994e+02    7.978253e+00
    2.058000e-01    1.981697e+02    8.552242e+00
    2.093600e-01    2.017500e+02    9.158782e+00
    2.129200e-01    2.053410e+02    9.799050e+00
    2.164800e-01    2.089430e+02    1.047422e+01
    2.200400e-01    2.125563e+02    1.118546e+01
    2.236000e-01    2.161814e+02    1.193392e+01
    2.271600e-01    2.198187e+02    1.272073e+01
    2.307200e-01    2.234686e+02    1.354700e+01
    2.342800e-01    2.271315e+02    1.441381e+01
    2.378400e-01    2.308079e+02    1.532218e+01
    2.414000e-01    2.344983e+02    1.627312e+01
    2.449600e-01    2.382029e+02    1.726755e+01
    2.485200e-01    2.419223e+02    1.830638e+01
    2.520800e-01    2.456569e+02    1.939041e+01
    2.556400e-01    2.494071e+02    2.052043e+01
    2.592000e-01    2.531734e+02    2.169711e+01
    2.627600e-01    2.569561e+02    2.292109e+01
    2.663200e-01    2.607557e+02    2.419291e+01
    2.698800e-01    2.645727e+02    2.551305e+01
    2.734400e-01    2.684073e+02    2.688192e+01
    2.770000e-01    2.722601e+02    2.829984e+01
    2.805600e-01    2.761315e+02    2.976708e+01
    2.841200e-01    2.800218e+02    3.128382e+01
    2.876800e-01    2.839313e+02    3.285018e+01
    2.912400e-01    2.878606e+02    3.446622e+01
    2.948000e-01    2.918099e+02    3.613192e+01
    2.983600e-01    2.957796e+02    3.784724e+01
    3.019200e-01    2.997701e+02    3.961204e+01
    3.054800e-01    3.037817e+02    4.142615e+01
    3.090400e-01    3.078146e+02    4.322350e+01
    3.126000e-01    3.118665e+02    4.473104e+01
    3.161600e-01    3.159350e+02    4.616020e+01
    3.197200e-01    3.200194e+02    4.755837e+01
    3.232800e-01    3.241192e+02    4.894280e+01
    3.268400e-01    3.282343e+02    5.032248e+01
    3.304000e-01    3.323644e+02    5.170293e+01
    3.339600e-01    3.365094e+02    5.308783e+01
    3.375200e-01    3.406692e+02    5.447980e+01
    3.410800e-01    3.448437e+02    5.586700e+01
    3.446400e-01    3.490319e+02    5.710500e+01
    3.482000e-01    3.532328e+02    5.832695e+01
    3.517600e-01    3.574462e+02    5.955345e+01
    3.553200e-01    3.616720e+02    6.079012e+01
    3.588800e-01    3.659103e+02    6.203960e+01
    3.624400e-01    3.701611e+02    6.330347e+01
    3.660000e-01    3.744244e+02    6.458274e+01
    3.695600e-01    3.787001e+02    6.587812e+01
    3.731200e-01    3.829885e+02    6.719016e+01
    3.766800e-01    3.872894e+02    6.851925e+01
    3.802400e-01    3.916030e+02    6.986572e+01
    3.838000e-01    3.959292e+02    7.122983e+01
    3.873600e-01    4.002682e+02    7.261179e+01
    3.909200e-01    4.046200e+02    7.401178e+01
    3.944800e-01    4.089846e+02    7.542994e+01
    3.980400e-01    4.133621e+02    7.686640e+01
    4.016000e-01    4.177525e+02    7.832126e+01
    4.051600e-01    4.221558e+02    7.979462e+01
    4.087200e-01    4.265722e+02    8.128655e+01
    4.122800e-01    4.310017e+02    8.279712e+01
    4.158400e-01    4.354443e+02    8.432638e+01
    4.194000e-01    4.399001e+02    8.587438e+01
    4.229600e-01    4.443691e+02    8.744116e+01
    4.265200e-01    4.488514e+02    8.902675e+01
    4.300800e-01    4.533469e+02    9.063118e+01
    4.336400e-01    4.578558e+02    9.225447e+01
    4.372000e-01    4.623782e+02    9.389665e+01
    4.407600e-01    4.669139e+02    9.555771e+01
    4.443200e-01    4.714632e+02    9.723768e+01
    4.478800e-01    4.760260e+02    9.893656e+01
    4.514400e-01    4.806024e+02    1.006544e+02
    4.550000e-01    4.851924e+02    1.023911e+02
    4.585600e-01    4.897961e+02    1.041467e+02
    4.621200e-01    4.944134e+02    1.059212e+02
    4.656800e-01    4.990445e+02    1.077146e+02
    4.692400e-01    5.036894e+02    1.095269e+02
    4.728000e-01    5.083481e+02    1.113581e+02
    4.763600e-01    5.130207e+02    1.132082e+02
    4.799200e-01    5.177071e+02    1.150770e+02
    4.834800e-01    5.224075e+02    1.169638e+02
    4.870400e-01    5.271219e+02    1.188690e+02
    4.906000e-01    5.318502e+02    1.207929e+02
    4.941600e-01    5.365926e+02    1.227354e+02
    4.977200e-01    5.413490e+02    1.246967e+02
    5.012800e-01    5.461195e+02    1.266767e+02
    5.048400e-01    5.509042e+02    1.286755e+02
    5.084000e-01    5.557030e+02    1.306930e+02
    5.119600e-01    5.605160e+02    1.327292e+02
    5.155200e-01    5.653432e+02    1.347842e+02
    5.190800e-01    5.701847e+02    1.368579e+02
    5.226400e-01    5.750405e+02    1.389503e+02
    5.262000e-01    5.799106e+02    1.410615e+02
    5.297600e-01    5.847950e+02    1.431912e+02
    5.333200e-01    5.896938e+02    1.453397e+02
    5.368800e-01    5.946070e+02    1.475068e+02
    5.404400e-01    5.995346e+02    1.496925e+02
    5.440000e-01    6.044767e+02    1.518967e+02
    5.475600e-01    6.094333e+02    1.541196e+02
    5.511200e-01    6.144044e+02    1.563610e+02
    5.546800e-01    6.193900e+02    1.586209e+02
    5.582400e-01    6.243902e+02    1.608993e+02
    5.618000e-01    6.294050e+02    1.631962e+02
    5.653600e-01    6.344344e+02    1.655115e+02
    5.689200e-01    6.394784e+02    1.678453e+02
    5.724800e-01    6.445371e+02    1.701974e+02
    5.760400e-01    6.496105e+02    1.725679e+02
    5.796000e-01    6.546986e+02    1.749568e+02
    5.831600e-01    6.598014e+02    1.773639e+02
    5.867200e-01    6.649189e+02    1.797894e+02
    5.902800e-01    6.700513e+02    1.822331e+02
    5.938400e-01    6.751984e+02    1.846951e+02
    5.974000e-01    6.803603e+02    1.871752e+02
    6.009600e-01    6.855371e+02    1.896735e+02
    6.045200e-01    6.907287e+02    1.921900e+02
    6.080800e-01    6.959352e+02    1.947246e+02
    6.116400e-01    7.011566e+02    1.972774e+02
    6.152000e-01    7.063929e+02    1.998482e+02
    6.187600e-01    7.116442e+02    2.024370e+02
    6.223200e-01    7.169103e+02    2.050439e+02
    6.258800e-01    7.221915e+02    2.076687e+02
    6.294400e-01    7.274876e+02    2.103116e+02
    6.330000e-01    7.327987e+02    2.129724e+02
    6.365600e-01    7.381248e+02    2.156511e+02
    6.401200e-01    7.434660e+02    2.183477e+02
    6.436800e-01    7.488222e+02    2.210621e+02
    6.472400e-01    7.541935e+02    2.237945e+02
    6.508000e-01    7.595798e+02    2.265446e+02
    6.543600e-01    7.649813e+02    2.293125e+02
    6.579200e-01    7.703978e+02    2.320982e+02
    6.614800e-01    7.758295e+02    2.349017e+02
    6.650400e-01    7.812763e+02    2.377229e+02
    6.686000e-01    7.867383e+02    2.405618e+02
    6.721600e-01    7.922154e+02    2.434183e+02
    6.757200e-01    7.977077e+02    2.462926e+02
    6.792800e-01    8.032151e+02    2.491844e+02
    6.828400e-01    8.087378e+02    2.520939e+02
    6.864000e-01    8.142757e+02    2.550209e+02
    6.899600e-01    8.198288e+02    2.579656e+02
    6.935200e-01    8.253972e+02    2.609278e+02
    6.970800e-01    8.309808e+02    2.639075e+02
    7.006400e-01    8.365797e+02    2.669047e+02
    7.042000e-01    8.421938e+02    2.699194e+02
    7.077600e-01    8.478233e+02    2.729516e+02
    7.113200e-01    8.534680e+02    2.760012e+02
    7.148800e-01    8.591280e+02    2.790683e+02
    7.184400e-01    8.648034e+02    2.821527e+02
    7.220000e-01    8.704940e+02    2.852546e+02
    7.255600e-01    8.762000e+02    2.883739e+02
    7.291200e-01    8.819214e+02    2.915106e+02
    7.326800e-01    8.876581e+02    2.946646e+02
    7.362400e-01    8.934102e+02    2.978360e+02
    7.398000e-01    8.991777e+02    3.010247e+02
    7.433600e-01    9.049605e+02    3.042307e+02
    7.469200e-01    9.107587e+02    3.074542e+02
    7.504800e-01    9.165724e+02    3.106949e+02
    7.540400e-01    9.224015e+02    3.139531e+02
    7.576000e-01    9.282459e+02    3.172286e+02
    7.611600e-01    9.341058e+02    3.205216e+02
    7.647200e-01    9.399812e+02    3.238321e+02
    7.682800e-01    9.458720e+02    3.271604e+02
    7.718400e-01    9.517783e+02    3.305072e+02
    7.754000e-01    9.577000e+02    3.338710e+02
    7.789600e-01    9.636373e+02    3.372515e+02
    7.825200e-01    9.695900e+02    3.406486e+02
    7.860800e-01    9.755582e+02    3.440625e+02
    7.896400e-01    9.815419e+02    3.474930e+02
    7.932000e-01    9.875411e+02    3.509401e+02
    7.967600e-01    9.935558e+02    3.544038e+02
    8.003200e-01    9.995860e+02    3.578840e+02
    8.038800e-01    1.005632e+03    3.613808e+02
    8.074400e-01    1.011693e+03    3.648942e+02
    8.110000e-01    1.017770e+03    3.684240e+02
    8.145600e-01    1.023862e+03    3.719703e+02
    8.181200e-01    1.029970e+03    3.755331e+02
    8.216800e-01    1.036093e+03    3.791123e+02
    8.252400e-01    1.042232e+03    3.827079e+02
    8.288000e-01    1.048387e+03    3.863200e+02
    8.323600e-01    1.054557e+03    3.899483e+02
    8.359200e-01    1.060742e+03    3.935931e+02
    8.394800e-01    1.066944e+03    3.972541e+02
    8.430400e-01    1.073160e+03    4.009315e+02
    8.466000e-01    1.079393e+03    4.046251e+02
    8.501600e-01    1.085640e+03    4.083350e+02
    8.537200e-01    1.091904e+03    4.120611e+02
    8.572800e-01    1.098183e+03    4.158034e+02
    8.608400e-01    1.104477e+03    4.195619e+02
    8.644000e-01    1.110787e+03    4.233366e+02
    8.679600e-01    1.117113e+03    4.271274e+02
    8.715200e-01    1.123454e+03    4.309343e+02
    8.750800e-01    1.129811e+03    4.347573e+02
    8.786400e-01    1.136184e+03    4.385963e+02
    8.822000e-01    1.142572e+03    4.424514e+02
    8.857600e-01    1.148975e+03    4.463225e+02
    8.893200e-01    1.155395e+03    4.502096e+02
    8.928800e-01    1.161829e+03    4.541126e+02
    8.964400e-01    1.168280e+03    4.580315e+02
    9.000000e-01    1.174746e+03    4.619663e+02
