    1.000000e-07    9.307281e-05    2.148950e-08
    1.023293e-07    9.524127e-05    2.217167e-08
    1.047129e-07    9.746024e-05    2.287256e-08
    1.071519e-07    9.973093e-05    2.359599e-08
    1.096478e-07    1.020545e-04    2.434146e-08
    1.122018e-07    1.044322e-04    2.511089e-08
    1.148154e-07    1.068654e-04    2.590374e-08
    1.174898e-07    1.093552e-04    2.672208e-08
    1.202264e-07    1.119031e-04    2.756532e-08
    1.230269e-07    1.145103e-04    2.843565e-08
    1.258925e-07    1.171782e-04    2.933246e-08
    1.288250e-07    1.199083e-04    3.025807e-08
    1.318257e-07    1.227021e-04    3.120893e-08
    1.348963e-07    1.255609e-04    3.219618e-08
    1.380384e-07    1.284864e-04    3.320740e-08
    1.412538e-07    1.314800e-04    3.425011e-08
    1.445440e-07    1.345434e-04    3.533273e-08
    1.479108e-07    1.376781e-04    3.644159e-08
    1.513561e-07    1.408859e-04    3.758940e-08
    1.548817e-07    1.441685e-04    3.876848e-08
    1.584893e-07    1.475275e-04    3.999083e-08
    1.621810e-07    1.509648e-04    4.124653e-08
    1.659587e-07    1.544822e-04    4.254439e-08
    1.698244e-07    1.580816e-04    4.387759e-08
    1.737801e-07    1.617648e-04    4.525223e-08
    1.778279e-07    1.655338e-04    4.667512e-08
    1.819701e-07    1.693907e-04    4.813673e-08
    1.862087e-07    1.733375e-04    4.964962e-08
    1.905461e-07    1.773762e-04    5.120604e-08
    1.949845e-07    1.815090e-04    5.281089e-08
    1.995262e-07    1.857382e-04    5.446450e-08
    2.041738e-07    1.900659e-04    5.617073e-08
    2.089296e-07    1.944944e-04    5.793002e-08
    2.137962e-07    1.990261e-04    5.974275e-08
    2.187762e-07    2.036635e-04    6.161027e-08
    2.238721e-07    2.084088e-04    6.353576e-08
    2.290868e-07    2.132648e-04    6.552875e-08
    2.344229e-07    2.182339e-04    6.757586e-08
    2.398833e-07    2.233189e-04    6.969472e-08
    2.454709e-07    2.285223e-04    7.186444e-08
    2.511886e-07    2.338469e-04    7.410814e-08
    2.570396e-07    2.392957e-04    7.642146e-08
    2.630268e-07    2.448714e-04    7.881580e-08
    2.691535e-07    2.505771e-04    8.126758e-08
    2.754229e-07    2.564157e-04    8.380294e-08
    2.818383e-07    2.623904e-04    8.642708e-08
    2.884032e-07    2.685043e-04    8.911414e-08
    2.951209e-07    2.747606e-04    9.189277e-08
    3.019952e-07    2.811628e-04    9.475988e-08
    3.090295e-07    2.877142e-04    9.771351e-08
    3.162278e-07    2.944182e-04    1.007540e-07
    3.235937e-07    3.012785e-04    1.038886e-07
    3.311311e-07    3.082986e-04    1.071277e-07
    3.388442e-07    3.154823e-04    1.104646e-07
    3.467369e-07    3.228335e-04    1.138942e-07
    3.548134e-07    3.303559e-04    1.174407e-07
    3.630781e-07    3.380537e-04    1.211000e-07
    3.715352e-07    3.459308e-04    1.248580e-07
    3.801894e-07    3.539916e-04    1.287440e-07
    3.890451e-07    3.622401e-04    1.327380e-07
    3.981072e-07    3.706809e-04    1.368553e-07
    4.073803e-07    3.793184e-04    1.411162e-07
    4.168694e-07    3.881572e-04    1.455056e-07
    4.265795e-07    3.972020e-04    1.500168e-07
    4.365158e-07    4.064576e-04    1.546671e-07
    4.466836e-07    4.159289e-04    1.594610e-07
    4.570882e-07    4.256209e-04    1.644028e-07
    4.677351e-07    4.355387e-04    1.695170e-07
    4.786301e-07    4.456878e-04    1.747690e-07
    4.897788e-07    4.560733e-04    1.801829e-07
    5.011872e-07    4.667009e-04    1.857639e-07
    5.128614e-07    4.775761e-04    1.915169e-07
    5.248075e-07    4.887048e-04    1.974473e-07
    5.370318e-07    5.000929e-04    2.035605e-07
    5.495409e-07    5.117464e-04    2.098869e-07
    5.623413e-07    5.236715e-04    2.163634e-07
    5.754399e-07    5.358745e-04    2.230598e-07
    5.888437e-07    5.483619e-04    2.299625e-07
    6.025596e-07    5.611403e-04    2.370781e-07
    6.165950e-07    5.742165e-04    2.443900e-07
    6.309573e-07    5.875975e-04    2.519501e-07
    6.456542e-07    6.012904e-04    2.597432e-07
    6.606934e-07    6.153024e-04    2.677513e-07
    6.760830e-07    6.296410e-04    2.760312e-07
    6.918310e-07    6.443137e-04    2.845663e-07
    7.079458e-07    6.593285e-04    2.933367e-07
    7.244360e-07    6.746931e-04    3.024048e-07
    7.413102e-07    6.904159e-04    3.117230e-07
    7.585776e-07    7.065052e-04    3.213273e-07
    7.762471e-07    7.229694e-04    3.312575e-07
    7.943282e-07    7.398173e-04    3.414615e-07
    8.128305e-07    7.570580e-04    3.519787e-07
    8.317638e-07    7.747005e-04    3.628527e-07
    8.511380e-07    7.927541e-04    3.740265e-07
    8.709636e-07    8.112286e-04    3.855432e-07
    8.912509e-07    8.301337e-04    3.974129e-07
    9.120108e-07    8.494794e-04    4.096473e-07
    9.332543e-07    8.692760e-04    4.222770e-07
    9.549926e-07    8.895340e-04    4.352948e-07
    9.772372e-07    9.102642e-04    4.486916e-07
    1.000000e-06    9.314776e-04    4.624994e-07
    1.023293e-06    9.531855e-04    4.766859e-07
    1.047129e-06    9.753993e-04    4.913408e-07
    1.071519e-06    9.981309e-04    5.064570e-07
    1.096478e-06    1.021392e-03    5.219876e-07
    1.122018e-06    1.045196e-03    5.380438e-07
    1.148154e-06    1.069554e-03    5.545924e-07
    1.174898e-06    1.094481e-03    5.716486e-07
    1.202264e-06    1.119988e-03    5.891722e-07
    1.230269e-06    1.146090e-03    6.072172e-07
    1.258925e-06    1.172800e-03    6.258871e-07
    1.288250e-06    1.200133e-03    6.450686e-07
    1.318257e-06    1.228103e-03    6.648992e-07
    1.348963e-06    1.256725e-03    6.852730e-07
    1.380384e-06    1.286014e-03    7.062528e-07
    1.412538e-06    1.315986e-03    7.278904e-07
    1.445440e-06    1.346656e-03    7.502591e-07
    1.479108e-06    1.378042e-03    7.731499e-07
    1.513561e-06    1.410159e-03    7.969070e-07
    1.548817e-06    1.443024e-03    8.213145e-07
    1.584893e-06    1.476656e-03    8.464677e-07
    1.621810e-06    1.511072e-03    8.722861e-07
    1.659587e-06    1.546290e-03    8.989964e-07
    1.698244e-06    1.582329e-03    9.265226e-07
    1.737801e-06    1.619208e-03    9.548674e-07
    1.778279e-06    1.656947e-03    9.841003e-07
    1.819701e-06    1.695565e-03    1.014226e-06
    1.862087e-06    1.735084e-03    1.045148e-06
    1.905461e-06    1.775524e-03    1.077138e-06
    1.949845e-06    1.816907e-03    1.109974e-06
    1.995262e-06    1.859254e-03    1.143835e-06
    2.041738e-06    1.902589e-03    1.178839e-06
    2.089296e-06    1.946934e-03    1.214768e-06
    2.137962e-06    1.992313e-03    1.251936e-06
    2.187762e-06    2.038749e-03    1.290088e-06
    2.238721e-06    2.086268e-03    1.329430e-06
    2.290868e-06    2.134895e-03    1.369939e-06
    2.344229e-06    2.184656e-03    1.411711e-06
    2.398833e-06    2.235576e-03    1.454721e-06
    2.454709e-06    2.287684e-03    1.499074e-06
    2.511886e-06    2.341006e-03    1.544740e-06
    2.570396e-06    2.395572e-03    1.591831e-06
    2.630268e-06    2.451410e-03    1.640160e-06
    2.691535e-06    2.508549e-03    1.690316e-06
    2.754229e-06    2.567021e-03    1.741629e-06
    2.818383e-06    2.626856e-03    1.794710e-06
    2.884032e-06    2.688086e-03    1.849182e-06
    2.951209e-06    2.750743e-03    1.905308e-06
    3.019952e-06    2.814861e-03    1.963368e-06
    3.090295e-06    2.880474e-03    2.022952e-06
    3.162278e-06    2.947617e-03    2.084542e-06
    3.235937e-06    3.016325e-03    2.147847e-06
    3.311311e-06    3.086635e-03    2.213019e-06
    3.388442e-06    3.158584e-03    2.280165e-06
    3.467369e-06    3.232211e-03    2.349625e-06
    3.548134e-06    3.307555e-03    2.420909e-06
    3.630781e-06    3.384655e-03    2.494110e-06
    3.715352e-06    3.463553e-03    2.570075e-06
    3.801894e-06    3.544290e-03    2.647773e-06
    3.890451e-06    3.626910e-03    2.728085e-06
    3.981072e-06    3.711456e-03    2.810829e-06
    4.073803e-06    3.797974e-03    2.895797e-06
    4.168694e-06    3.886508e-03    2.983686e-06
    4.265795e-06    3.977107e-03    3.074168e-06
    4.365158e-06    4.069819e-03    3.167083e-06
    4.466836e-06    4.164692e-03    3.262800e-06
    4.570882e-06    4.261777e-03    3.361405e-06
    4.677351e-06    4.361127e-03    3.463322e-06
    4.786301e-06    4.462792e-03    3.567969e-06
    4.897788e-06    4.566828e-03    3.675781e-06
    5.011872e-06    4.673291e-03    3.786844e-06
    5.128614e-06    4.782235e-03    3.901258e-06
    5.248075e-06    4.893720e-03    4.019123e-06
    5.370318e-06    5.007805e-03    4.140340e-06
    5.495409e-06    5.124549e-03    4.265207e-06
    5.623413e-06    5.244017e-03    4.394048e-06
    5.754399e-06    5.366269e-03    4.526765e-06
    5.888437e-06    5.491373e-03    4.663038e-06
    6.025596e-06    5.619394e-03    4.803876e-06
    6.165950e-06    5.750400e-03    4.948477e-06
    6.309573e-06    5.884461e-03    5.097922e-06
    6.456542e-06    6.021649e-03    5.251358e-06
    6.606934e-06    6.162035e-03    5.409405e-06
    6.760830e-06    6.305696e-03    5.572077e-06
    6.918310e-06    6.452706e-03    5.739745e-06
    7.079458e-06    6.603145e-03    5.912464e-06
    7.244360e-06    6.757092e-03    6.090373e-06
    7.413102e-06    6.914629e-03    6.273625e-06
    7.585776e-06    7.075840e-03    6.462242e-06
    7.762471e-06    7.240811e-03    6.656007e-06
    7.943282e-06    7.409628e-03    6.856250e-06
    8.128305e-06    7.582383e-03    7.061636e-06
    8.317638e-06    7.759167e-03    7.274063e-06
    8.511380e-06    7.940073e-03    7.492869e-06
    8.709636e-06    8.125199e-03    7.717313e-06
    8.912509e-06    8.314642e-03    7.948641e-06
    9.120108e-06    8.508503e-03    8.186714e-06
    9.332543e-06    8.706885e-03    8.432065e-06
    9.549926e-06    8.909894e-03    8.684780e-06
    9.772372e-06    9.117638e-03    8.944862e-06
    1.000000e-05    9.330227e-03    9.212920e-06
    1.023293e-05    9.547774e-03    9.488792e-06
    1.047129e-05    9.770395e-03    9.771934e-06
    1.071519e-05    9.998208e-03    1.006470e-05
    1.096478e-05    1.023133e-02    1.036500e-05
    1.122018e-05    1.046990e-02    1.067554e-05
    1.148154e-05    1.071403e-02    1.099403e-05
    1.174898e-05    1.096385e-02    1.132200e-05
    1.202264e-05    1.121950e-02    1.166113e-05
    1.230269e-05    1.148111e-02    1.200897e-05
    1.258925e-05    1.174882e-02    1.236716e-05
    1.288250e-05    1.202278e-02    1.273629e-05
    1.318257e-05    1.230313e-02    1.311614e-05
    1.348963e-05    1.259002e-02    1.350590e-05
    1.380384e-05    1.288360e-02    1.390866e-05
    1.412538e-05    1.318402e-02    1.432196e-05
    1.445440e-05    1.349146e-02    1.474901e-05
    1.479108e-05    1.380606e-02    1.518910e-05
    1.513561e-05    1.412801e-02    1.564032e-05
    1.548817e-05    1.445746e-02    1.610498e-05
    1.584893e-05    1.479460e-02    1.658341e-05
    1.621810e-05    1.513960e-02    1.707603e-05
    1.659587e-05    1.549266e-02    1.758319e-05
    1.698244e-05    1.585394e-02    1.810545e-05
    1.737801e-05    1.622366e-02    1.864319e-05
    1.778279e-05    1.660200e-02    1.919451e-05
    1.819701e-05    1.698916e-02    1.976446e-05
    1.862087e-05    1.738536e-02    2.035137e-05
    1.905461e-05    1.779080e-02    2.095353e-05
    1.949845e-05    1.820569e-02    2.157568e-05
    1.995262e-05    1.863027e-02    2.221391e-05
    2.041738e-05    1.906475e-02    2.287058e-05
    2.089296e-05    1.950937e-02    2.354711e-05
    2.137962e-05    1.996436e-02    2.424362e-05
    2.187762e-05    2.042996e-02    2.496007e-05
    2.238721e-05    2.090643e-02    2.569827e-05
    2.290868e-05    2.139401e-02    2.645826e-05
    2.344229e-05    2.189297e-02    2.723718e-05
    2.398833e-05    2.240356e-02    2.804258e-05
    2.454709e-05    2.292607e-02    2.886815e-05
    2.511886e-05    2.346078e-02    2.971858e-05
    2.570396e-05    2.400795e-02    3.059325e-05
    2.630268e-05    2.456789e-02    3.149765e-05
    2.691535e-05    2.514090e-02    3.242130e-05
    2.754229e-05    2.572727e-02    3.337531e-05
    2.818383e-05    2.632733e-02    3.435817e-05
    2.884032e-05    2.694139e-02    3.536919e-05
    2.951209e-05    2.756977e-02    3.640591e-05
    3.019952e-05    2.821282e-02    3.747779e-05
    3.090295e-05    2.887086e-02    3.858037e-05
    3.162278e-05    2.954427e-02    3.971096e-05
    3.235937e-05    3.023338e-02    4.087476e-05
    3.311311e-05    3.093829e-02    4.188117e-05
    3.388442e-05    3.165992e-02    4.310658e-05
    3.467369e-05    3.239840e-02    4.436772e-05
    3.548134e-05    3.315411e-02    4.566564e-05
    3.630781e-05    3.392745e-02    4.699639e-05
    3.715352e-05    3.471883e-02    4.837096e-05
    3.801894e-05    3.552868e-02    4.978560e-05
    3.890451e-05    3.635743e-02    5.123593e-05
    3.981072e-05    3.720552e-02    5.272841e-05
    4.073803e-05    3.807340e-02    5.427005e-05
    4.168694e-05    3.896153e-02    5.584349e-05
    4.265795e-05    3.987038e-02    5.746969e-05
    4.365158e-05    4.080045e-02    5.914308e-05
    4.466836e-05    4.175221e-02    6.086382e-05
    4.570882e-05    4.272619e-02    6.263568e-05
    4.677351e-05    4.372289e-02    6.445193e-05
    4.786301e-05    4.474286e-02    6.632647e-05
    4.897788e-05    4.578663e-02    6.824932e-05
    5.011872e-05    4.685475e-02    7.022631e-05
    5.128614e-05    4.794780e-02    7.226175e-05
    5.248075e-05    4.906637e-02    7.435449e-05
    5.370318e-05    5.021103e-02    7.650759e-05
    5.495409e-05    5.138241e-02    7.872431e-05
    5.623413e-05    5.258113e-02    8.100343e-05
    5.754399e-05    5.380782e-02    8.333898e-05
    5.888437e-05    5.506314e-02    8.574639e-05
    6.025596e-05    5.634776e-02    8.822305e-05
    6.165950e-05    5.766236e-02    9.076591e-05
    6.309573e-05    5.900764e-02    9.338172e-05
    6.456542e-05    6.038432e-02    9.607257e-05
    6.606934e-05    6.179313e-02    9.884059e-05
    6.760830e-05    6.323482e-02    1.016880e-04
    6.918310e-05    6.471015e-02    1.046052e-04
    7.079458e-05    6.621993e-02    1.076179e-04
    7.244360e-05    6.776494e-02    1.107045e-04
    7.413102e-05    6.934601e-02    1.138920e-04
    7.585776e-05    7.096399e-02    1.171554e-04
    7.762471e-05    7.261973e-02    1.205141e-04
    7.943282e-05    7.431412e-02    1.239686e-04
    8.128305e-05    7.604806e-02    1.275191e-04
    8.317638e-05    7.782247e-02    1.311659e-04
    8.511380e-05    7.963830e-02    1.349138e-04
    8.709636e-05    8.149651e-02    1.387788e-04
    8.912509e-05    8.339810e-02    1.427350e-04
    9.120108e-05    8.534408e-02    1.468032e-04
    9.332543e-05    8.733548e-02    1.509866e-04
    9.549926e-05    8.937337e-02    1.552915e-04
    9.772372e-05    9.145882e-02    1.597154e-04
    1.000000e-04    9.359296e-02    1.642647e-04
    1.023293e-04    9.577692e-02    1.689233e-04
    1.047129e-04    9.801186e-02    1.737332e-04
    1.071519e-04    1.002990e-01    1.786582e-04
    1.096478e-04    1.026395e-01    1.837435e-04
    1.122018e-04    1.050346e-01    1.889508e-04
    1.148154e-04    1.074857e-01    1.943046e-04
    1.174898e-04    1.099939e-01    1.998054e-04
    1.202264e-04    1.125608e-01    2.054647e-04
    1.230269e-04    1.151875e-01    2.112580e-04
    1.258925e-04    1.178756e-01    2.172354e-04
    1.288250e-04    1.206264e-01    2.233585e-04
    1.318257e-04    1.234415e-01    2.296488e-04
    1.348963e-04    1.263222e-01    2.361470e-04
    1.380384e-04    1.292703e-01    2.427942e-04
    1.412538e-04    1.322871e-01    2.496320e-04
    1.445440e-04    1.353744e-01    2.566563e-04
    1.479108e-04    1.385338e-01    2.638454e-04
    1.513561e-04    1.417669e-01    2.712665e-04
    1.548817e-04    1.450755e-01    2.788607e-04
    1.584893e-04    1.484614e-01    2.866663e-04
    1.621810e-04    1.519263e-01    2.947239e-04
    1.659587e-04    1.554721e-01    3.029696e-04
    1.698244e-04    1.591007e-01    3.114434e-04
    1.737801e-04    1.628140e-01    3.201528e-04
    1.778279e-04    1.666140e-01    3.290580e-04
    1.819701e-04    1.705028e-01    3.382554e-04
    1.862087e-04    1.744823e-01    3.476653e-04
    1.905461e-04    1.785548e-01    3.573274e-04
    1.949845e-04    1.827224e-01    3.673074e-04
    1.995262e-04    1.869872e-01    3.775109e-04
    2.041738e-04    1.913517e-01    3.880016e-04
    2.089296e-04    1.958181e-01    3.987487e-04
    2.137962e-04    2.003887e-01    4.097913e-04
    2.187762e-04    2.050661e-01    4.211624e-04
    2.238721e-04    2.098527e-01    4.327922e-04
    2.290868e-04    2.147511e-01    4.447386e-04
    2.344229e-04    2.197638e-01    4.570405e-04
    2.398833e-04    2.248936e-01    4.696790e-04
    2.454709e-04    2.301432e-01    4.826330e-04
    2.511886e-04    2.355155e-01    4.829678e-04
    2.570396e-04    2.410131e-01    4.887415e-04
    2.630268e-04    2.466388e-01    4.940038e-04
    2.691535e-04    2.523958e-01    4.994399e-04
    2.754229e-04    2.582869e-01    5.047990e-04
    2.818383e-04    2.643154e-01    5.098741e-04
    2.884032e-04    2.704845e-01    5.148570e-04
    2.951209e-04    2.767974e-01    5.202322e-04
    3.019952e-04    2.832574e-01    5.256800e-04
    3.090295e-04    2.898681e-01    5.307606e-04
    3.162278e-04    2.966329e-01    5.363915e-04
    3.235937e-04    3.035554e-01    5.416650e-04
    3.311311e-04    3.106392e-01    5.472673e-04
    3.388442e-04    3.178882e-01    5.530265e-04
    3.467369e-04    3.253063e-01    5.586161e-04
    3.548134e-04    3.328972e-01    5.648541e-04
    3.630781e-04    3.406651e-01    5.707176e-04
    3.715352e-04    3.486140e-01    5.767468e-04
    3.801894e-04    3.567483e-01    5.833915e-04
    3.890451e-04    3.650722e-01    5.896982e-04
    3.981072e-04    3.735901e-01    5.964330e-04
    4.073803e-04    3.823066e-01    6.032964e-04
    4.168694e-04    3.912264e-01    6.101004e-04
    4.265795e-04    4.003540e-01    6.175892e-04
    4.365158e-04    4.096945e-01    6.247588e-04
    4.466836e-04    4.192526e-01    6.326283e-04
    4.570882e-04    4.290336e-01    6.402041e-04
    4.677351e-04    4.390426e-01    6.484683e-04
    4.786301e-04    4.492850e-01    6.565225e-04
    4.897788e-04    4.597661e-01    6.651961e-04
    5.011872e-04    4.704916e-01    6.741669e-04
    5.128614e-04    4.814671e-01    6.828878e-04
    5.248075e-04    4.926985e-01    6.923273e-04
    5.370318e-04    5.041917e-01    7.020551e-04
    5.495409e-04    5.159529e-01    7.120749e-04
    5.623413e-04    5.279882e-01    7.223366e-04
    5.754399e-04    5.403042e-01    7.329172e-04
    5.888437e-04    5.529072e-01    7.437988e-04
    6.025596e-04    5.658041e-01    7.549955e-04
    6.165950e-04    5.790017e-01    7.665225e-04
    6.309573e-04    5.925069e-01    7.783951e-04
    6.456542e-04    6.063271e-01    7.905932e-04
    6.606934e-04    6.204694e-01    8.032059e-04
    6.760830e-04    6.349414e-01    8.166704e-04
    6.918310e-04    6.497509e-01    8.300551e-04
    7.079458e-04    6.649056e-01    8.438229e-04
    7.244360e-04    6.804137e-01    8.585339e-04
    7.413102e-04    6.962834e-01    8.731707e-04
    7.585776e-04    7.125230e-01    8.887899e-04
    7.762471e-04    7.291413e-01    9.048767e-04
    7.943282e-04    7.461471e-01    9.209174e-04
    8.128305e-04    7.635493e-01    9.379895e-04
    8.317638e-04    7.813574e-01    9.556140e-04
    8.511380e-04    7.995806e-01    9.737681e-04
    8.709636e-04    8.182288e-01    9.924738e-04
    8.912509e-04    8.373118e-01    1.011778e-03
    9.120108e-04    8.568397e-01    1.031681e-03
    9.332543e-04    8.768230e-01    1.052233e-03
    9.549926e-04    8.972722e-01    1.073956e-03
    9.772372e-04    9.181983e-01    1.095792e-03
    1.000000e-03    9.396124e-01    1.118357e-03
    1.023293e-03    9.615257e-01    1.142180e-03
    1.047129e-03    9.839501e-01    1.166360e-03
    1.071519e-03    1.006897e+00    1.191543e-03
    1.096478e-03    1.030380e+00    1.217678e-03
    1.122018e-03    1.054410e+00    1.244659e-03
    1.148154e-03    1.079000e+00    1.272488e-03
    1.174898e-03    1.104164e+00    1.301230e-03
    1.202264e-03    1.129915e+00    1.330855e-03
    1.230269e-03    1.156266e+00    1.361463e-03
    1.258925e-03    1.183231e+00    1.393026e-03
    1.288250e-03    1.210826e+00    1.426215e-03
    1.318257e-03    1.239064e+00    1.459876e-03
    1.348963e-03    1.267961e+00    1.495232e-03
    1.380384e-03    1.297531e+00    1.531118e-03
    1.412538e-03    1.327791e+00    1.568734e-03
    1.445440e-03    1.358757e+00    1.607603e-03
    1.479108e-03    1.390446e+00    1.647659e-03
    1.513561e-03    1.422873e+00    1.689060e-03
    1.548817e-03    1.456056e+00    1.731855e-03
    1.584893e-03    1.490014e+00    1.775978e-03
    1.621810e-03    1.524763e+00    1.821557e-03
    1.659587e-03    1.560323e+00    1.869220e-03
    1.698244e-03    1.596713e+00    1.917798e-03
    1.737801e-03    1.633951e+00    1.968549e-03
    1.778279e-03    1.672058e+00    2.020432e-03
    1.819701e-03    1.711054e+00    2.074539e-03
    1.862087e-03    1.750959e+00    2.130419e-03
    1.905461e-03    1.791795e+00    2.188136e-03
    1.949845e-03    1.833584e+00    2.247754e-03
    1.995262e-03    1.876348e+00    2.309861e-03
    2.041738e-03    1.920109e+00    2.373447e-03
    2.089296e-03    1.964891e+00    2.439067e-03
    2.137962e-03    2.010717e+00    2.507440e-03
    2.187762e-03    2.057613e+00    2.578038e-03
    2.238721e-03    2.105603e+00    2.650251e-03
    2.290868e-03    2.154712e+00    2.725644e-03
    2.344229e-03    2.204967e+00    2.803379e-03
    2.398833e-03    2.256394e+00    2.884230e-03
    2.454709e-03    2.309022e+00    2.967130e-03
    2.511886e-03    2.362877e+00    3.052784e-03
    2.570396e-03    2.417988e+00    3.141764e-03
    2.630268e-03    2.474385e+00    3.233101e-03
    2.691535e-03    2.532099e+00    3.327974e-03
    2.754229e-03    2.591158e+00    3.425948e-03
    2.818383e-03    2.651596e+00    3.527127e-03
    2.884032e-03    2.713444e+00    3.631588e-03
    2.951209e-03    2.776735e+00    3.739471e-03
    3.019952e-03    2.841503e+00    3.851425e-03
    3.090295e-03    2.907782e+00    3.966476e-03
    3.162278e-03    2.975607e+00    4.085819e-03
    3.235937e-03    3.045016e+00    4.209009e-03
    3.311311e-03    3.116044e+00    4.335896e-03
    3.388442e-03    3.188729e+00    4.467257e-03
    3.467369e-03    3.263111e+00    4.603246e-03
    3.548134e-03    3.339229e+00    4.743287e-03
    3.630781e-03    3.417122e+00    4.887814e-03
    3.715352e-03    3.496834e+00    5.037620e-03
    3.801894e-03    3.578406e+00    5.192306e-03
    3.890451e-03    3.661881e+00    5.351408e-03
    3.981072e-03    3.747305e+00    5.516203e-03
    4.073803e-03    3.834723e+00    5.686324e-03
    4.092607e-03    3.852450e+00    5.721124e-03
    4.111497e-03    3.870258e+00    5.756141e-03
    4.130475e-03    3.888150e+00    5.791375e-03
    4.149540e-03    3.906123e+00    5.826830e-03
    4.168694e-03    3.924180e+00    5.862505e-03
    4.187936e-03    3.942321e+00    5.898316e-03
    4.207266e-03    3.960546e+00    5.934001e-03
    4.226686e-03    3.978854e+00    5.970346e-03
    4.246196e-03    3.997248e+00    6.006917e-03
    4.265795e-03    4.015726e+00    6.043804e-03
    4.285485e-03    4.034290e+00    6.080833e-03
    4.305266e-03    4.052940e+00    6.118092e-03
    4.325138e-03    4.071676e+00    6.155672e-03
    4.345102e-03    4.090499e+00    6.193398e-03
    4.365158e-03    4.109408e+00    6.231358e-03
    4.385307e-03    4.128406e+00    6.269290e-03
    4.405549e-03    4.147491e+00    6.307635e-03
    4.425884e-03    4.166664e+00    6.346399e-03
    4.446313e-03    4.185926e+00    6.385359e-03
    4.466836e-03    4.205277e+00    6.424563e-03
    4.487454e-03    4.224718e+00    6.464055e-03
    4.508167e-03    4.244249e+00    6.503795e-03
    4.528976e-03    4.263869e+00    6.543781e-03
    4.549881e-03    4.283581e+00    6.584017e-03
    4.570882e-03    4.303384e+00    6.624504e-03
    4.591980e-03    4.323278e+00    6.665243e-03
    4.613176e-03    4.343265e+00    6.706235e-03
    4.634469e-03    4.363344e+00    6.747484e-03
    4.655861e-03    4.383515e+00    6.789036e-03
    4.677351e-03    4.403780e+00    6.830847e-03
    4.698941e-03    4.424139e+00    6.872871e-03
    4.720630e-03    4.444592e+00    6.915157e-03
    4.742420e-03    4.465140e+00    6.957802e-03
    4.764310e-03    4.485782e+00    7.000617e-03
    4.786301e-03    4.506520e+00    7.043794e-03
    4.808393e-03    4.527354e+00    7.087145e-03
    4.830588e-03    4.548285e+00    7.130862e-03
    4.852885e-03    4.569312e+00    7.174754e-03
    4.875285e-03    4.590436e+00    7.219016e-03
    4.897788e-03    4.611659e+00    7.263556e-03
    4.920395e-03    4.632979e+00    7.308324e-03
    4.943107e-03    4.654398e+00    7.353369e-03
    4.965923e-03    4.675916e+00    7.398746e-03
    4.988845e-03    4.697533e+00    7.444405e-03
    5.011872e-03    4.719251e+00    7.490841e-03
    5.035006e-03    4.741069e+00    7.537048e-03
    5.058247e-03    4.762988e+00    7.583566e-03
    5.081594e-03    4.785008e+00    7.630374e-03
    5.105050e-03    4.807130e+00    7.677473e-03
    5.128614e-03    4.829355e+00    7.724916e-03
    5.152286e-03    4.851682e+00    7.772654e-03
    5.176068e-03    4.874113e+00    7.820639e-03
    5.199960e-03    4.896647e+00    7.868923e-03
    5.223962e-03    4.919285e+00    7.918016e-03
    5.248075e-03    4.942029e+00    7.966975e-03
    5.272299e-03    4.964877e+00    8.016167e-03
    5.296634e-03    4.987831e+00    8.065768e-03
    5.321083e-03    5.010892e+00    8.115576e-03
    5.345644e-03    5.034059e+00    8.165796e-03
    5.370318e-03    5.057333e+00    8.216225e-03
    5.395106e-03    5.080715e+00    8.267556e-03
    5.420009e-03    5.104205e+00    8.318669e-03
    5.445027e-03    5.127804e+00    8.370099e-03
    5.470160e-03    5.151512e+00    8.421902e-03
    5.495409e-03    5.175329e+00    8.474028e-03
    5.520774e-03    5.199257e+00    8.526859e-03
    5.546257e-03    5.223295e+00    8.579635e-03
    5.571857e-03    5.247445e+00    8.632740e-03
    5.597576e-03    5.271706e+00    8.686175e-03
    5.623413e-03    5.296080e+00    8.739943e-03
    5.649370e-03    5.320566e+00    8.794536e-03
    5.675446e-03    5.345166e+00    8.848976e-03
    5.701643e-03    5.369879e+00    8.903753e-03
    5.727960e-03    5.394707e+00    8.958872e-03
    5.754399e-03    5.419649e+00    9.014827e-03
    5.780960e-03    5.444707e+00    9.070634e-03
    5.807644e-03    5.469881e+00    9.126787e-03
    5.834451e-03    5.495171e+00    9.183290e-03
    5.861382e-03    5.520579e+00    9.240641e-03
    5.888437e-03    5.546104e+00    9.297960e-03
    5.915616e-03    5.571747e+00    9.355524e-03
    5.942922e-03    5.597508e+00    9.414340e-03
    5.970353e-03    5.623389e+00    9.472283e-03
    5.997911e-03    5.649389e+00    9.530984e-03
    6.025596e-03    5.675510e+00    9.589817e-03
    6.053409e-03    5.701752e+00    9.649927e-03
    6.081350e-03    5.728115e+00    9.709729e-03
    6.109420e-03    5.754600e+00    9.769960e-03
    6.137620e-03    5.781207e+00    9.830954e-03
    6.165950e-03    5.807938e+00    9.891935e-03
    6.194411e-03    5.834792e+00    9.953238e-03
    6.223003e-03    5.861771e+00    1.001543e-02
    6.251727e-03    5.888874e+00    1.007749e-02
    6.280584e-03    5.916103e+00    1.013999e-02
    6.309573e-03    5.943458e+00    1.020329e-02
    6.338697e-03    5.970939e+00    1.026658e-02
    6.367955e-03    5.998547e+00    1.033071e-02
    6.397348e-03    6.026283e+00    1.039479e-02
    6.426877e-03    6.054148e+00    1.045926e-02
    6.456542e-03    6.082141e+00    1.052453e-02
    6.486344e-03    6.110264e+00    1.058981e-02
    6.516284e-03    6.138517e+00    1.065594e-02
    6.546362e-03    6.166901e+00    1.072209e-02
    6.576578e-03    6.195416e+00    1.078815e-02
    6.606934e-03    6.224063e+00    1.085590e-02
    6.637431e-03    6.252842e+00    1.092335e-02
    6.668068e-03    6.281755e+00    1.099149e-02
    6.698846e-03    6.310801e+00    1.105971e-02
    6.729767e-03    6.339982e+00    1.112876e-02
    6.760830e-03    6.369298e+00    1.119777e-02
    6.792036e-03    6.398750e+00    1.126773e-02
    6.823387e-03    6.428337e+00    1.133760e-02
    6.854882e-03    6.458062e+00    1.140877e-02
    6.886523e-03    6.487924e+00    1.147917e-02
    6.918310e-03    6.517924e+00    1.155049e-02
    6.950243e-03    6.548064e+00    1.162261e-02
    6.982324e-03    6.578342e+00    1.169457e-02
    7.014553e-03    6.608761e+00    1.176771e-02
    7.046931e-03    6.639320e+00    1.184068e-02
    7.079458e-03    6.670021e+00    1.191460e-02
    7.112135e-03    6.700864e+00    1.198949e-02
    7.144963e-03    6.731850e+00    1.206344e-02
    7.177943e-03    6.762978e+00    1.213869e-02
    7.211075e-03    6.794251e+00    1.221400e-02
    7.244360e-03    6.825669e+00    1.229024e-02
    7.277798e-03    6.857232e+00    1.236655e-02
    7.311391e-03    6.888941e+00    1.244373e-02
    7.345139e-03    6.920797e+00    1.252099e-02
    7.379042e-03    6.952800e+00    1.259912e-02
    7.413102e-03    6.984952e+00    1.267695e-02
    7.447320e-03    7.017252e+00    1.275637e-02
    7.481695e-03    7.049701e+00    1.283589e-02
    7.516229e-03    7.082301e+00    1.291564e-02
    7.550922e-03    7.115051e+00    1.299620e-02
    7.585776e-03    7.147953e+00    1.307694e-02
    7.620790e-03    7.181008e+00    1.315843e-02
    7.655966e-03    7.214215e+00    1.324049e-02
    7.691304e-03    7.247576e+00    1.332273e-02
    7.726806e-03    7.281091e+00    1.340580e-02
    7.762471e-03    7.314761e+00    1.348940e-02
    7.798301e-03    7.348588e+00    1.357309e-02
    7.834296e-03    7.382570e+00    1.365770e-02
    7.870458e-03    7.416710e+00    1.374251e-02
    7.906786e-03    7.451008e+00    1.382824e-02
    7.943282e-03    7.485465e+00    1.391442e-02
    7.979947e-03    7.520081e+00    1.400075e-02
    8.016781e-03    7.554857e+00    1.408799e-02
    8.053784e-03    7.589794e+00    1.417584e-02
    8.090959e-03    7.624893e+00    1.426384e-02
    8.128305e-03    7.660154e+00    1.435271e-02
    8.165824e-03    7.695579e+00    1.444212e-02
    8.203515e-03    7.731167e+00    1.453208e-02
    8.241381e-03    7.766920e+00    1.462234e-02
    8.279422e-03    7.802839e+00    1.471341e-02
    8.317638e-03    7.838923e+00    1.480517e-02
    8.356030e-03    7.875175e+00    1.489698e-02
    8.394600e-03    7.911595e+00    1.498987e-02
    8.433348e-03    7.948183e+00    1.508320e-02
    8.472274e-03    7.984940e+00    1.517709e-02
    8.511380e-03    8.021867e+00    1.527132e-02
    8.550667e-03    8.058966e+00    1.536638e-02
    8.590135e-03    8.096235e+00    1.546216e-02
    8.629785e-03    8.133678e+00    1.555838e-02
    8.669619e-03    8.171294e+00    1.565495e-02
    8.709636e-03    8.209083e+00    1.575236e-02
    8.749838e-03    8.247048e+00    1.585051e-02
    8.790225e-03    8.285188e+00    1.594912e-02
    8.830799e-03    8.323505e+00    1.604839e-02
    8.871560e-03    8.362000e+00    1.614806e-02
    8.912509e-03    8.400672e+00    1.624849e-02
    8.953648e-03    8.439523e+00    1.634954e-02
    8.994976e-03    8.478554e+00    1.645136e-02
    9.036495e-03    8.517766e+00    1.655365e-02
    9.078205e-03    8.557159e+00    1.665641e-02
    9.120108e-03    8.596735e+00    1.676003e-02
    9.162205e-03    8.636493e+00    1.686429e-02
    9.204496e-03    8.676436e+00    1.696919e-02
    9.246982e-03    8.716564e+00    1.707473e-02
    9.289664e-03    8.756877e+00    1.718092e-02
    9.332543e-03    8.797377e+00    1.728753e-02
    9.375620e-03    8.838064e+00    1.739502e-02
    9.418896e-03    8.878939e+00    1.750325e-02
    9.462372e-03    8.920004e+00    1.761199e-02
    9.506048e-03    8.961259e+00    1.772154e-02
    9.549926e-03    9.002704e+00    1.783162e-02
    9.594006e-03    9.044342e+00    1.794252e-02
    9.638290e-03    9.086172e+00    1.805410e-02
    9.682779e-03    9.128196e+00    1.816589e-02
    9.727472e-03    9.170414e+00    1.827895e-02
    9.772372e-03    9.212828e+00    1.839251e-02
    9.817479e-03    9.255438e+00    1.850677e-02
    9.862795e-03    9.298245e+00    1.862181e-02
    9.908319e-03    9.341251e+00    1.873747e-02
    9.954054e-03    9.384455e+00    1.885384e-02
    1.000000e-02    9.427859e+00    1.897100e-02
    1.004616e-02    9.471464e+00    1.908888e-02
    1.009253e-02    9.515272e+00    1.920741e-02
    1.013911e-02    9.559281e+00    1.932665e-02
    1.018591e-02    9.603495e+00    1.944671e-02
    1.023293e-02    9.647913e+00    1.956750e-02
    1.028016e-02    9.692537e+00    1.968895e-02
    1.032761e-02    9.737367e+00    1.981114e-02
    1.037528e-02    9.782405e+00    1.993416e-02
    1.042317e-02    9.827651e+00    2.005794e-02
    1.047129e-02    9.873106e+00    2.018247e-02
    1.051962e-02    9.918772e+00    2.030768e-02
    1.056818e-02    9.964650e+00    2.043366e-02
    1.061696e-02    1.001074e+01    2.056049e-02
    1.066596e-02    1.005704e+01    2.068810e-02
    1.071519e-02    1.010356e+01    2.081649e-02
    1.076465e-02    1.015029e+01    2.094567e-02
    1.081434e-02    1.019724e+01    2.107563e-02
    1.086426e-02    1.024441e+01    2.120639e-02
    1.091440e-02    1.029179e+01    2.133795e-02
    1.096478e-02    1.033940e+01    2.147023e-02
    1.101539e-02    1.038722e+01    2.160341e-02
    1.106624e-02    1.043527e+01    2.173731e-02
    1.111732e-02    1.048353e+01    2.187212e-02
    1.116863e-02    1.053203e+01    2.200776e-02
    1.122018e-02    1.058074e+01    2.214427e-02
    1.127197e-02    1.062968e+01    2.228157e-02
    1.132400e-02    1.067885e+01    2.241978e-02
    1.137627e-02    1.072825e+01    2.255881e-02
    1.142878e-02    1.077787e+01    2.269864e-02
    1.148154e-02    1.082772e+01    2.283933e-02
    1.153453e-02    1.087781e+01    2.298089e-02
    1.158777e-02    1.092813e+01    2.312335e-02
    1.164126e-02    1.097868e+01    2.326664e-02
    1.169499e-02    1.102946e+01    2.341081e-02
    1.174898e-02    1.108048e+01    2.355596e-02
    1.180321e-02    1.113173e+01    2.370185e-02
    1.185769e-02    1.118322e+01    2.384873e-02
    1.191242e-02    1.123495e+01    2.399651e-02
    1.196741e-02    1.128692e+01    2.414514e-02
    1.202264e-02    1.133913e+01    2.429469e-02
    1.207814e-02    1.139159e+01    2.444520e-02
    1.213389e-02    1.144428e+01    2.459666e-02
    1.218990e-02    1.149722e+01    2.474898e-02
    1.224616e-02    1.155040e+01    2.490222e-02
    1.230269e-02    1.160383e+01    2.505645e-02
    1.235947e-02    1.165751e+01    2.521163e-02
    1.241652e-02    1.171144e+01    2.536726e-02
    1.247384e-02    1.176561e+01    2.552481e-02
    1.253141e-02    1.182004e+01    2.568285e-02
    1.258925e-02    1.187472e+01    2.584187e-02
    1.264736e-02    1.192965e+01    2.600186e-02
    1.270574e-02    1.198483e+01    2.616279e-02
    1.276439e-02    1.204027e+01    2.632475e-02
    1.282331e-02    1.209597e+01    2.648770e-02
    1.288250e-02    1.215193e+01    2.665165e-02
    1.294196e-02    1.220814e+01    2.681718e-02
    1.300170e-02    1.226462e+01    2.698252e-02
    1.306171e-02    1.232135e+01    2.714956e-02
    1.312200e-02    1.237835e+01    2.731757e-02
    1.318257e-02    1.243562e+01    2.748700e-02
    1.324342e-02    1.249314e+01    2.765663e-02
    1.330454e-02    1.255094e+01    2.782781e-02
    1.336596e-02    1.260900e+01    2.799999e-02
    1.342765e-02    1.266733e+01    2.817314e-02
    1.348963e-02    1.272593e+01    2.834744e-02
    1.355189e-02    1.278480e+01    2.852287e-02
    1.361445e-02    1.284395e+01    2.869863e-02
    1.367729e-02    1.290337e+01    2.887681e-02
    1.374042e-02    1.296306e+01    2.905544e-02
    1.380384e-02    1.302303e+01    2.923517e-02
    1.386756e-02    1.308328e+01    2.941594e-02
    1.393157e-02    1.314380e+01    2.959789e-02
    1.399587e-02    1.320461e+01    2.978101e-02
    1.406048e-02    1.326570e+01    2.996509e-02
    1.412538e-02    1.332707e+01    3.015047e-02
    1.419058e-02    1.338872e+01    3.033700e-02
    1.425608e-02    1.345066e+01    3.052448e-02
    1.432188e-02    1.351289e+01    3.071331e-02
    1.438799e-02    1.357541e+01    3.090331e-02
    1.445440e-02    1.363821e+01    3.109428e-02
    1.452112e-02    1.370131e+01    3.128663e-02
    1.458814e-02    1.376469e+01    3.148088e-02
    1.465548e-02    1.382838e+01    3.167468e-02
    1.472313e-02    1.389235e+01    3.187062e-02
    1.479108e-02    1.395662e+01    3.206754e-02
    1.485936e-02    1.402119e+01    3.226591e-02
    1.492794e-02    1.408606e+01    3.246550e-02
    1.499685e-02    1.415123e+01    3.266609e-02
    1.506607e-02    1.421670e+01    3.286816e-02
    1.513561e-02    1.428248e+01    3.307123e-02
    1.520548e-02    1.434856e+01    3.327581e-02
    1.527566e-02    1.441494e+01    3.348165e-02
    1.534617e-02    1.448163e+01    3.368857e-02
    1.541700e-02    1.454863e+01    3.389697e-02
    1.548817e-02    1.461594e+01    3.410640e-02
    1.555966e-02    1.468357e+01    3.431745e-02
    1.563148e-02    1.475150e+01    3.452948e-02
    1.570363e-02    1.481975e+01    3.474311e-02
    1.577611e-02    1.488832e+01    3.495892e-02
    1.584893e-02    1.495720e+01    3.517406e-02
    1.592209e-02    1.502641e+01    3.539176e-02
    1.599558e-02    1.509593e+01    3.561044e-02
    1.606941e-02    1.516577e+01    3.583085e-02
    1.614359e-02    1.523594e+01    3.605226e-02
    1.621810e-02    1.530644e+01    3.627537e-02
    1.629296e-02    1.537726e+01    3.649954e-02
    1.636817e-02    1.544840e+01    3.672545e-02
    1.644372e-02    1.551988e+01    3.695241e-02
    1.651962e-02    1.559169e+01    3.718126e-02
    1.659587e-02    1.566383e+01    3.741106e-02
    1.667247e-02    1.573630e+01    3.764267e-02
    1.674943e-02    1.580911e+01    3.787535e-02
    1.682674e-02    1.588226e+01    3.810986e-02
    1.690441e-02    1.595575e+01    3.834546e-02
    1.698244e-02    1.602957e+01    3.858302e-02
    1.706082e-02    1.610374e+01    3.882158e-02
    1.713957e-02    1.617826e+01    3.906202e-02
    1.721869e-02    1.625311e+01    3.930358e-02
    1.729816e-02    1.632832e+01    3.954716e-02
    1.737801e-02    1.640387e+01    3.979170e-02
    1.745822e-02    1.647977e+01    4.003830e-02
    1.753881e-02    1.655602e+01    4.028597e-02
    1.761976e-02    1.663263e+01    4.053642e-02
    1.770109e-02    1.670959e+01    4.078648e-02
    1.778279e-02    1.678691e+01    4.103880e-02
    1.786488e-02    1.686458e+01    4.129332e-02
    1.794734e-02    1.694262e+01    4.154889e-02
    1.803018e-02    1.702102e+01    4.180658e-02
    1.811340e-02    1.709977e+01    4.206532e-02
    1.819701e-02    1.717890e+01    4.232635e-02
    1.828100e-02    1.725839e+01    4.258843e-02
    1.836538e-02    1.733825e+01    4.285216e-02
    1.845015e-02    1.741848e+01    4.311813e-02
    1.853532e-02    1.749908e+01    4.338515e-02
    1.862087e-02    1.758005e+01    4.365457e-02
    1.870682e-02    1.766140e+01    4.392505e-02
    1.879317e-02    1.774313e+01    4.419883e-02
    1.887991e-02    1.782523e+01    4.447178e-02
    1.896706e-02    1.790771e+01    4.474740e-02
    1.905461e-02    1.799058e+01    4.502551e-02
    1.914256e-02    1.807383e+01    4.530471e-02
    1.923092e-02    1.815747e+01    4.558569e-02
    1.931968e-02    1.824149e+01    4.586916e-02
    1.940886e-02    1.832590e+01    4.615369e-02
    1.949845e-02    1.841070e+01    4.644074e-02
    1.958845e-02    1.849590e+01    4.672898e-02
    1.967886e-02    1.858149e+01    4.701907e-02
    1.976970e-02    1.866748e+01    4.731175e-02
    1.986095e-02    1.875386e+01    4.760558e-02
    1.995262e-02    1.884065e+01    4.790123e-02
    2.004472e-02    1.892783e+01    4.819960e-02
    2.013724e-02    1.901543e+01    4.849908e-02
    2.023019e-02    1.910342e+01    4.880054e-02
    2.032357e-02    1.919183e+01    4.910474e-02
    2.041738e-02    1.928064e+01    4.941011e-02
    2.051162e-02    1.936986e+01    4.971740e-02
    2.060630e-02    1.945950e+01    5.002761e-02
    2.070141e-02    1.954956e+01    5.033883e-02
    2.079697e-02    1.964003e+01    5.065219e-02
    2.089296e-02    1.973092e+01    5.096844e-02
    2.098940e-02    1.982223e+01    5.128589e-02
    2.108628e-02    1.991396e+01    5.160541e-02
    2.118361e-02    2.000612e+01    5.192789e-02
    2.128139e-02    2.009871e+01    5.225160e-02
    2.137962e-02    2.019172e+01    5.257730e-02
    2.147830e-02    2.028516e+01    5.290621e-02
    2.157744e-02    2.037904e+01    5.323626e-02
    2.167704e-02    2.047336e+01    5.356853e-02
    2.177710e-02    2.056811e+01    5.390391e-02
    2.187762e-02    2.066329e+01    5.424057e-02
    2.197860e-02    2.075892e+01    5.457944e-02
    2.208005e-02    2.085500e+01    5.492213e-02
    2.218196e-02    2.095151e+01    5.526488e-02
    2.228435e-02    2.104848e+01    5.561039e-02
    2.238721e-02    2.114589e+01    5.595831e-02
    2.249055e-02    2.124376e+01    5.630961e-02
    2.259436e-02    2.134208e+01    5.666211e-02
    2.269865e-02    2.144085e+01    5.701701e-02
    2.280342e-02    2.154008e+01    5.737365e-02
    2.290868e-02    2.163977e+01    5.773496e-02
    2.301442e-02    2.173993e+01    5.809702e-02
    2.312065e-02    2.184054e+01    5.846136e-02
    2.322737e-02    2.194163e+01    5.882949e-02
    2.333458e-02    2.204318e+01    5.919881e-02
    2.344229e-02    2.214520e+01    5.957061e-02
    2.355049e-02    2.224769e+01    5.994720e-02
    2.365920e-02    2.235066e+01    6.032298e-02
    2.376840e-02    2.245411e+01    6.070242e-02
    2.387811e-02    2.255804e+01    6.108442e-02
    2.398833e-02    2.266244e+01    6.146814e-02
    2.409905e-02    2.276733e+01    6.185737e-02
    2.421029e-02    2.287271e+01    6.224714e-02
    2.432204e-02    2.297858e+01    6.263956e-02
    2.443431e-02    2.308493e+01    6.303606e-02
    2.454709e-02    2.319178e+01    6.343386e-02
    2.466039e-02    2.329912e+01    6.383438e-02
    2.477422e-02    2.340696e+01    6.423770e-02
    2.488857e-02    2.351530e+01    6.464513e-02
    2.500345e-02    2.362415e+01    6.505396e-02
    2.511886e-02    2.373349e+01    6.546567e-02
    2.523481e-02    2.384335e+01    6.588015e-02
    2.535129e-02    2.395371e+01    6.629895e-02
    2.546830e-02    2.406458e+01    6.671927e-02
    2.558586e-02    2.417597e+01    6.714243e-02
    2.570396e-02    2.428787e+01    6.756854e-02
    2.582260e-02    2.440030e+01    6.799918e-02
    2.594179e-02    2.451324e+01    6.843132e-02
    2.606154e-02    2.462670e+01    6.886635e-02
    2.618183e-02    2.474070e+01    6.930456e-02
    2.630268e-02    2.485522e+01    6.974740e-02
    2.642409e-02    2.497027e+01    7.019173e-02
    2.654606e-02    2.508585e+01    7.063920e-02
    2.666859e-02    2.520197e+01    7.108988e-02
    2.679168e-02    2.531863e+01    7.154537e-02
    2.691535e-02    2.543583e+01    7.200240e-02
    2.703958e-02    2.555357e+01    7.246269e-02
    2.716439e-02    2.567186e+01    7.292631e-02
    2.728978e-02    2.579069e+01    7.339491e-02
    2.741574e-02    2.591008e+01    7.386513e-02
    2.754229e-02    2.603002e+01    7.433872e-02
    2.766942e-02    2.615051e+01    7.481576e-02
    2.779713e-02    2.627157e+01    7.529797e-02
    2.792544e-02    2.639318e+01    7.578193e-02
    2.805434e-02    2.651536e+01    7.626926e-02
    2.818383e-02    2.663810e+01    7.676024e-02
    2.831392e-02    2.676142e+01    7.725658e-02
    2.844461e-02    2.688530e+01    7.775473e-02
    2.857591e-02    2.700976e+01    7.825646e-02
    2.870781e-02    2.713479e+01    7.876173e-02
    2.884032e-02    2.726041e+01    7.927293e-02
    2.897344e-02    2.738661e+01    7.978578e-02
    2.910717e-02    2.751339e+01    8.030246e-02
    2.924152e-02    2.764076e+01    8.082487e-02
    2.937650e-02    2.776872e+01    8.134923e-02
    2.951209e-02    2.789727e+01    8.187741e-02
    2.964831e-02    2.802642e+01    8.240952e-02
    2.978516e-02    2.815617e+01    8.294775e-02
    2.992265e-02    2.828652e+01    8.348779e-02
    3.006076e-02    2.841747e+01    8.403198e-02
    3.019952e-02    2.854903e+01    8.458241e-02
    3.033891e-02    2.868120e+01    8.513471e-02
    3.047895e-02    2.881398e+01    8.569129e-02
    3.061963e-02    2.894738e+01    8.625440e-02
    3.076097e-02    2.908140e+01    8.681924e-02
    3.090295e-02    2.921604e+01    8.738859e-02
    3.104560e-02    2.935130e+01    8.796228e-02
    3.118890e-02    2.948719e+01    8.854259e-02
    3.133286e-02    2.962371e+01    8.912505e-02
    3.147748e-02    2.976086e+01    8.971205e-02
    3.162278e-02    2.989865e+01    9.030590e-02
    3.176874e-02    3.003707e+01    9.090195e-02
    3.191538e-02    3.017614e+01    9.150261e-02
    3.206269e-02    3.031586e+01    9.211039e-02
    3.221069e-02    3.045622e+01    9.272050e-02
    3.235937e-02    3.059723e+01    9.333508e-02
    3.250873e-02    3.073889e+01    9.395752e-02
    3.265878e-02    3.088121e+01    9.458205e-02
    3.280953e-02    3.102420e+01    9.521398e-02
    3.296097e-02    3.116784e+01    9.584846e-02
    3.311311e-02    3.131215e+01    9.648797e-02
    3.326596e-02    3.145713e+01    9.713510e-02
    3.341950e-02    3.160278e+01    9.778485e-02
    3.357376e-02    3.174911e+01    9.844236e-02
    3.372873e-02    3.189612e+01    9.910256e-02
    3.388442e-02    3.204381e+01    9.977086e-02
    3.404082e-02    3.219218e+01    1.004416e-01
    3.419794e-02    3.234124e+01    1.011179e-01
    3.435579e-02    3.249099e+01    1.018023e-01
    3.451437e-02    3.264144e+01    1.024897e-01
    3.467369e-02    3.279258e+01    1.031854e-01
    3.483373e-02    3.294443e+01    1.038841e-01
    3.499452e-02    3.309698e+01    1.045913e-01
    3.515604e-02    3.325023e+01    1.053015e-01
    3.531832e-02    3.340420e+01    1.060203e-01
    3.548134e-02    3.355888e+01    1.067424e-01
    3.564511e-02    3.371428e+01    1.074733e-01
    3.580964e-02    3.387040e+01    1.082074e-01
    3.597493e-02    3.402724e+01    1.089506e-01
    3.614099e-02    3.418481e+01    1.096971e-01
    3.630781e-02    3.434311e+01    1.104527e-01
    3.647539e-02    3.450215e+01    1.112149e-01
    3.664376e-02    3.466192e+01    1.119805e-01
    3.681290e-02    3.482244e+01    1.127556e-01
    3.698282e-02    3.498370e+01    1.135376e-01
    3.715352e-02    3.514571e+01    1.143227e-01
    3.732502e-02    3.530846e+01    1.151179e-01
    3.749730e-02    3.547198e+01    1.159168e-01
    3.767038e-02    3.563625e+01    1.167258e-01
    3.784426e-02    3.580129e+01    1.175418e-01
    3.801894e-02    3.596708e+01    1.183652e-01
    3.819443e-02    3.613365e+01    1.191920e-01
    3.837072e-02    3.630100e+01    1.200295e-01
    3.854784e-02    3.646912e+01    1.208745e-01
    3.872576e-02    3.663801e+01    1.217271e-01
    3.890451e-02    3.680770e+01    1.225835e-01
    3.908409e-02    3.697816e+01    1.234510e-01
    3.926449e-02    3.714943e+01    1.243262e-01
    3.944573e-02    3.732148e+01    1.252093e-01
    3.962780e-02    3.749433e+01    1.261003e-01
    3.981072e-02    3.766799e+01    1.269995e-01
    3.999447e-02    3.784245e+01    1.279031e-01
    4.017908e-02    3.801772e+01    1.288184e-01
    4.036454e-02    3.819380e+01    1.297421e-01
    4.055085e-02    3.837070e+01    1.306742e-01
    4.073803e-02    3.854843e+01    1.316147e-01
    4.092607e-02    3.872697e+01    1.325640e-01
    4.111497e-02    3.890635e+01    1.335220e-01
    4.130475e-02    3.908656e+01    1.344888e-01
    4.149540e-02    3.926760e+01    1.354646e-01
    4.168694e-02    3.944949e+01    1.364495e-01
    4.187936e-02    3.963222e+01    1.374436e-01
    4.691430e-02    4.441783e+01    1.390133e-01
    4.803017e-02    4.547769e+01    1.441957e-01
    4.917283e-02    4.656312e+01    1.496541e-01
    5.034289e-02    4.767471e+01    1.554090e-01
    5.154102e-02    4.881312e+01    1.614822e-01
    5.276791e-02    4.997899e+01    1.678978e-01
    5.402423e-02    5.117298e+01    1.746811e-01
    5.531068e-02    5.239578e+01    1.818602e-01
    5.662799e-02    5.364809e+01    1.894650e-01
    5.797689e-02    5.493062e+01    1.975281e-01
    5.935814e-02    5.624410e+01    2.060844e-01
    6.077253e-02    5.758929e+01    2.151719e-01
    6.222081e-02    5.896696e+01    2.248315e-01
    6.370381e-02    6.037789e+01    2.351075e-01
    6.522234e-02    6.182288e+01    2.460476e-01
    6.677728e-02    6.330276e+01    2.577032e-01
    6.836946e-02    6.481840e+01    2.701301e-01
    6.999978e-02    6.637063e+01    2.833881e-01
    7.166914e-02    6.796036e+01    2.975421e-01
    7.337845e-02    6.958850e+01    3.126619e-01
    7.512868e-02    7.125598e+01    3.288225e-01
    7.692077e-02    7.296374e+01    3.461053e-01
    7.875574e-02    7.471279e+01    3.645976e-01
    8.063457e-02    7.650409e+01    3.843937e-01
    8.255831e-02    7.833871e+01    4.055951e-01
    8.452802e-02    8.021769e+01    4.283109e-01
    8.654476e-02    8.214210e+01    4.526589e-01
    8.860965e-02    8.411305e+01    4.787659e-01
    9.072382e-02    8.613168e+01    5.067681e-01
    9.288841e-02    8.819916e+01    5.368120e-01
    9.510462e-02    9.031667e+01    5.690558e-01
    9.737364e-02    9.248544e+01    6.036688e-01
    9.969670e-02    9.470672e+01    6.408337e-01
    1.020751e-01    9.698181e+01    6.807466e-01
    1.045100e-01    9.931202e+01    7.236182e-01
    1.070029e-01    1.016987e+02    7.696751e-01
    1.082715e-01    1.029136e+02    7.939733e-01
    1.095551e-01    1.041433e+02    8.191605e-01
    1.108538e-01    1.053877e+02    8.452698e-01
    1.121678e-01    1.066471e+02    8.723357e-01
    1.134974e-01    1.079217e+02    9.003940e-01
    1.148428e-01    1.092120e+02    9.294729e-01
    1.162098e-01    1.105232e+02    9.593784e-01
    1.175966e-01    1.118538e+02    9.902345e-01
    1.190024e-01    1.132029e+02    1.022139e+00
    1.204269e-01    1.145703e+02    1.055160e+00
    1.218698e-01    1.159559e+02    1.089356e+00
    1.233313e-01    1.173598e+02    1.124785e+00
    1.248114e-01    1.187820e+02    1.161503e+00
    1.263102e-01    1.202227e+02    1.199567e+00
    1.278280e-01    1.216819e+02    1.239036e+00
    1.293647e-01    1.231598e+02    1.279969e+00
    1.309205e-01    1.246566e+02    1.322425e+00
    1.324956e-01    1.261726e+02    1.366468e+00
    1.340902e-01    1.277078e+02    1.412160e+00
    1.357046e-01    1.292625e+02    1.459570e+00
    1.373386e-01    1.308369e+02    1.508764e+00
    1.389928e-01    1.324312e+02    1.559813e+00
    1.406671e-01    1.340456e+02    1.612790e+00
    1.423619e-01    1.356804e+02    1.667772e+00
    1.440774e-01    1.373358e+02    1.724833e+00
    1.458137e-01    1.390120e+02    1.784056e+00
    1.475710e-01    1.407092e+02    1.845524e+00
    1.493497e-01    1.424278e+02    1.909322e+00
    1.511498e-01    1.441680e+02    1.975538e+00
    1.529717e-01    1.459300e+02    2.044267e+00
    1.548156e-01    1.477139e+02    2.115602e+00
    1.566816e-01    1.495204e+02    2.189643e+00
    1.585701e-01    1.513493e+02    2.266490e+00
    1.604812e-01    1.532012e+02    2.346250e+00
    1.624153e-01    1.550764e+02    2.429032e+00
    1.643726e-01    1.569750e+02    2.514947e+00
    1.663532e-01    1.588973e+02    2.604115e+00
    1.683575e-01    1.608438e+02    2.696653e+00
    1.703857e-01    1.628145e+02    2.792689e+00
    1.724382e-01    1.648100e+02    2.892351e+00
    1.745151e-01    1.668305e+02    2.995773e+00
    1.766166e-01    1.688762e+02    3.103093e+00
    1.787432e-01    1.709476e+02    3.214455e+00
    1.808951e-01    1.730449e+02    3.330007e+00
    1.830724e-01    1.751686e+02    3.449901e+00
    1.852756e-01    1.773190e+02    3.574298e+00
    1.875049e-01    1.794963e+02    3.703359e+00
    1.897605e-01    1.817010e+02    3.837255e+00
    1.920429e-01    1.839334e+02    3.976161e+00
    1.943523e-01    1.861939e+02    4.120259e+00
    1.966889e-01    1.884828e+02    4.269736e+00
    1.990530e-01    1.908006e+02    4.424787e+00
    2.014451e-01    1.931477e+02    4.585612e+00
    2.038654e-01    1.955243e+02    4.752418e+00
    2.063141e-01    1.979309e+02    4.925421e+00
    2.087917e-01    2.003680e+02    5.104842e+00
    2.112984e-01    2.028361e+02    5.290910e+00
    2.138345e-01    2.053353e+02    5.483864e+00
    2.164005e-01    2.078662e+02    5.683948e+00
    2.189967e-01    2.104294e+02    5.891417e+00
    2.216232e-01    2.130252e+02    6.106533e+00
    2.242806e-01    2.156540e+02    6.329567e+00
    2.269691e-01    2.183164e+02    6.560799e+00
    2.296891e-01    2.210128e+02    6.800520e+00
    2.324411e-01    2.237437e+02    7.049030e+00
    2.352252e-01    2.265095e+02    7.306638e+00
    2.380418e-01    2.293109e+02    7.573667e+00
    2.408914e-01    2.321483e+02    7.850446e+00
    2.437743e-01    2.350223e+02    8.137319e+00
    2.466910e-01    2.379333e+02    8.434640e+00
    2.496417e-01    2.408819e+02    8.742775e+00
    2.526269e-01    2.438688e+02    9.062102e+00
    2.556469e-01    2.468944e+02    9.393014e+00
    2.587022e-01    2.499594e+02    9.735916e+00
    2.617931e-01    2.530644e+02    1.009123e+01
    2.649201e-01    2.562098e+02    1.045937e+01
    2.680835e-01    2.593964e+02    1.084081e+01
    2.712839e-01    2.626248e+02    1.123599e+01
    2.745216e-01    2.658957e+02    1.164540e+01
    2.777970e-01    2.692096e+02    1.206953e+01
    2.811107e-01    2.725673e+02    1.250890e+01
    2.844628e-01    2.759696e+02    1.296403e+01
    2.878541e-01    2.794170e+02    1.343546e+01
    2.912850e-01    2.829103e+02    1.392376e+01
    2.947558e-01    2.864502e+02    1.442952e+01
    2.982671e-01    2.900375e+02    1.495331e+01
    3.018192e-01    2.936729e+02    1.549580e+01
    3.054128e-01    2.973574e+02    1.605762e+01
    3.090482e-01    3.010915e+02    1.663942e+01
    3.127262e-01    3.048762e+02    1.724190e+01
    3.164468e-01    3.087124e+02    1.786577e+01
    3.202109e-01    3.126009e+02    1.851176e+01
    3.240190e-01    3.165424e+02    1.918065e+01
    3.278715e-01    3.205382e+02    1.987321e+01
    3.317688e-01    3.245888e+02    2.059026e+01
    3.357117e-01    3.286955e+02    2.133263e+01
    3.397006e-01    3.328590e+02    2.210121e+01
    3.437362e-01    3.370806e+02    2.289689e+01
    3.478189e-01    3.413610e+02    2.372059e+01
    3.519494e-01    3.457015e+02    2.457329e+01
    3.561281e-01    3.501029e+02    2.545598e+01
    3.603557e-01    3.545667e+02    2.636968e+01
    3.646328e-01    3.590937e+02    2.731546e+01
    3.689601e-01    3.636851e+02    2.829441e+01
    3.733380e-01    3.683421e+02    2.930768e+01
    3.777674e-01    3.730661e+02    3.035645e+01
    3.822487e-01    3.778581e+02    3.144192e+01
    3.867826e-01    3.827196e+02    3.256537e+01
    3.913699e-01    3.876517e+02    3.372809e+01
    3.960112e-01    3.926559e+02    3.493142e+01
    4.007070e-01    3.977335e+02    3.617677e+01
    4.054583e-01    4.028861e+02    3.746558e+01
    4.102656e-01    4.081150e+02    3.879934e+01
    4.151297e-01    4.134217e+02    4.017959e+01
    4.200513e-01    4.188079e+02    4.160794e+01
    4.250311e-01    4.242750e+02    4.308602e+01
    4.300701e-01    4.298247e+02    4.461556e+01
    4.351688e-01    4.354587e+02    4.619833e+01
    4.403280e-01    4.411787e+02    4.783616e+01
    4.455487e-01    4.469866e+02    4.953095e+01
    4.508314e-01    4.528840e+02    5.128467e+01
    4.561773e-01    4.588729e+02    5.309934e+01
    4.615870e-01    4.649554e+02    5.497707e+01
    4.670614e-01    4.711333e+02    5.692005e+01
    4.726016e-01    4.774086e+02    5.893053e+01
    4.782081e-01    4.837836e+02    6.101086e+01
    4.838821e-01    4.902603e+02    6.316345e+01
    4.896246e-01    4.968412e+02    6.539082e+01
    4.954362e-01    5.035283e+02    6.769556e+01
    5.013183e-01    5.103241e+02    7.008037e+01
    5.072716e-01    5.172312e+02    7.254804e+01
    5.132972e-01    5.242519e+02    7.510147e+01
    5.193963e-01    5.313889e+02    7.774365e+01
    5.255696e-01    5.386451e+02    8.047769e+01
    5.318185e-01    5.460229e+02    8.330682e+01
    5.381440e-01    5.535255e+02    8.623436e+01
    5.445472e-01    5.611557e+02    8.926379e+01
    5.510293e-01    5.689167e+02    9.239870e+01
    5.575915e-01    5.768114e+02    9.564282e+01
    5.642350e-01    5.848433e+02    9.900001e+01
    5.709609e-01    5.930156e+02    1.024743e+02
    5.777708e-01    6.013320e+02    1.060698e+02
    5.846656e-01    6.097958e+02    1.097908e+02
    5.916470e-01    6.184111e+02    1.136420e+02
    5.987162e-01    6.271814e+02    1.176278e+02
    6.058746e-01    6.361110e+02    1.217532e+02
    6.131236e-01    6.452039e+02    1.260231e+02
    6.204647e-01    6.544642e+02    1.304428e+02
    6.278994e-01    6.638966e+02    1.350177e+02
    6.354293e-01    6.735056e+02    1.397534e+02
    6.430560e-01    6.832958e+02    1.446557e+02
    6.507812e-01    6.932723e+02    1.497309e+02
    6.586063e-01    7.034402e+02    1.549851e+02
    6.665333e-01    7.138047e+02    1.604249e+02
    6.745639e-01    7.243714e+02    1.660572e+02
    6.826999e-01    7.351459e+02    1.718892e+02
    6.909432e-01    7.461341e+02    1.779282e+02
    6.992957e-01    7.573423e+02    1.841819e+02
    7.077596e-01    7.687767e+02    1.906584e+02
    7.163365e-01    7.804440e+02    1.973660e+02
    7.250291e-01    7.923512e+02    2.043135e+02
    7.338389e-01    8.045052e+02    2.115099e+02
    7.427688e-01    8.169137e+02    2.189647e+02
    7.518208e-01    8.295844e+02    2.266877e+02
    7.609971e-01    8.425254e+02    2.346894e+02
    7.703007e-01    8.557450e+02    2.429803e+02
    7.797336e-01    8.692519e+02    2.515717e+02
    7.892988e-01    8.830555e+02    2.604753e+02
    7.989988e-01    8.971653e+02    2.697033e+02
    8.088367e-01    9.115909e+02    2.792685e+02
    8.188150e-01    9.263429e+02    2.891843e+02
    8.289371e-01    9.414321e+02    2.994645e+02
    8.392060e-01    9.568698e+02    3.101238e+02
    8.496249e-01    9.726679e+02    3.211773e+02
    8.601971e-01    9.888385e+02    3.326412e+02
    8.709261e-01    1.005395e+03    3.445321e+02
    8.818157e-01    1.022349e+03    3.568675e+02
    8.928694e-01    1.039718e+03    3.696658e+02
    9.040912e-01    1.057514e+03    3.829462e+02
    9.154852e-01    1.075754e+03    3.967288e+02
    9.270554e-01    1.094454e+03    4.110350e+02
    9.388065e-01    1.113631e+03    4.258869e+02
    9.507426e-01    1.133301e+03    4.413078e+02
    9.628687e-01    1.153486e+03    4.573223e+02
    9.751898e-01    1.174203e+03    4.739562e+02
    9.877108e-01    1.195475e+03    4.912365e+02
    1.000437e+00    1.217322e+03    5.091919e+02
    1.013374e+00    1.239768e+03    5.278524e+02
    1.026528e+00    1.262837e+03    5.472496e+02
    1.039905e+00    1.286555e+03    5.674170e+02
    1.053510e+00    1.310947e+03    5.883897e+02
    1.067351e+00    1.336042e+03    6.102048e+02
    1.081435e+00    1.361872e+03    6.329015e+02
    1.095768e+00    1.388466e+03    6.565212e+02
    1.110358e+00    1.415857e+03    6.811076e+02
    1.125213e+00    1.444082e+03    7.067071e+02
    1.140341e+00    1.473176e+03    7.333685e+02
    1.155751e+00    1.503180e+03    7.611436e+02
    1.171451e+00    1.534134e+03    7.900872e+02
    1.187452e+00    1.566084e+03    8.202575e+02
    1.203761e+00    1.599076e+03    8.517160e+02
    1.220392e+00    1.633157e+03    8.845281e+02
    1.237352e+00    1.668382e+03    9.187630e+02
    1.254653e+00    1.704805e+03    9.544945e+02
    1.272308e+00    1.742485e+03    9.918006e+02
    1.290327e+00    1.781485e+03    1.030765e+03
    1.308725e+00    1.821870e+03    1.071474e+03
    1.327514e+00    1.863712e+03    1.114022e+03
    1.346708e+00    1.907084e+03    1.158511e+03
    1.366321e+00    1.952065e+03    1.205044e+03
    1.386367e+00    1.998740e+03    1.253737e+03
