    1.000000e-07    9.304243e-05    2.169357e-08
    1.023293e-07    9.521018e-05    2.238211e-08
    1.047129e-07    9.742844e-05    2.308737e-08
    1.071519e-07    9.969838e-05    2.381749e-08
    1.096478e-07    1.020212e-04    2.456982e-08
    1.122018e-07    1.043982e-04    2.534636e-08
    1.148154e-07    1.068305e-04    2.614408e-08
    1.174898e-07    1.093195e-04    2.697239e-08
    1.202264e-07    1.118666e-04    2.782080e-08
    1.230269e-07    1.144729e-04    2.869908e-08
    1.258925e-07    1.171400e-04    2.960129e-08
    1.288250e-07    1.198693e-04    3.053809e-08
    1.318257e-07    1.226621e-04    3.150134e-08
    1.348963e-07    1.255200e-04    3.249084e-08
    1.380384e-07    1.284445e-04    3.351514e-08
    1.412538e-07    1.314372e-04    3.456734e-08
    1.445440e-07    1.344996e-04    3.565654e-08
    1.479108e-07    1.376333e-04    3.677538e-08
    1.513561e-07    1.408401e-04    3.793355e-08
    1.548817e-07    1.441215e-04    3.912324e-08
    1.584893e-07    1.474795e-04    4.034994e-08
    1.621810e-07    1.509157e-04    4.161974e-08
    1.659587e-07    1.544320e-04    4.292408e-08
    1.698244e-07    1.580302e-04    4.427424e-08
    1.737801e-07    1.617122e-04    4.566110e-08
    1.778279e-07    1.654800e-04    4.709667e-08
    1.819701e-07    1.693357e-04    4.857126e-08
    1.862087e-07    1.732812e-04    5.009762e-08
    1.905461e-07    1.773186e-04    5.166546e-08
    1.949845e-07    1.814501e-04    5.328339e-08
    1.995262e-07    1.856779e-04    5.495018e-08
    2.041738e-07    1.900042e-04    5.667547e-08
    2.089296e-07    1.944313e-04    5.844490e-08
    2.137962e-07    1.989615e-04    6.027634e-08
    2.187762e-07    2.035974e-04    6.216026e-08
    2.238721e-07    2.083412e-04    6.410267e-08
    2.290868e-07    2.131956e-04    6.610708e-08
    2.344229e-07    2.181632e-04    6.817198e-08
    2.398833e-07    2.232465e-04    7.030277e-08
    2.454709e-07    2.284482e-04    7.249785e-08
    2.511886e-07    2.337712e-04    7.475408e-08
    2.570396e-07    2.392182e-04    7.709633e-08
    2.630268e-07    2.447921e-04    7.949475e-08
    2.691535e-07    2.504959e-04    8.198466e-08
    2.754229e-07    2.563326e-04    8.453420e-08
    2.818383e-07    2.623054e-04    8.716658e-08
    2.884032e-07    2.684173e-04    8.989110e-08
    2.951209e-07    2.746717e-04    9.268498e-08
    3.019952e-07    2.810718e-04    9.556962e-08
    3.090295e-07    2.876211e-04    9.855522e-08
    3.162278e-07    2.943230e-04    1.016168e-07
    3.235937e-07    3.011811e-04    1.047853e-07
    3.311311e-07    3.081989e-04    1.080393e-07
    3.388442e-07    3.153804e-04    1.114041e-07
    3.467369e-07    3.227292e-04    1.148761e-07
    3.548134e-07    3.302492e-04    1.184417e-07
    3.630781e-07    3.379445e-04    1.221173e-07
    3.715352e-07    3.458191e-04    1.259214e-07
    3.801894e-07    3.538773e-04    1.298279e-07
    3.890451e-07    3.621232e-04    1.338550e-07
    3.981072e-07    3.705613e-04    1.380064e-07
    4.073803e-07    3.791961e-04    1.423028e-07
    4.168694e-07    3.880320e-04    1.467149e-07
    4.265795e-07    3.970739e-04    1.512630e-07
    4.365158e-07    4.063266e-04    1.559555e-07
    4.466836e-07    4.157948e-04    1.607888e-07
    4.570882e-07    4.254837e-04    1.657711e-07
    4.677351e-07    4.353984e-04    1.709071e-07
    4.786301e-07    4.455442e-04    1.762060e-07
    4.897788e-07    4.559264e-04    1.816638e-07
    5.011872e-07    4.665506e-04    1.872899e-07
    5.128614e-07    4.774224e-04    1.930714e-07
    5.248075e-07    4.885476e-04    1.990728e-07
    5.370318e-07    4.999320e-04    2.052165e-07
    5.495409e-07    5.115818e-04    2.115687e-07
    5.623413e-07    5.235031e-04    2.181065e-07
    5.754399e-07    5.357022e-04    2.248455e-07
    5.888437e-07    5.481856e-04    2.318085e-07
    6.025596e-07    5.609600e-04    2.389803e-07
    6.165950e-07    5.740321e-04    2.463500e-07
    6.309573e-07    5.874088e-04    2.539461e-07
    6.456542e-07    6.010974e-04    2.617999e-07
    6.606934e-07    6.151049e-04    2.698705e-07
    6.760830e-07    6.294389e-04    2.782219e-07
    6.918310e-07    6.441070e-04    2.867968e-07
    7.079458e-07    6.591170e-04    2.956487e-07
    7.244360e-07    6.744768e-04    3.047729e-07
    7.413102e-07    6.901946e-04    3.141629e-07
    7.585776e-07    7.062787e-04    3.238412e-07
    7.762471e-07    7.227377e-04    3.338166e-07
    7.943282e-07    7.395804e-04    3.441386e-07
    8.128305e-07    7.568155e-04    3.547373e-07
    8.317638e-07    7.744524e-04    3.656606e-07
    8.511380e-07    7.925004e-04    3.768841e-07
    8.709636e-07    8.109690e-04    3.884873e-07
    8.912509e-07    8.298681e-04    4.004466e-07
    9.120108e-07    8.492077e-04    4.127729e-07
    9.332543e-07    8.689981e-04    4.254773e-07
    9.549926e-07    8.892497e-04    4.385303e-07
    9.772372e-07    9.099734e-04    4.520250e-07
    1.000000e-06    9.311801e-04    4.659336e-07
    1.023293e-06    9.528811e-04    4.802236e-07
    1.047129e-06    9.750879e-04    4.949972e-07
    1.071519e-06    9.978123e-04    5.101758e-07
    1.096478e-06    1.021066e-03    5.258680e-07
    1.122018e-06    1.044863e-03    5.419904e-07
    1.148154e-06    1.069213e-03    5.586055e-07
    1.174898e-06    1.094132e-03    5.757829e-07
    1.202264e-06    1.119631e-03    5.934310e-07
    1.230269e-06    1.145725e-03    6.116184e-07
    1.258925e-06    1.172426e-03    6.304212e-07
    1.288250e-06    1.199751e-03    6.497391e-07
    1.318257e-06    1.227712e-03    6.696473e-07
    1.348963e-06    1.256325e-03    6.901638e-07
    1.380384e-06    1.285605e-03    7.113072e-07
    1.412538e-06    1.315567e-03    7.330967e-07
    1.445440e-06    1.346228e-03    7.555518e-07
    1.479108e-06    1.377603e-03    7.786930e-07
    1.513561e-06    1.409710e-03    8.024454e-07
    1.548817e-06    1.442566e-03    8.270190e-07
    1.584893e-06    1.476187e-03    8.523422e-07
    1.621810e-06    1.510592e-03    8.783567e-07
    1.659587e-06    1.545799e-03    9.052490e-07
    1.698244e-06    1.581827e-03    9.329628e-07
    1.737801e-06    1.618694e-03    9.613167e-07
    1.778279e-06    1.656421e-03    9.907427e-07
    1.819701e-06    1.695028e-03    1.020970e-06
    1.862087e-06    1.734534e-03    1.052218e-06
    1.905461e-06    1.774962e-03    1.084317e-06
    1.949845e-06    1.816331e-03    1.117498e-06
    1.995262e-06    1.858666e-03    1.151446e-06
    2.041738e-06    1.901987e-03    1.186564e-06
    2.089296e-06    1.946318e-03    1.222868e-06
    2.137962e-06    1.991682e-03    1.260160e-06
    2.187762e-06    2.038104e-03    1.298431e-06
    2.238721e-06    2.085609e-03    1.338022e-06
    2.290868e-06    2.134220e-03    1.378817e-06
    2.344229e-06    2.183965e-03    1.420819e-06
    2.398833e-06    2.234870e-03    1.463993e-06
    2.454709e-06    2.286962e-03    1.508619e-06
    2.511886e-06    2.340268e-03    1.554418e-06
    2.570396e-06    2.394816e-03    1.601796e-06
    2.630268e-06    2.450637e-03    1.650615e-06
    2.691535e-06    2.507758e-03    1.700715e-06
    2.754229e-06    2.566212e-03    1.752375e-06
    2.818383e-06    2.626028e-03    1.805774e-06
    2.884032e-06    2.687239e-03    1.860574e-06
    2.951209e-06    2.749877e-03    1.917079e-06
    3.019952e-06    2.813975e-03    1.975250e-06
    3.090295e-06    2.879567e-03    2.035231e-06
    3.162278e-06    2.946689e-03    2.097030e-06
    3.235937e-06    3.015376e-03    2.160649e-06
    3.311311e-06    3.085665e-03    2.226249e-06
    3.388442e-06    3.157592e-03    2.293781e-06
    3.467369e-06    3.231196e-03    2.363415e-06
    3.548134e-06    3.306516e-03    2.434860e-06
    3.630781e-06    3.383592e-03    2.508768e-06
    3.715352e-06    3.462465e-03    2.584604e-06
    3.801894e-06    3.543178e-03    2.663048e-06
    3.890451e-06    3.625772e-03    2.743539e-06
    3.981072e-06    3.710292e-03    2.826798e-06
    4.073803e-06    3.796783e-03    2.912228e-06
    4.168694e-06    3.885290e-03    3.000235e-06
    4.265795e-06    3.975861e-03    3.090969e-06
    4.365158e-06    4.068544e-03    3.184368e-06
    4.466836e-06    4.163388e-03    3.280583e-06
    4.570882e-06    4.260444e-03    3.379780e-06
    4.677351e-06    4.359762e-03    3.481889e-06
    4.786301e-06    4.461396e-03    3.587154e-06
    4.897788e-06    4.565401e-03    3.695156e-06
    5.011872e-06    4.671830e-03    3.806775e-06
    5.128614e-06    4.780741e-03    3.921376e-06
    5.248075e-06    4.892191e-03    4.039911e-06
    5.370318e-06    5.006241e-03    4.161518e-06
    5.495409e-06    5.122950e-03    4.287198e-06
    5.623413e-06    5.242380e-03    4.416235e-06
    5.754399e-06    5.364595e-03    4.549478e-06
    5.888437e-06    5.489661e-03    4.686624e-06
    6.025596e-06    5.617642e-03    4.827413e-06
    6.165950e-06    5.748608e-03    4.972434e-06
    6.309573e-06    5.882628e-03    5.122055e-06
    6.456542e-06    6.019773e-03    5.276813e-06
    6.606934e-06    6.160117e-03    5.435041e-06
    6.760830e-06    6.303733e-03    5.598557e-06
    6.918310e-06    6.450698e-03    5.766983e-06
    7.079458e-06    6.601091e-03    5.939881e-06
    7.244360e-06    6.754991e-03    6.117953e-06
    7.413102e-06    6.912480e-03    6.301962e-06
    7.585776e-06    7.073641e-03    6.490868e-06
    7.762471e-06    7.238561e-03    6.685426e-06
    7.943282e-06    7.407327e-03    6.886488e-06
    8.128305e-06    7.580029e-03    7.092883e-06
    8.317638e-06    7.756759e-03    7.305452e-06
    8.511380e-06    7.937610e-03    7.524380e-06
    8.709636e-06    8.122679e-03    7.749856e-06
    8.912509e-06    8.312064e-03    7.981262e-06
    9.120108e-06    8.505865e-03    8.220403e-06
    9.332543e-06    8.704187e-03    8.466697e-06
    9.549926e-06    8.907134e-03    8.719486e-06
    9.772372e-06    9.114814e-03    8.980705e-06
    1.000000e-05    9.327338e-03    9.248809e-06
    1.023293e-05    9.544819e-03    9.524686e-06
    1.047129e-05    9.767372e-03    9.809957e-06
    1.071519e-05    9.995116e-03    1.010277e-05
    1.096478e-05    1.022817e-02    1.040430e-05
    1.122018e-05    1.046666e-02    1.071482e-05
    1.148154e-05    1.071072e-02    1.103434e-05
    1.174898e-05    1.096046e-02    1.136362e-05
    1.202264e-05    1.121603e-02    1.170153e-05
    1.230269e-05    1.147756e-02    1.205038e-05
    1.258925e-05    1.174520e-02    1.240866e-05
    1.288250e-05    1.201907e-02    1.277887e-05
    1.318257e-05    1.229933e-02    1.315848e-05
    1.348963e-05    1.258613e-02    1.355102e-05
    1.380384e-05    1.287962e-02    1.395210e-05
    1.412538e-05    1.317996e-02    1.436822e-05
    1.445440e-05    1.348730e-02    1.479526e-05
    1.479108e-05    1.380181e-02    1.523464e-05
    1.513561e-05    1.412366e-02    1.568738e-05
    1.548817e-05    1.445301e-02    1.615154e-05
    1.584893e-05    1.479005e-02    1.663142e-05
    1.621810e-05    1.513494e-02    1.712345e-05
    1.659587e-05    1.548789e-02    1.763219e-05
    1.698244e-05    1.584907e-02    1.815376e-05
    1.737801e-05    1.621867e-02    1.869168e-05
    1.778279e-05    1.659689e-02    1.924593e-05
    1.819701e-05    1.698394e-02    1.981506e-05
    1.862087e-05    1.738001e-02    2.040104e-05
    1.905461e-05    1.778533e-02    2.100477e-05
    1.949845e-05    1.820010e-02    2.162586e-05
    1.995262e-05    1.862455e-02    2.226289e-05
    2.041738e-05    1.905890e-02    2.292109e-05
    2.089296e-05    1.950338e-02    2.359921e-05
    2.137962e-05    1.995823e-02    2.429430e-05
    2.187762e-05    2.042369e-02    2.500981e-05
    2.238721e-05    2.090001e-02    2.574892e-05
    2.290868e-05    2.138745e-02    2.650717e-05
    2.344229e-05    2.188625e-02    2.728768e-05
    2.398833e-05    2.239670e-02    2.809172e-05
    2.454709e-05    2.291905e-02    2.891866e-05
    2.511886e-05    2.345359e-02    2.976999e-05
    2.570396e-05    2.400059e-02    3.064310e-05
    2.630268e-05    2.456037e-02    3.154506e-05
    2.691535e-05    2.513320e-02    3.246996e-05
    2.754229e-05    2.571939e-02    3.342131e-05
    2.818383e-05    2.631927e-02    3.440481e-05
    2.884032e-05    2.693314e-02    3.541345e-05
    2.951209e-05    2.756133e-02    3.645143e-05
    3.019952e-05    2.820418e-02    3.751988e-05
    3.090295e-05    2.886203e-02    3.861956e-05
    3.162278e-05    2.953523e-02    3.975122e-05
    3.235937e-05    3.022413e-02    4.091090e-05
    3.311311e-05    3.092911e-02    4.210966e-05
    3.388442e-05    3.165054e-02    4.333882e-05
    3.467369e-05    3.238880e-02    4.460264e-05
    3.548134e-05    3.314429e-02    4.590923e-05
    3.630781e-05    3.391741e-02    4.724893e-05
    3.715352e-05    3.470857e-02    4.862638e-05
    3.801894e-05    3.551819e-02    5.004510e-05
    3.890451e-05    3.634670e-02    5.149847e-05
    3.981072e-05    3.719454e-02    5.300047e-05
    4.073803e-05    3.806217e-02    5.454636e-05
    4.168694e-05    3.895004e-02    5.612997e-05
    4.265795e-05    3.985863e-02    5.776537e-05
    4.365158e-05    4.078843e-02    5.944332e-05
    4.466836e-05    4.173992e-02    6.116856e-05
    4.570882e-05    4.271362e-02    6.294470e-05
    4.677351e-05    4.371004e-02    6.477117e-05
    4.786301e-05    4.472971e-02    6.665044e-05
    4.897788e-05    4.577318e-02    6.858512e-05
    5.011872e-05    4.684100e-02    7.056692e-05
    5.128614e-05    4.793374e-02    7.261334e-05
    5.248075e-05    4.905198e-02    7.471105e-05
    5.370318e-05    5.019632e-02    7.686909e-05
    5.495409e-05    5.136736e-02    7.909752e-05
    5.623413e-05    5.256574e-02    8.138173e-05
    5.754399e-05    5.379208e-02    8.373290e-05
    5.888437e-05    5.504704e-02    8.615039e-05
    6.025596e-05    5.633129e-02    8.862756e-05
    6.165950e-05    5.764552e-02    9.118527e-05
    6.309573e-05    5.899042e-02    9.380464e-05
    6.456542e-05    6.036670e-02    9.650035e-05
    6.606934e-05    6.177511e-02    9.928468e-05
    6.760830e-05    6.321639e-02    1.021371e-04
    6.918310e-05    6.469131e-02    1.050716e-04
    7.079458e-05    6.620066e-02    1.080900e-04
    7.244360e-05    6.774523e-02    1.111794e-04
    7.413102e-05    6.932586e-02    1.143723e-04
    7.585776e-05    7.094337e-02    1.176559e-04
    7.762471e-05    7.259865e-02    1.210178e-04
    7.943282e-05    7.429255e-02    1.244912e-04
    8.128305e-05    7.602600e-02    1.280499e-04
    8.317638e-05    7.779991e-02    1.317065e-04
    8.511380e-05    7.961522e-02    1.354703e-04
    8.709636e-05    8.147291e-02    1.393375e-04
    8.912509e-05    8.337396e-02    1.433018e-04
    9.120108e-05    8.531939e-02    1.473913e-04
    9.332543e-05    8.731023e-02    1.515795e-04
    9.549926e-05    8.934754e-02    1.559077e-04
    9.772372e-05    9.143240e-02    1.603364e-04
    1.000000e-04    9.356594e-02    1.648910e-04
    1.023293e-04    9.574928e-02    1.695765e-04
    1.047129e-04    9.798359e-02    1.743919e-04
    1.071519e-04    1.002701e-01    1.793421e-04
    1.096478e-04    1.026099e-01    1.844116e-04
    1.122018e-04    1.050044e-01    1.896443e-04
    1.148154e-04    1.074547e-01    1.950017e-04
    1.174898e-04    1.099623e-01    2.005107e-04
    1.202264e-04    1.125284e-01    2.061729e-04
    1.230269e-04    1.151544e-01    2.119938e-04
    1.258925e-04    1.178417e-01    2.179792e-04
    1.288250e-04    1.205918e-01    2.241309e-04
    1.318257e-04    1.234060e-01    2.304550e-04
    1.348963e-04    1.262860e-01    2.369297e-04
    1.380384e-04    1.292332e-01    2.435787e-04
    1.412538e-04    1.322492e-01    2.504471e-04
    1.445440e-04    1.353356e-01    2.574788e-04
    1.479108e-04    1.384941e-01    2.646996e-04
    1.513561e-04    1.417263e-01    2.721263e-04
    1.548817e-04    1.450340e-01    2.797615e-04
    1.584893e-04    1.484189e-01    2.875673e-04
    1.621810e-04    1.518828e-01    2.956299e-04
    1.659587e-04    1.554277e-01    3.038744e-04
    1.698244e-04    1.590553e-01    3.123546e-04
    1.737801e-04    1.627675e-01    3.210611e-04
    1.778279e-04    1.665665e-01    3.300080e-04
    1.819701e-04    1.704541e-01    3.392079e-04
    1.862087e-04    1.744326e-01    3.486555e-04
    1.905461e-04    1.785039e-01    3.583226e-04
    1.949845e-04    1.826703e-01    3.682974e-04
    1.995262e-04    1.869340e-01    3.785073e-04
    2.041738e-04    1.912972e-01    3.890383e-04
    2.089296e-04    1.957623e-01    3.998099e-04
    2.137962e-04    2.003317e-01    4.108766e-04
    2.187762e-04    2.050078e-01    4.221972e-04
    2.238721e-04    2.097930e-01    4.338766e-04
    2.290868e-04    2.146900e-01    4.458756e-04
    2.344229e-04    2.197014e-01    4.581453e-04
    2.398833e-04    2.248297e-01    4.707782e-04
    2.454709e-04    2.300779e-01    4.837553e-04
    2.511886e-04    2.354485e-01    4.970460e-04
    2.570396e-04    2.409446e-01    5.107062e-04
    2.630268e-04    2.465625e-01    5.206417e-04
    2.691535e-04    2.523181e-01    5.349061e-04
    2.754229e-04    2.582080e-01    5.495466e-04
    2.818383e-04    2.642357e-01    5.559402e-04
    2.884032e-04    2.704039e-01    5.626817e-04
    2.951209e-04    2.767160e-01    5.692036e-04
    3.019952e-04    2.831753e-01    5.749775e-04
    3.090295e-04    2.897852e-01    5.808334e-04
    3.162278e-04    2.965492e-01    5.865562e-04
    3.235937e-04    3.034709e-01    5.919693e-04
    3.311311e-04    3.105540e-01    5.977155e-04
    3.388442e-04    3.178022e-01    6.030428e-04
    3.467369e-04    3.252193e-01    6.088526e-04
    3.548134e-04    3.328094e-01    6.142923e-04
    3.630781e-04    3.405764e-01    6.197956e-04
    3.715352e-04    3.485245e-01    6.253892e-04
    3.801894e-04    3.566578e-01    6.312943e-04
    3.890451e-04    3.649807e-01    6.371137e-04
    3.981072e-04    3.734977e-01    6.428156e-04
    4.073803e-04    3.822131e-01    6.487502e-04
    4.168694e-04    3.911317e-01    6.548801e-04
    4.265795e-04    4.002582e-01    6.611105e-04
    4.365158e-04    4.095975e-01    6.674746e-04
    4.466836e-04    4.191544e-01    6.739805e-04
    4.570882e-04    4.289341e-01    6.806084e-04
    4.677351e-04    4.389417e-01    6.868811e-04
    4.786301e-04    4.491827e-01    6.937638e-04
    4.897788e-04    4.596623e-01    7.008211e-04
    5.011872e-04    4.703862e-01    7.080635e-04
    5.128614e-04    4.813600e-01    7.154382e-04
    5.248075e-04    4.925897e-01    7.224462e-04
    5.370318e-04    5.040811e-01    7.301965e-04
    5.495409e-04    5.158403e-01    7.381065e-04
    5.623413e-04    5.278737e-01    7.462194e-04
    5.754399e-04    5.401875e-01    7.545112e-04
    5.888437e-04    5.527884e-01    7.624634e-04
    6.025596e-04    5.656829e-01    7.711306e-04
    6.165950e-04    5.788781e-01    7.800447e-04
    6.309573e-04    5.923808e-01    7.892193e-04
    6.456542e-04    6.061982e-01    7.985894e-04
    6.606934e-04    6.203377e-01    8.081647e-04
    6.760830e-04    6.348068e-01    8.178924e-04
    6.918310e-04    6.496131e-01    8.275259e-04
    7.079458e-04    6.647646e-01    8.378996e-04
    7.244360e-04    6.802693e-01    8.484831e-04
    7.413102e-04    6.961353e-01    8.593766e-04
    7.585776e-04    7.123712e-01    8.705497e-04
    7.762471e-04    7.289855e-01    8.820158e-04
    7.943282e-04    7.459871e-01    8.937893e-04
    8.128305e-04    7.633850e-01    9.058847e-04
    8.317638e-04    7.811885e-01    9.182922e-04
    8.511380e-04    7.994069e-01    9.314663e-04
    8.709636e-04    8.180500e-01    9.447105e-04
    8.912509e-04    8.371276e-01    9.581302e-04
    9.120108e-04    8.566500e-01    9.719227e-04
    9.332543e-04    8.766275e-01    9.860768e-04
    9.549926e-04    8.970706e-01    1.000637e-03
    9.772372e-04    9.179902e-01    1.016214e-03
    1.000000e-03    9.393975e-01    1.031567e-03
    1.023293e-03    9.613038e-01    1.047349e-03
    1.047129e-03    9.837208e-01    1.063674e-03
    1.071519e-03    1.006660e+00    1.080859e-03
    1.096478e-03    1.030134e+00    1.097993e-03
    1.122018e-03    1.054156e+00    1.116242e-03
    1.148154e-03    1.078737e+00    1.134321e-03
    1.174898e-03    1.103892e+00    1.153266e-03
    1.202264e-03    1.129632e+00    1.172651e-03
    1.230269e-03    1.155973e+00    1.192935e-03
    1.258925e-03    1.182928e+00    1.213146e-03
    1.288250e-03    1.210511e+00    1.234612e-03
    1.318257e-03    1.238738e+00    1.255941e-03
    1.348963e-03    1.267622e+00    1.278563e-03
    1.380384e-03    1.297179e+00    1.301802e-03
    1.412538e-03    1.327426e+00    1.325002e-03
    1.445440e-03    1.358377e+00    1.349577e-03
    1.479108e-03    1.390051e+00    1.374796e-03
    1.513561e-03    1.422462e+00    1.400686e-03
    1.548817e-03    1.455629e+00    1.426663e-03
    1.584893e-03    1.489570e+00    1.454043e-03
    1.621810e-03    1.524301e+00    1.482170e-03
    1.659587e-03    1.559842e+00    1.511070e-03
    1.698244e-03    1.596212e+00    1.540819e-03
    1.737801e-03    1.633430e+00    1.571400e-03
    1.778279e-03    1.671515e+00    1.602786e-03
    1.819701e-03    1.710488e+00    1.635060e-03
    1.862087e-03    1.750370e+00    1.668253e-03
    1.905461e-03    1.791181e+00    1.702368e-03
    1.949845e-03    1.832944e+00    1.737437e-03
    1.995262e-03    1.875681e+00    1.774182e-03
    2.041738e-03    1.919414e+00    1.811274e-03
    2.089296e-03    1.964166e+00    1.849359e-03
    2.137962e-03    2.009962e+00    1.888534e-03
    2.187762e-03    2.056825e+00    1.929494e-03
    2.238721e-03    2.104781e+00    1.970909e-03
    2.290868e-03    2.153855e+00    2.013492e-03
    2.344229e-03    2.204073e+00    2.057955e-03
    2.398833e-03    2.255462e+00    2.102937e-03
    2.454709e-03    2.308049e+00    2.149911e-03
    2.511886e-03    2.361862e+00    2.197451e-03
    2.570396e-03    2.416929e+00    2.247063e-03
    2.630268e-03    2.473281e+00    2.297328e-03
    2.691535e-03    2.530946e+00    2.349711e-03
    2.754229e-03    2.589955e+00    2.403552e-03
    2.818383e-03    2.650341e+00    2.458129e-03
    2.884032e-03    2.712134e+00    2.515013e-03
    2.951209e-03    2.775368e+00    2.573500e-03
    3.019952e-03    2.840076e+00    2.632813e-03
    3.090295e-03    2.906293e+00    2.694550e-03
    3.162278e-03    2.974054e+00    2.758044e-03
    3.235937e-03    3.043395e+00    2.823257e-03
    3.311311e-03    3.114352e+00    2.890337e-03
    3.388442e-03    3.186964e+00    2.959246e-03
    3.467369e-03    3.261268e+00    3.030039e-03
    3.548134e-03    3.337305e+00    3.102879e-03
    3.630781e-03    3.415116e+00    3.176937e-03
    3.715352e-03    3.494740e+00    3.254638e-03
    3.801894e-03    3.576220e+00    3.333683e-03
    3.890451e-03    3.659601e+00    3.414927e-03
    3.981072e-03    3.744926e+00    3.498438e-03
    4.073803e-03    3.832240e+00    3.584348e-03
    4.092607e-03    3.849945e+00    3.601478e-03
    4.111497e-03    3.867733e+00    3.619523e-03
    4.130475e-03    3.885602e+00    3.636877e-03
    4.149540e-03    3.903555e+00    3.655093e-03
    4.168694e-03    3.921590e+00    3.672675e-03
    4.187936e-03    3.939708e+00    3.691128e-03
    4.207266e-03    3.957910e+00    3.708815e-03
    4.226686e-03    3.976197e+00    3.726877e-03
    4.246196e-03    3.994567e+00    3.745364e-03
    4.265795e-03    4.013023e+00    3.763431e-03
    4.285485e-03    4.031564e+00    3.782327e-03
    4.305266e-03    4.050191e+00    3.800567e-03
    4.325138e-03    4.068903e+00    3.819709e-03
    4.345102e-03    4.087702e+00    3.838190e-03
    4.365158e-03    4.106588e+00    3.857581e-03
    4.385307e-03    4.125562e+00    3.876175e-03
    4.405549e-03    4.144622e+00    3.895754e-03
    4.425884e-03    4.163771e+00    3.914658e-03
    4.446313e-03    4.183009e+00    3.933586e-03
    4.466836e-03    4.202335e+00    3.953448e-03
    4.487454e-03    4.221751e+00    3.972692e-03
    4.508167e-03    4.241256e+00    3.992747e-03
    4.528976e-03    4.260852e+00    4.012178e-03
    4.549881e-03    4.280538e+00    4.032495e-03
    4.570882e-03    4.300315e+00    4.052116e-03
    4.591980e-03    4.320183e+00    4.072631e-03
    4.613176e-03    4.340143e+00    4.092511e-03
    4.634469e-03    4.360195e+00    4.113295e-03
    4.655861e-03    4.380340e+00    4.133370e-03
    4.677351e-03    4.400578e+00    4.154358e-03
    4.698941e-03    4.420910e+00    4.174699e-03
    4.720630e-03    4.441336e+00    4.195928e-03
    4.742420e-03    4.461856e+00    4.216433e-03
    4.764310e-03    4.482470e+00    4.237073e-03
    4.786301e-03    4.503180e+00    4.258684e-03
    4.808393e-03    4.523986e+00    4.279527e-03
    4.830588e-03    4.544888e+00    4.301387e-03
    4.852885e-03    4.565886e+00    4.322508e-03
    4.875285e-03    4.586982e+00    4.344584e-03
    4.897788e-03    4.608174e+00    4.365913e-03
    4.920395e-03    4.629465e+00    4.388244e-03
    4.943107e-03    4.650854e+00    4.409822e-03
    4.965923e-03    4.672342e+00    4.432412e-03
    4.988845e-03    4.693930e+00    4.454241e-03
    5.011872e-03    4.715617e+00    4.477055e-03
    5.035006e-03    4.737404e+00    4.499177e-03
    5.058247e-03    4.759292e+00    4.522218e-03
    5.081594e-03    4.781281e+00    4.544599e-03
    5.105050e-03    4.803372e+00    4.567908e-03
    5.128614e-03    4.825564e+00    4.590513e-03
    5.152286e-03    4.847860e+00    4.614132e-03
    5.176068e-03    4.870258e+00    4.636963e-03
    5.199960e-03    4.892760e+00    4.660820e-03
    5.223962e-03    4.915366e+00    4.683958e-03
    5.248075e-03    4.938076e+00    4.708054e-03
    5.272299e-03    4.960891e+00    4.731465e-03
    5.296634e-03    4.983812e+00    4.755844e-03
    5.321083e-03    5.006838e+00    4.779491e-03
    5.345644e-03    5.029971e+00    4.804196e-03
    5.370318e-03    5.053211e+00    4.828082e-03
    5.395106e-03    5.076558e+00    4.853037e-03
    5.420009e-03    5.100013e+00    4.877247e-03
    5.445027e-03    5.123576e+00    4.902455e-03
    5.470160e-03    5.147249e+00    4.926952e-03
    5.495409e-03    5.171030e+00    4.952458e-03
    5.520774e-03    5.194922e+00    4.977246e-03
    5.546257e-03    5.218924e+00    5.003054e-03
    5.571857e-03    5.243037e+00    5.028096e-03
    5.597576e-03    5.267261e+00    5.054167e-03
    5.623413e-03    5.291597e+00    5.079718e-03
    5.649370e-03    5.316046e+00    5.105888e-03
    5.675446e-03    5.340607e+00    5.132406e-03
    5.701643e-03    5.365283e+00    5.158227e-03
    5.727960e-03    5.390072e+00    5.185060e-03
    5.754399e-03    5.414975e+00    5.211104e-03
    5.780960e-03    5.439994e+00    5.238258e-03
    5.807644e-03    5.465129e+00    5.264659e-03
    5.834451e-03    5.490379e+00    5.292093e-03
    5.861382e-03    5.515746e+00    5.318812e-03
    5.888437e-03    5.541231e+00    5.346531e-03
    5.915616e-03    5.566833e+00    5.373572e-03
    5.942922e-03    5.592553e+00    5.401624e-03
    5.970353e-03    5.618393e+00    5.428948e-03
    5.997911e-03    5.644351e+00    5.457382e-03
    6.025596e-03    5.670430e+00    5.485877e-03
    6.053409e-03    5.696629e+00    5.513724e-03
    6.081350e-03    5.722949e+00    5.542609e-03
    6.109420e-03    5.749391e+00    5.570748e-03
    6.137620e-03    5.775955e+00    5.599937e-03
    6.165950e-03    5.802642e+00    5.628466e-03
    6.194411e-03    5.829452e+00    5.657961e-03
    6.223003e-03    5.856386e+00    5.686792e-03
    6.251727e-03    5.883444e+00    5.716693e-03
    6.280584e-03    5.910628e+00    5.746755e-03
    6.309573e-03    5.937937e+00    5.776048e-03
    6.338697e-03    5.965372e+00    5.806477e-03
    6.367955e-03    5.992934e+00    5.836130e-03
    6.397348e-03    6.020624e+00    5.866930e-03
    6.426877e-03    6.048441e+00    5.896950e-03
    6.456542e-03    6.076387e+00    5.928079e-03
    6.486344e-03    6.104462e+00    5.959394e-03
    6.516284e-03    6.132667e+00    5.989883e-03
    6.546362e-03    6.161002e+00    6.021566e-03
    6.576578e-03    6.189468e+00    6.052500e-03
    6.606934e-03    6.218065e+00    6.084524e-03
    6.637431e-03    6.246795e+00    6.115843e-03
    6.668068e-03    6.275658e+00    6.148212e-03
    6.698846e-03    6.304653e+00    6.180809e-03
    6.729767e-03    6.333783e+00    6.212693e-03
    6.760830e-03    6.363048e+00    6.245694e-03
    6.792036e-03    6.392447e+00    6.277977e-03
    6.823387e-03    6.421983e+00    6.311287e-03
    6.854882e-03    6.451655e+00    6.344386e-03
    6.886523e-03    6.481464e+00    6.377752e-03
    6.918310e-03    6.511411e+00    6.411665e-03
    6.950243e-03    6.541496e+00    6.444948e-03
    6.982324e-03    6.571721e+00    6.479286e-03
    7.014553e-03    6.602085e+00    6.512936e-03
    7.046931e-03    6.632589e+00    6.547706e-03
    7.079458e-03    6.663234e+00    6.582669e-03
    7.112135e-03    6.694021e+00    6.616937e-03
    7.144963e-03    6.724950e+00    6.652342e-03
    7.177943e-03    6.756022e+00    6.687045e-03
    7.211075e-03    6.787238e+00    6.722845e-03
    7.244360e-03    6.818597e+00    6.758845e-03
    7.277798e-03    6.850102e+00    6.794190e-03
    7.311391e-03    6.881753e+00    6.830703e-03
    7.345139e-03    6.913549e+00    6.867313e-03
    7.379042e-03    6.945493e+00    6.903370e-03
    7.413102e-03    6.977584e+00    6.940503e-03
    7.447320e-03    7.009823e+00    6.976857e-03
    7.481695e-03    7.042212e+00    7.014466e-03
    7.516229e-03    7.074750e+00    7.052289e-03
    7.550922e-03    7.107439e+00    7.089382e-03
    7.585776e-03    7.140278e+00    7.127692e-03
    7.620790e-03    7.173269e+00    7.166165e-03
    7.655966e-03    7.206413e+00    7.203955e-03
    7.691304e-03    7.239710e+00    7.242926e-03
    7.726806e-03    7.273161e+00    7.281209e-03
    7.762471e-03    7.306766e+00    7.320627e-03
    7.798301e-03    7.340527e+00    7.360390e-03
    7.834296e-03    7.374444e+00    7.399343e-03
    7.870458e-03    7.408517e+00    7.439565e-03
    7.906786e-03    7.442748e+00    7.479963e-03
    7.943282e-03    7.477137e+00    7.519719e-03
    7.979947e-03    7.511685e+00    7.560646e-03
    8.016781e-03    7.546393e+00    7.601813e-03
    8.053784e-03    7.581261e+00    7.642332e-03
    8.090959e-03    7.616290e+00    7.683981e-03
    8.128305e-03    7.651481e+00    7.725997e-03
    8.165824e-03    7.686835e+00    7.767298e-03
    8.203515e-03    7.722352e+00    7.809748e-03
    8.241381e-03    7.758033e+00    7.852450e-03
    8.279422e-03    7.793879e+00    7.894553e-03
    8.317638e-03    7.829891e+00    7.937885e-03
    8.356030e-03    7.866069e+00    7.981415e-03
    8.394600e-03    7.902414e+00    8.024339e-03
    8.433348e-03    7.938928e+00    8.068388e-03
    8.472274e-03    7.975610e+00    8.112828e-03
    8.511380e-03    8.012461e+00    8.156532e-03
    8.550667e-03    8.049483e+00    8.201506e-03
    8.590135e-03    8.086676e+00    8.246753e-03
    8.629785e-03    8.124041e+00    8.291321e-03
    8.669619e-03    8.161579e+00    8.337179e-03
    8.709636e-03    8.199290e+00    8.383252e-03
    8.749838e-03    8.237175e+00    8.429488e-03
    8.790225e-03    8.275235e+00    8.475471e-03
    8.830799e-03    8.313472e+00    8.522391e-03
    8.871560e-03    8.351885e+00    8.569733e-03
    8.912509e-03    8.390475e+00    8.616449e-03
    8.953648e-03    8.429244e+00    8.664373e-03
    8.994976e-03    8.468192e+00    8.712594e-03
    9.036495e-03    8.507320e+00    8.760185e-03
    9.078205e-03    8.546629e+00    8.809071e-03
    9.120108e-03    8.586120e+00    8.858261e-03
    9.162205e-03    8.625793e+00    8.907760e-03
    9.204496e-03    8.665649e+00    8.956623e-03
    9.246982e-03    8.705690e+00    9.006808e-03
    9.289664e-03    8.745915e+00    9.057311e-03
    9.332543e-03    8.786327e+00    9.108132e-03
    9.375620e-03    8.826925e+00    9.158312e-03
    9.418896e-03    8.867711e+00    9.209845e-03
    9.462372e-03    8.908686e+00    9.261706e-03
    9.506048e-03    8.949849e+00    9.312993e-03
    9.549926e-03    8.991203e+00    9.365443e-03
    9.594006e-03    9.032749e+00    9.418372e-03
    9.638290e-03    9.074486e+00    9.471640e-03
    9.682779e-03    9.116416e+00    9.524260e-03
    9.727472e-03    9.158540e+00    9.578214e-03
    9.772372e-03    9.200858e+00    9.632516e-03
    9.817479e-03    9.243373e+00    9.687244e-03
    9.862795e-03    9.286083e+00    9.742327e-03
    9.908319e-03    9.328991e+00    9.796831e-03
    9.954054e-03    9.372098e+00    9.852632e-03
    1.000000e-02    9.415403e+00    9.908799e-03
    1.004616e-02    9.458909e+00    9.965409e-03
    1.009253e-02    9.502616e+00    1.002136e-02
    1.013911e-02    9.546524e+00    1.007872e-02
    1.018591e-02    9.590636e+00    1.013653e-02
    1.023293e-02    9.634952e+00    1.019472e-02
    1.028016e-02    9.679472e+00    1.025323e-02
    1.032761e-02    9.724199e+00    1.031123e-02
    1.037528e-02    9.769131e+00    1.037066e-02
    1.042317e-02    9.814272e+00    1.043043e-02
    1.047129e-02    9.859621e+00    1.049059e-02
    1.051962e-02    9.905180e+00    1.055124e-02
    1.056818e-02    9.950950e+00    1.061138e-02
    1.061696e-02    9.996931e+00    1.067284e-02
    1.066596e-02    1.004312e+01    1.073473e-02
    1.071519e-02    1.008953e+01    1.079711e-02
    1.076465e-02    1.013615e+01    1.085993e-02
    1.081434e-02    1.018299e+01    1.092216e-02
    1.086426e-02    1.023004e+01    1.098591e-02
    1.091440e-02    1.027731e+01    1.105002e-02
    1.096478e-02    1.032480e+01    1.111458e-02
    1.101539e-02    1.037251e+01    1.117966e-02
    1.106624e-02    1.042044e+01    1.124520e-02
    1.111732e-02    1.046859e+01    1.131119e-02
    1.116863e-02    1.051697e+01    1.137676e-02
    1.122018e-02    1.056556e+01    1.144376e-02
    1.127197e-02    1.061439e+01    1.151115e-02
    1.132400e-02    1.066343e+01    1.157917e-02
    1.137627e-02    1.071271e+01    1.164760e-02
    1.142878e-02    1.076221e+01    1.171650e-02
    1.148154e-02    1.081194e+01    1.178599e-02
    1.153453e-02    1.086190e+01    1.185497e-02
    1.158777e-02    1.091209e+01    1.192545e-02
    1.164126e-02    1.096251e+01    1.199642e-02
    1.169499e-02    1.101317e+01    1.206791e-02
    1.174898e-02    1.106406e+01    1.214008e-02
    1.180321e-02    1.111519e+01    1.221261e-02
    1.185769e-02    1.116655e+01    1.228574e-02
    1.191242e-02    1.121815e+01    1.235941e-02
    1.196741e-02    1.126999e+01    1.243370e-02
    1.202264e-02    1.132207e+01    1.250853e-02
    1.207814e-02    1.137438e+01    1.258382e-02
    1.213389e-02    1.142695e+01    1.265881e-02
    1.218990e-02    1.147975e+01    1.273530e-02
    1.224616e-02    1.153280e+01    1.281236e-02
    1.230269e-02    1.158609e+01    1.288999e-02
    1.235947e-02    1.163963e+01    1.296837e-02
    1.241652e-02    1.169341e+01    1.304715e-02
    1.247384e-02    1.174745e+01    1.312671e-02
    1.253141e-02    1.180173e+01    1.320668e-02
    1.258925e-02    1.185627e+01    1.328743e-02
    1.264736e-02    1.191106e+01    1.336879e-02
    1.270574e-02    1.196610e+01    1.345077e-02
    1.276439e-02    1.202139e+01    1.353337e-02
    1.282331e-02    1.207695e+01    1.361659e-02
    1.288250e-02    1.213275e+01    1.370046e-02
    1.294196e-02    1.218882e+01    1.378496e-02
    1.300170e-02    1.224515e+01    1.387029e-02
    1.306171e-02    1.230173e+01    1.395610e-02
    1.312200e-02    1.235858e+01    1.404276e-02
    1.318257e-02    1.241569e+01    1.412999e-02
    1.324342e-02    1.247306e+01    1.421790e-02
    1.330454e-02    1.253070e+01    1.430658e-02
    1.336596e-02    1.258861e+01    1.439592e-02
    1.342765e-02    1.264678e+01    1.448599e-02
    1.348963e-02    1.270522e+01    1.457683e-02
    1.355189e-02    1.276394e+01    1.466838e-02
    1.361445e-02    1.282292e+01    1.476065e-02
    1.367729e-02    1.288218e+01    1.485365e-02
    1.374042e-02    1.294171e+01    1.494744e-02
    1.380384e-02    1.300151e+01    1.504197e-02
    1.386756e-02    1.306159e+01    1.513731e-02
    1.393157e-02    1.312195e+01    1.523341e-02
    1.399587e-02    1.318259e+01    1.533028e-02
    1.406048e-02    1.324351e+01    1.542794e-02
    1.412538e-02    1.330471e+01    1.552737e-02
    1.419058e-02    1.336620e+01    1.562667e-02
    1.425608e-02    1.342797e+01    1.572682e-02
    1.432188e-02    1.349002e+01    1.582778e-02
    1.438799e-02    1.355236e+01    1.592957e-02
    1.445440e-02    1.361499e+01    1.603225e-02
    1.452112e-02    1.367791e+01    1.613577e-02
    1.458814e-02    1.374112e+01    1.624014e-02
    1.465548e-02    1.380462e+01    1.634542e-02
    1.472313e-02    1.386842e+01    1.645249e-02
    1.479108e-02    1.393251e+01    1.655953e-02
    1.485936e-02    1.399689e+01    1.666747e-02
    1.492794e-02    1.406158e+01    1.677636e-02
    1.499685e-02    1.412656e+01    1.688621e-02
    1.506607e-02    1.419184e+01    1.699698e-02
    1.513561e-02    1.425743e+01    1.710864e-02
    1.520548e-02    1.432332e+01    1.722222e-02
    1.527566e-02    1.438951e+01    1.733589e-02
    1.534617e-02    1.445601e+01    1.745052e-02
    1.541700e-02    1.452282e+01    1.756613e-02
    1.548817e-02    1.458994e+01    1.768277e-02
    1.555966e-02    1.465736e+01    1.780131e-02
    1.563148e-02    1.472510e+01    1.792002e-02
    1.570363e-02    1.479315e+01    1.803976e-02
    1.577611e-02    1.486152e+01    1.816048e-02
    1.584893e-02    1.493020e+01    1.828235e-02
    1.592209e-02    1.499920e+01    1.840612e-02
    1.599558e-02    1.506852e+01    1.853013e-02
    1.606941e-02    1.513816e+01    1.865522e-02
    1.614359e-02    1.520812e+01    1.878236e-02
    1.621810e-02    1.527840e+01    1.890971e-02
    1.629296e-02    1.534901e+01    1.903818e-02
    1.636817e-02    1.541995e+01    1.916780e-02
    1.644372e-02    1.549122e+01    1.929946e-02
    1.651962e-02    1.556281e+01    1.943149e-02
    1.659587e-02    1.563473e+01    1.956464e-02
    1.667247e-02    1.570699e+01    1.969989e-02
    1.674943e-02    1.577958e+01    1.983549e-02
    1.682674e-02    1.585251e+01    1.997232e-02
    1.690441e-02    1.592578e+01    2.011117e-02
    1.698244e-02    1.599938e+01    2.025064e-02
    1.706082e-02    1.607332e+01    2.039126e-02
    1.713957e-02    1.614761e+01    2.053407e-02
    1.721869e-02    1.622224e+01    2.067731e-02
    1.729816e-02    1.629721e+01    2.082187e-02
    1.737801e-02    1.637254e+01    2.096860e-02
    1.745822e-02    1.644821e+01    2.111588e-02
    1.753881e-02    1.652423e+01    2.126451e-02
    1.761976e-02    1.660060e+01    2.141536e-02
    1.770109e-02    1.667732e+01    2.156681e-02
    1.778279e-02    1.675440e+01    2.172046e-02
    1.786488e-02    1.683184e+01    2.187479e-02
    1.794734e-02    1.690963e+01    2.203056e-02
    1.803018e-02    1.698778e+01    2.218858e-02
    1.811340e-02    1.706630e+01    2.234728e-02
    1.819701e-02    1.714518e+01    2.250832e-02
    1.828100e-02    1.722442e+01    2.267007e-02
    1.836538e-02    1.730403e+01    2.283415e-02
    1.845015e-02    1.738401e+01    2.299898e-02
    1.853532e-02    1.746436e+01    2.316622e-02
    1.862087e-02    1.754508e+01    2.333426e-02
    1.870682e-02    1.762617e+01    2.350474e-02
    1.879317e-02    1.770764e+01    2.367600e-02
    1.887991e-02    1.778948e+01    2.384970e-02
    1.896706e-02    1.787171e+01    2.402437e-02
    1.905461e-02    1.795431e+01    2.420147e-02
    1.914256e-02    1.803730e+01    2.437953e-02
    1.923092e-02    1.812067e+01    2.456004e-02
    1.931968e-02    1.820442e+01    2.474163e-02
    1.940886e-02    1.828856e+01    2.492566e-02
    1.949845e-02    1.837310e+01    2.511080e-02
    1.958845e-02    1.845802e+01    2.529853e-02
    1.967886e-02    1.854334e+01    2.548809e-02
    1.976970e-02    1.862905e+01    2.567873e-02
    1.986095e-02    1.871515e+01    2.587208e-02
    1.995262e-02    1.880166e+01    2.606655e-02
    2.004472e-02    1.888856e+01    2.626372e-02
    2.013724e-02    1.897587e+01    2.646283e-02
    2.023019e-02    1.906358e+01    2.666320e-02
    2.032357e-02    1.915170e+01    2.686633e-02
    2.041738e-02    1.924023e+01    2.707142e-02
    2.051162e-02    1.932916e+01    2.727791e-02
    2.060630e-02    1.941851e+01    2.748717e-02
    2.070141e-02    1.950827e+01    2.769852e-02
    2.079697e-02    1.959844e+01    2.791135e-02
    2.089296e-02    1.968903e+01    2.812703e-02
    2.098940e-02    1.978005e+01    2.834487e-02
    2.108628e-02    1.987148e+01    2.856429e-02
    2.118361e-02    1.996333e+01    2.878656e-02
    2.128139e-02    2.005561e+01    2.901114e-02
    2.137962e-02    2.014832e+01    2.923800e-02
    2.147830e-02    2.024146e+01    2.946655e-02
    2.157744e-02    2.033503e+01    2.969806e-02
    2.167704e-02    2.042903e+01    2.993194e-02
    2.177710e-02    2.052346e+01    3.016827e-02
    2.187762e-02    2.061833e+01    3.040703e-02
    2.197860e-02    2.071364e+01    3.064771e-02
    2.208005e-02    2.080940e+01    3.089141e-02
    2.218196e-02    2.090559e+01    3.113763e-02
    2.228435e-02    2.100223e+01    3.138646e-02
    2.238721e-02    2.109932e+01    3.163788e-02
    2.249055e-02    2.119686e+01    3.189196e-02
    2.259436e-02    2.129485e+01    3.214812e-02
    2.269865e-02    2.139329e+01    3.240748e-02
    2.280342e-02    2.149219e+01    3.266966e-02
    2.290868e-02    2.159154e+01    3.293448e-02
    2.301442e-02    2.169136e+01    3.320219e-02
    2.312065e-02    2.179163e+01    3.347272e-02
    2.322737e-02    2.189238e+01    3.374610e-02
    2.333458e-02    2.199358e+01    3.402237e-02
    2.344229e-02    2.209526e+01    3.430156e-02
    2.355049e-02    2.219741e+01    3.458372e-02
    2.365920e-02    2.230003e+01    3.488304e-02
    2.376840e-02    2.240312e+01    3.515743e-02
    2.387811e-02    2.250669e+01    3.544806e-02
    2.398833e-02    2.261074e+01    3.574256e-02
    2.409905e-02    2.271528e+01    3.604022e-02
    2.421029e-02    2.282029e+01    3.634106e-02
    2.432204e-02    2.292579e+01    3.664515e-02
    2.443431e-02    2.303179e+01    3.695250e-02
    2.454709e-02    2.313827e+01    3.726318e-02
    2.466039e-02    2.324524e+01    3.757753e-02
    2.477422e-02    2.335271e+01    3.789514e-02
    2.488857e-02    2.346068e+01    3.821607e-02
    2.500345e-02    2.356915e+01    3.854054e-02
    2.511886e-02    2.367812e+01    3.886854e-02
    2.523481e-02    2.378759e+01    3.920007e-02
    2.535129e-02    2.389757e+01    3.953532e-02
    2.546830e-02    2.400806e+01    3.987419e-02
    2.558586e-02    2.411906e+01    4.021678e-02
    2.570396e-02    2.423058e+01    4.056319e-02
    2.582260e-02    2.434261e+01    4.091340e-02
    2.594179e-02    2.445516e+01    4.126778e-02
    2.606154e-02    2.456823e+01    4.162571e-02
    2.618183e-02    2.468183e+01    4.198770e-02
    2.630268e-02    2.479595e+01    4.235370e-02
    2.642409e-02    2.491060e+01    4.272376e-02
    2.654606e-02    2.502578e+01    4.309794e-02
    2.666859e-02    2.514149e+01    4.347658e-02
    2.679168e-02    2.525774e+01    4.385913e-02
    2.691535e-02    2.537453e+01    4.424601e-02
    2.703958e-02    2.549186e+01    4.463721e-02
    2.716439e-02    2.560973e+01    4.503285e-02
    2.728978e-02    2.572815e+01    4.543303e-02
    2.741574e-02    2.584712e+01    4.583759e-02
    2.754229e-02    2.596664e+01    4.624671e-02
    2.766942e-02    2.608671e+01    4.666045e-02
    2.779713e-02    2.620734e+01    4.707901e-02
    2.792544e-02    2.632852e+01    4.750214e-02
    2.805434e-02    2.645027e+01    4.793011e-02
    2.818383e-02    2.657258e+01    4.836259e-02
    2.831392e-02    2.669546e+01    4.880078e-02
    2.844461e-02    2.681891e+01    4.924350e-02
    2.857591e-02    2.694293e+01    4.969127e-02
    2.870781e-02    2.706752e+01    5.014421e-02
    2.884032e-02    2.719269e+01    5.060229e-02
    2.897344e-02    2.731845e+01    5.106566e-02
    2.910717e-02    2.744478e+01    5.153432e-02
    2.924152e-02    2.757170e+01    5.200833e-02
    2.937650e-02    2.769921e+01    5.248787e-02
    2.951209e-02    2.782730e+01    5.297279e-02
    2.964831e-02    2.795599e+01    5.346343e-02
    2.978516e-02    2.808528e+01    5.395961e-02
    2.992265e-02    2.821517e+01    5.446163e-02
    3.006076e-02    2.834566e+01    5.496950e-02
    3.019952e-02    2.847675e+01    5.548307e-02
    3.033891e-02    2.860845e+01    5.600278e-02
    3.047895e-02    2.874076e+01    5.652834e-02
    3.061963e-02    2.887369e+01    5.706019e-02
    3.076097e-02    2.900723e+01    5.759824e-02
    3.090295e-02    2.914139e+01    5.814237e-02
    3.104560e-02    2.927617e+01    5.869308e-02
    3.118890e-02    2.941157e+01    5.924997e-02
    3.133286e-02    2.954761e+01    5.981363e-02
    3.147748e-02    2.968427e+01    6.038364e-02
    3.162278e-02    2.982157e+01    6.096060e-02
    3.176874e-02    2.995950e+01    6.154440e-02
    3.191538e-02    3.009807e+01    6.213469e-02
    3.206269e-02    3.023729e+01    6.273228e-02
    3.221069e-02    3.037715e+01    6.333657e-02
    3.235937e-02    3.051766e+01    6.394837e-02
    3.250873e-02    3.065882e+01    6.456696e-02
    3.265878e-02    3.080063e+01    6.519333e-02
    3.280953e-02    3.094311e+01    6.582666e-02
    3.296097e-02    3.108624e+01    6.646796e-02
    3.311311e-02    3.123003e+01    6.711638e-02
    3.326596e-02    3.137450e+01    6.777303e-02
    3.341950e-02    3.151963e+01    6.843696e-02
    3.357376e-02    3.166544e+01    6.910933e-02
    3.372873e-02    3.181192e+01    6.978916e-02
    3.388442e-02    3.195908e+01    7.047769e-02
    3.404082e-02    3.210693e+01    7.117385e-02
    3.419794e-02    3.225546e+01    7.187893e-02
    3.435579e-02    3.240467e+01    7.259249e-02
    3.451437e-02    3.255459e+01    7.331395e-02
    3.467369e-02    3.270519e+01    7.404472e-02
    3.483373e-02    3.285650e+01    7.478359e-02
    3.499452e-02    3.300850e+01    7.553205e-02
    3.515604e-02    3.316121e+01    7.628880e-02
    3.531832e-02    3.331463e+01    7.705540e-02
    3.548134e-02    3.346877e+01    7.783048e-02
    3.564511e-02    3.362361e+01    7.861571e-02
    3.580964e-02    3.377918e+01    7.940962e-02
    3.597493e-02    3.393546e+01    8.021396e-02
    3.614099e-02    3.409248e+01    8.102719e-02
    3.630781e-02    3.425022e+01    8.185115e-02
    3.647539e-02    3.440869e+01    8.268507e-02
    3.664376e-02    3.456790e+01    8.352829e-02
    3.681290e-02    3.472784e+01    8.438266e-02
    3.698282e-02    3.488853e+01    8.524646e-02
    3.937361e-02    3.715038e+01    8.914566e-02
    4.030386e-02    3.803027e+01    9.395143e-02
    4.125643e-02    3.893138e+01    9.906054e-02
    4.223187e-02    3.985426e+01    1.044934e-01
    4.323075e-02    4.079944e+01    1.102719e-01
    4.425364e-02    4.176748e+01    1.164195e-01
    4.530114e-02    4.275897e+01    1.229609e-01
    4.637386e-02    4.377448e+01    1.299229e-01
    4.747242e-02    4.481463e+01    1.373339e-01
    4.859747e-02    4.588004e+01    1.452244e-01
    4.974966e-02    4.697135e+01    1.536267e-01
    5.092967e-02    4.808921e+01    1.625759e-01
    5.213820e-02    4.923430e+01    1.721088e-01
    5.337594e-02    5.040730e+01    1.822653e-01
    5.464363e-02    5.160894e+01    1.930877e-01
    5.594202e-02    5.283995e+01    2.046211e-01
    5.727187e-02    5.410107e+01    2.169143e-01
    5.863397e-02    5.539307e+01    2.300187e-01
    6.002914e-02    5.671675e+01    2.439897e-01
    6.145818e-02    5.807293e+01    2.588863e-01
    6.292197e-02    5.946244e+01    2.747717e-01
    6.442136e-02    6.088614e+01    2.917133e-01
    6.595725e-02    6.234491e+01    3.097832e-01
    6.753056e-02    6.383968e+01    3.290585e-01
    6.914224e-02    6.537136e+01    3.496214e-01
    7.079324e-02    6.694093e+01    3.715600e-01
    7.248456e-02    6.854936e+01    3.949682e-01
    7.421721e-02    7.019768e+01    4.199466e-01
    7.599223e-02    7.188694e+01    4.466025e-01
    7.781071e-02    7.361819e+01    4.750508e-01
    7.967372e-02    7.539255e+01    5.054139e-01
    8.158240e-02    7.721116e+01    5.378231e-01
    8.353791e-02    7.907519e+01    5.724183e-01
    8.554142e-02    8.098583e+01    6.093494e-01
    8.759415e-02    8.294434e+01    6.487763e-01
    8.969735e-02    8.495197e+01    6.908698e-01
    9.185230e-02    8.701004e+01    7.358129e-01
    9.406030e-02    8.911990e+01    7.838006e-01
    9.632270e-02    9.128293e+01    8.350418e-01
    9.864089e-02    9.350056e+01    8.897593e-01
    1.010163e-01    9.577427e+01    9.481915e-01
    1.034503e-01    9.810557e+01    1.010593e+00
    1.059444e-01    1.004960e+02    1.077236e+00
    1.072145e-01    1.017140e+02    1.112238e+00
    1.085003e-01    1.029472e+02    1.148411e+00
    1.098018e-01    1.041961e+02    1.185795e+00
    1.111192e-01    1.054609e+02    1.224429e+00
    1.124530e-01    1.067416e+02    1.264358e+00
    1.138031e-01    1.080386e+02    1.305623e+00
    1.151698e-01    1.093519e+02    1.348270e+00
    1.165533e-01    1.106821e+02    1.392346e+00
    1.179540e-01    1.120291e+02    1.437898e+00
    1.193719e-01    1.133934e+02    1.484978e+00
    1.208072e-01    1.147749e+02    1.533635e+00
    1.222602e-01    1.161741e+02    1.583923e+00
    1.237310e-01    1.175912e+02    1.635897e+00
    1.252201e-01    1.190263e+02    1.689615e+00
    1.267275e-01    1.204799e+02    1.745135e+00
    1.282552e-01    1.219536e+02    1.802443e+00
    1.298109e-01    1.234550e+02    1.861291e+00
    1.313908e-01    1.249807e+02    1.921916e+00
    1.329942e-01    1.265296e+02    1.984453e+00
    1.346205e-01    1.281016e+02    2.049002e+00
    1.362697e-01    1.296964e+02    2.115656e+00
    1.379418e-01    1.313142e+02    2.184506e+00
    1.396368e-01    1.329550e+02    2.255642e+00
    1.413550e-01    1.346192e+02    2.329154e+00
    1.430964e-01    1.363068e+02    2.405136e+00
    1.448613e-01    1.380182e+02    2.483682e+00
    1.466499e-01    1.397534e+02    2.564888e+00
    1.484625e-01    1.415129e+02    2.648854e+00
    1.502991e-01    1.432969e+02    2.735685e+00
    1.521602e-01    1.451057e+02    2.825484e+00
    1.540458e-01    1.469395e+02    2.918362e+00
    1.559564e-01    1.487987e+02    3.014430e+00
    1.578922e-01    1.506837e+02    3.113805e+00
    1.598534e-01    1.525947e+02    3.216607e+00
    1.618403e-01    1.545321e+02    3.322960e+00
    1.638534e-01    1.564962e+02    3.432991e+00
    1.658926e-01    1.584873e+02    3.546835e+00
    1.679586e-01    1.605059e+02    3.664627e+00
    1.700514e-01    1.625524e+02    3.786507e+00
    1.721716e-01    1.646270e+02    3.912625e+00
    1.743193e-01    1.667302e+02    4.043129e+00
    1.764948e-01    1.688623e+02    4.178177e+00
    1.786986e-01    1.710238e+02    4.317931e+00
    1.809310e-01    1.732151e+02    4.462556e+00
    1.831921e-01    1.754366e+02    4.612225e+00
    1.854826e-01    1.776887e+02    4.767119e+00
    1.878026e-01    1.799718e+02    4.927420e+00
    1.901524e-01    1.822865e+02    5.093320e+00
    1.925326e-01    1.846329e+02    5.265016e+00
    1.949434e-01    1.870118e+02    5.442713e+00
    1.973852e-01    1.894236e+02    5.626621e+00
    1.998583e-01    1.918686e+02    5.816957e+00
    2.023632e-01    1.943476e+02    6.013949e+00
    2.049002e-01    1.968607e+02    6.217828e+00
    2.074697e-01    1.994086e+02    6.428833e+00
    2.100720e-01    2.019919e+02    6.647218e+00
    2.127076e-01    2.046109e+02    6.873235e+00
    2.153768e-01    2.072662e+02    7.107154e+00
    2.180800e-01    2.099584e+02    7.349247e+00
    2.208178e-01    2.126880e+02    7.599799e+00
    2.235904e-01    2.154555e+02    7.859103e+00
    2.263983e-01    2.182617e+02    8.127463e+00
    2.292419e-01    2.211069e+02    8.405192e+00
    2.321216e-01    2.239918e+02    8.692613e+00
    2.350379e-01    2.269169e+02    8.990062e+00
    2.379911e-01    2.298829e+02    9.297884e+00
    2.409817e-01    2.328905e+02    9.616435e+00
    2.440101e-01    2.359402e+02    9.946084e+00
    2.470769e-01    2.390326e+02    1.028721e+01
    2.501824e-01    2.421686e+02    1.064022e+01
    2.533271e-01    2.453485e+02    1.100550e+01
    2.565114e-01    2.485733e+02    1.138349e+01
    2.597359e-01    2.518434e+02    1.177460e+01
    2.630009e-01    2.551599e+02    1.217930e+01
    2.663070e-01    2.585232e+02    1.259804e+01
    2.696547e-01    2.619340e+02    1.303131e+01
    2.730443e-01    2.653932e+02    1.347958e+01
    2.764765e-01    2.689016e+02    1.394339e+01
    2.799517e-01    2.724598e+02    1.442324e+01
    2.834704e-01    2.760687e+02    1.491969e+01
    2.870331e-01    2.797291e+02    1.543329e+01
    2.906403e-01    2.834417e+02    1.596462e+01
    2.942925e-01    2.872076e+02    1.651429e+01
    2.979903e-01    2.910274e+02    1.708289e+01
    3.017341e-01    2.949020e+02    1.767108e+01
    3.055247e-01    2.988324e+02    1.827951e+01
    3.093622e-01    3.028194e+02    1.890886e+01
    3.132475e-01    3.068641e+02    1.955981e+01
    3.171809e-01    3.109673e+02    2.023312e+01
    3.211633e-01    3.151299e+02    2.092950e+01
    3.251948e-01    3.193528e+02    2.164974e+01
    3.292762e-01    3.236374e+02    2.239462e+01
    3.334082e-01    3.279843e+02    2.316496e+01
    3.375911e-01    3.323948e+02    2.396161e+01
    3.418256e-01    3.368699e+02    2.478544e+01
    3.461123e-01    3.414106e+02    2.563734e+01
    3.504518e-01    3.460180e+02    2.651824e+01
    3.548447e-01    3.506933e+02    2.742910e+01
    3.592915e-01    3.554377e+02    2.837090e+01
    3.637929e-01    3.602523e+02    2.934467e+01
    3.683494e-01    3.651383e+02    3.035143e+01
    3.729617e-01    3.700969e+02    3.139228e+01
    3.776304e-01    3.751295e+02    3.246834e+01
    3.823563e-01    3.802371e+02    3.358074e+01
    3.871397e-01    3.854214e+02    3.473067e+01
    3.919815e-01    3.906834e+02    3.591936e+01
    3.968822e-01    3.960245e+02    3.714806e+01
    4.018425e-01    4.014463e+02    3.841807e+01
    4.068630e-01    4.069500e+02    3.973073e+01
    4.119445e-01    4.125372e+02    4.108740e+01
    4.170876e-01    4.182094e+02    4.248953e+01
    4.222928e-01    4.239679e+02    4.393857e+01
    4.275611e-01    4.298145e+02    4.543601e+01
    4.328930e-01    4.357506e+02    4.698343e+01
    4.382892e-01    4.417779e+02    4.858242e+01
    4.437502e-01    4.478981e+02    5.023462e+01
    4.492772e-01    4.541129e+02    5.194174e+01
    4.548705e-01    4.604239e+02    5.370553e+01
    4.605308e-01    4.668330e+02    5.552780e+01
    4.662591e-01    4.733419e+02    5.741039e+01
    4.720558e-01    4.799525e+02    5.935522e+01
    4.779219e-01    4.866666e+02    6.136426e+01
    4.838580e-01    4.934863e+02    6.343953e+01
    4.898649e-01    5.004135e+02    6.558314e+01
    4.959433e-01    5.074502e+02    6.779722e+01
    5.020939e-01    5.145984e+02    7.008398e+01
    5.083176e-01    5.218604e+02    7.244572e+01
    5.146151e-01    5.292382e+02    7.488477e+01
    5.209871e-01    5.367340e+02    7.740355e+01
    5.274345e-01    5.443501e+02    8.000454e+01
    5.339580e-01    5.520888e+02    8.269030e+01
    5.405584e-01    5.599525e+02    8.546346e+01
    5.472366e-01    5.679436e+02    8.832675e+01
    5.539932e-01    5.760646e+02    9.128293e+01
    5.608291e-01    5.843179e+02    9.433487e+01
    5.677451e-01    5.927062e+02    9.748553e+01
    5.747421e-01    6.012321e+02    1.007379e+02
    5.818207e-01    6.098983e+02    1.040952e+02
    5.889821e-01    6.187076e+02    1.075607e+02
    5.962268e-01    6.276628e+02    1.111374e+02
    6.035557e-01    6.367668e+02    1.148289e+02
    6.109699e-01    6.460227e+02    1.186388e+02
    6.184698e-01    6.554333e+02    1.225704e+02
    6.260566e-01    6.650018e+02    1.266278e+02
    6.337311e-01    6.747314e+02    1.308143e+02
    6.414941e-01    6.846253e+02    1.351342e+02
    6.493465e-01    6.946869e+02    1.395914e+02
    6.572891e-01    7.049196e+02    1.441900e+02
    6.653229e-01    7.153267e+02    1.489342e+02
    6.734488e-01    7.259119e+02    1.538284e+02
    6.816676e-01    7.366788e+02    1.588770e+02
    6.899802e-01    7.476312e+02    1.640847e+02
    6.983875e-01    7.587729e+02    1.694562e+02
    7.068905e-01    7.701076e+02    1.749964e+02
    7.154900e-01    7.816396e+02    1.807103e+02
    7.241869e-01    7.933727e+02    1.866028e+02
    7.329822e-01    8.053112e+02    1.926793e+02
    7.418768e-01    8.174594e+02    1.989452e+02
    7.508717e-01    8.298216e+02    2.054061e+02
    7.599677e-01    8.424024e+02    2.120677e+02
    7.691659e-01    8.552062e+02    2.189357e+02
    7.784669e-01    8.682379e+02    2.260163e+02
    7.878721e-01    8.815019e+02    2.333156e+02
    7.973822e-01    8.950035e+02    2.408396e+02
    8.069981e-01    9.087475e+02    2.485954e+02
    8.167209e-01    9.227391e+02    2.565891e+02
    8.265515e-01    9.369835e+02    2.648279e+02
    8.364908e-01    9.514860e+02    2.733186e+02
    8.465399e-01    9.662522e+02    2.820685e+02
    8.566997e-01    9.812877e+02    2.910849e+02
    8.669711e-01    9.965981e+02    3.003754e+02
    8.773551e-01    1.012189e+03    3.099478e+02
    8.878529e-01    1.028068e+03    3.198100e+02
    8.984652e-01    1.044239e+03    3.299701e+02
    9.091931e-01    1.060709e+03    3.404367e+02
    9.200376e-01    1.077485e+03    3.512181e+02
    9.309996e-01    1.094574e+03    3.623232e+02
    9.420802e-01    1.111981e+03    3.737611e+02
    9.532804e-01    1.129714e+03    3.855408e+02
    9.646010e-01    1.147780e+03    3.976719e+02
    9.760432e-01    1.166186e+03    4.101642e+02
    9.876080e-01    1.184939e+03    4.230274e+02
    9.992962e-01    1.204047e+03    4.362717e+02
    1.011109e+00    1.223517e+03    4.499077e+02
    1.023047e+00    1.243359e+03    4.639460e+02
    1.035112e+00    1.263577e+03    4.783973e+02
    1.047305e+00    1.284183e+03    4.932730e+02
    1.059625e+00    1.305183e+03    5.085845e+02
    1.072076e+00    1.326585e+03    5.243435e+02
    1.084656e+00    1.348401e+03    5.405620e+02
    1.097369e+00    1.370637e+03    5.572522e+02
    1.110214e+00    1.393304e+03    5.744266e+02
    1.123192e+00    1.416408e+03    5.920983e+02
    1.136305e+00    1.439962e+03    6.102802e+02
    1.149554e+00    1.463975e+03    6.289857e+02
    1.162938e+00    1.488456e+03    6.482287e+02
    1.176461e+00    1.513415e+03    6.680232e+02
    1.190122e+00    1.538862e+03    6.883835e+02
    1.203921e+00    1.564810e+03    7.093244e+02
    1.217863e+00    1.591267e+03    7.308607e+02
    1.231945e+00    1.618245e+03    7.530079e+02
    1.246170e+00    1.645755e+03    7.757816e+02
    1.260538e+00    1.673808e+03    7.991979e+02
    1.275049e+00    1.702418e+03    8.232730e+02
    1.289707e+00    1.731593e+03    8.480238e+02
    1.304511e+00    1.761349e+03    8.734671e+02
    1.319462e+00    1.791696e+03    8.996205e+02
    1.334561e+00    1.822647e+03    9.265018e+02
    1.349810e+00    1.854215e+03    9.541291e+02
    1.365209e+00    1.886413e+03    9.825210e+02
    1.380759e+00    1.919255e+03    1.011696e+03
    1.396461e+00    1.952755e+03    1.041675e+03
    1.412315e+00    1.986926e+03    1.072474e+03
    1.428323e+00    2.021782e+03    1.104118e+03
    1.444487e+00    2.057338e+03    1.136624e+03
    1.460806e+00    2.093609e+03    1.170014e+03
    1.477282e+00    2.130610e+03    1.204309e+03
    1.493914e+00    2.168355e+03    1.239532e+03
    1.510706e+00    2.206862e+03    1.275703e+03
    1.527657e+00    2.246145e+03    1.312846e+03
    1.544768e+00    2.286221e+03    1.350984e+03
    1.562040e+00    2.327107e+03    1.390140e+03
    1.579474e+00    2.368818e+03    1.430338e+03
    1.597072e+00    2.411374e+03    1.471603e+03
    1.614833e+00    2.454791e+03    1.513959e+03
    1.632758e+00    2.499085e+03    1.557431e+03
    1.650849e+00    2.544278e+03    1.602046e+03
    1.669107e+00    2.590385e+03    1.647829e+03
    1.687531e+00    2.637427e+03    1.694808e+03
    1.706124e+00    2.685422e+03    1.743009e+03
    1.724885e+00    2.734390e+03    1.792461e+03
    1.743817e+00    2.784351e+03    1.843190e+03
    1.762919e+00    2.835324e+03    1.895226e+03
    1.782192e+00    2.887331e+03    1.948600e+03
    1.801637e+00    2.940393e+03    2.003339e+03
    1.821257e+00    2.994532e+03    2.059473e+03
    1.841049e+00    3.049767e+03    2.117035e+03
