    3.000000e-04    2.813900e-01    5.100000e-04
    4.000000e-04    3.753200e-01    5.900000e-04
    5.000000e-04    4.694500e-01    6.600000e-04
    6.000000e-04    5.633800e-01    7.200000e-04
    7.000000e-04    6.575000e-01    7.800000e-04
    8.000000e-04    7.514300e-01    8.500000e-04
    9.000000e-04    8.455600e-01    9.200000e-04
    1.000000e-03    9.394900e-01    1.000000e-03
    1.500000e-03    1.409920e+00    1.370000e-03
    2.000000e-03    1.880360e+00    1.760000e-03
    2.500000e-03    2.350990e+00    2.160000e-03
    3.000000e-03    2.821620e+00    2.560000e-03
    3.500000e-03    3.292450e+00    2.960000e-03
    4.000000e-03    3.763280e+00    3.360000e-03
    4.500000e-03    4.234110e+00    3.740000e-03
    5.000000e-03    4.704940e+00    4.120000e-03
    5.500000e-03    5.175970e+00    4.480000e-03
    6.000000e-03    5.646990e+00    4.840000e-03
    6.500000e-03    6.117820e+00    5.190000e-03
    7.000000e-03    6.588850e+00    5.520000e-03
    7.500000e-03    7.059880e+00    5.860000e-03
    8.000000e-03    7.531100e+00    6.180000e-03
    8.500000e-03    8.002130e+00    6.490000e-03
    9.000000e-03    8.473150e+00    6.810000e-03
    9.500000e-03    8.944380e+00    7.120000e-03
    1.000000e-02    9.415400e+00    7.420000e-03
    1.200000e-02    1.130010e+01    8.680000e-03
    1.400000e-02    1.318500e+01    1.010000e-02
    1.600000e-02    1.507029e+01    1.178000e-02
    1.800000e-02    1.695558e+01    1.388000e-02
    2.000000e-02    1.884127e+01    1.654000e-02
    2.200000e-02    2.072715e+01    1.987000e-02
    2.400000e-02    2.261343e+01    2.401000e-02
    2.600000e-02    2.450010e+01    2.909000e-02
    2.800000e-02    2.638716e+01    3.518000e-02
    3.000000e-02    2.827463e+01    4.240000e-02
    3.200000e-02    3.016268e+01    5.084000e-02
    3.400000e-02    3.205133e+01    6.060000e-02
    3.600000e-02    3.394056e+01    7.176000e-02
    3.800000e-02    3.583059e+01    8.446000e-02
    4.000000e-02    3.772121e+01    9.864000e-02
    4.200000e-02    3.961262e+01    1.144300e-01
    4.400000e-02    4.150481e+01    1.318900e-01
    4.600000e-02    4.339780e+01    1.510500e-01
    4.800000e-02    4.529158e+01    1.719500e-01
    5.000000e-02    4.718634e+01    1.946100e-01
    5.200000e-02    4.908209e+01    2.190100e-01
    5.400000e-02    5.097882e+01    2.450600e-01
    5.600000e-02    5.287635e+01    2.698600e-01
    5.700000e-02    5.379012e+01    2.864145e-01
    5.800000e-02    5.473896e+01    3.022375e-01
    5.900000e-02    5.568809e+01    3.186128e-01
    6.000000e-02    5.663750e+01    3.355469e-01
    6.100000e-02    5.758719e+01    3.530466e-01
    6.200000e-02    5.853718e+01    3.711184e-01
    6.300000e-02    5.948746e+01    3.897685e-01
    6.400000e-02    6.043805e+01    4.090034e-01
    6.500000e-02    6.138893e+01    4.288293e-01
    6.600000e-02    6.234013e+01    4.492523e-01
    6.700000e-02    6.329164e+01    4.702784e-01
    6.800000e-02    6.424347e+01    4.919137e-01
    6.900000e-02    6.519563e+01    5.141642e-01
    7.000000e-02    6.614811e+01    5.370355e-01
    7.100000e-02    6.710092e+01    5.605337e-01
    7.200000e-02    6.805406e+01    5.846643e-01
    7.300000e-02    6.900755e+01    6.094331e-01
    7.400000e-02    6.996138e+01    6.348458e-01
    7.500000e-02    7.091556e+01    6.609079e-01
    7.600000e-02    7.187009e+01    6.876249e-01
    7.700000e-02    7.282497e+01    7.150025e-01
    7.800000e-02    7.378022e+01    7.430461e-01
    7.900000e-02    7.473583e+01    7.717612e-01
    8.000000e-02    7.569180e+01    8.011531e-01
    8.100000e-02    7.664815e+01    8.312274e-01
    8.200000e-02    7.760488e+01    8.619893e-01
    8.300000e-02    7.856198e+01    8.934444e-01
    8.400000e-02    7.951947e+01    9.255978e-01
    8.500000e-02    8.047734e+01    9.584551e-01
    8.600000e-02    8.143560e+01    9.920216e-01
    8.700000e-02    8.239426e+01    1.026303e+00
    8.800000e-02    8.335332e+01    1.061304e+00
    8.900000e-02    8.431278e+01    1.097030e+00
    9.000000e-02    8.527264e+01    1.133487e+00
    9.100000e-02    8.623292e+01    1.170679e+00
    9.200000e-02    8.719360e+01    1.208614e+00
    9.300000e-02    8.815470e+01    1.247295e+00
    9.400000e-02    8.911623e+01    1.286729e+00
    9.500000e-02    9.007817e+01    1.326920e+00
    9.600000e-02    9.104055e+01    1.367875e+00
    9.700000e-02    9.200335e+01    1.409599e+00
    9.800000e-02    9.296659e+01    1.452097e+00
    9.900000e-02    9.393026e+01    1.495376e+00
    1.000000e-01    9.489438e+01    1.539440e+00
    1.010000e-01    9.585894e+01    1.584296e+00
    1.020000e-01    9.682395e+01    1.629950e+00
    1.030000e-01    9.778941e+01    1.676406e+00
    1.040000e-01    9.875532e+01    1.723672e+00
    1.050000e-01    9.972170e+01    1.771753e+00
    1.060000e-01    1.006885e+02    1.820656e+00
    1.070000e-01    1.016558e+02    1.870385e+00
    1.080000e-01    1.026236e+02    1.920949e+00
    1.090000e-01    1.035918e+02    1.972352e+00
    1.100000e-01    1.045606e+02    2.024601e+00
    1.110000e-01    1.055298e+02    2.077599e+00
    1.120000e-01    1.064994e+02    2.130565e+00
    1.130000e-01    1.074696e+02    2.183864e+00
    1.140000e-01    1.084402e+02    2.237649e+00
    1.150000e-01    1.094113e+02    2.291993e+00
    1.160000e-01    1.103829e+02    2.346940e+00
    1.170000e-01    1.113549e+02    2.402521e+00
    1.180000e-01    1.123274e+02    2.458763e+00
    1.190000e-01    1.133004e+02    2.515686e+00
    1.200000e-01    1.142739e+02    2.573309e+00
    1.210000e-01    1.152479e+02    2.631648e+00
    1.220000e-01    1.162224e+02    2.690718e+00
    1.230000e-01    1.171973e+02    2.750533e+00
    1.240000e-01    1.181727e+02    2.811106e+00
    1.250000e-01    1.191486e+02    2.872449e+00
    1.260000e-01    1.201251e+02    2.934575e+00
    1.270000e-01    1.211020e+02    2.997496e+00
    1.280000e-01    1.220794e+02    3.061222e+00
    1.290000e-01    1.230573e+02    3.125765e+00
    1.300000e-01    1.240357e+02    3.191137e+00
    1.310000e-01    1.250146e+02    3.257349e+00
    1.320000e-01    1.259941e+02    3.324411e+00
    1.330000e-01    1.269740e+02    3.392335e+00
    1.340000e-01    1.279545e+02    3.461132e+00
    1.350000e-01    1.289354e+02    3.530814e+00
    1.360000e-01    1.299169e+02    3.601391e+00
    1.370000e-01    1.308989e+02    3.672874e+00
    1.380000e-01    1.318815e+02    3.745276e+00
    1.390000e-01    1.328645e+02    3.818608e+00
    1.400000e-01    1.338481e+02    3.892882e+00
    1.410000e-01    1.348323e+02    3.968109e+00
    1.420000e-01    1.358169e+02    4.044301e+00
    1.430000e-01    1.368022e+02    4.121472e+00
    1.440000e-01    1.377879e+02    4.199632e+00
    1.450000e-01    1.387742e+02    4.278795e+00
    1.460000e-01    1.397611e+02    4.358974e+00
    1.470000e-01    1.407485e+02    4.440181e+00
    1.480000e-01    1.417364e+02    4.522430e+00
    1.490000e-01    1.427249e+02    4.605733e+00
    1.500000e-01    1.437140e+02    4.690106e+00
    1.510000e-01    1.447036e+02    4.775561e+00
    1.520000e-01    1.456939e+02    4.862112e+00
    1.530000e-01    1.466846e+02    4.949775e+00
    1.540000e-01    1.476760e+02    5.038563e+00
    1.550000e-01    1.486680e+02    5.128492e+00
    1.560000e-01    1.496605e+02    5.219577e+00
    1.570000e-01    1.506536e+02    5.311832e+00
    1.580000e-01    1.516473e+02    5.405274e+00
    1.590000e-01    1.526416e+02    5.499919e+00
    1.600000e-01    1.536365e+02    5.595783e+00
    1.610000e-01    1.546320e+02    5.692882e+00
    1.620000e-01    1.556281e+02    5.791234e+00
    1.630000e-01    1.566248e+02    5.890855e+00
    1.640000e-01    1.576222e+02    5.991763e+00
    1.650000e-01    1.586201e+02    6.093975e+00
    1.660000e-01    1.596187e+02    6.197510e+00
    1.670000e-01    1.606179e+02    6.302386e+00
    1.680000e-01    1.616178e+02    6.408622e+00
    1.690000e-01    1.626182e+02    6.516236e+00
    1.700000e-01    1.636194e+02    6.625248e+00
    1.710000e-01    1.646211e+02    6.735678e+00
    1.720000e-01    1.656235e+02    6.847546e+00
    1.730000e-01    1.666266e+02    6.960871e+00
    1.740000e-01    1.676303e+02    7.075675e+00
    1.750000e-01    1.686347e+02    7.191978e+00
    1.760000e-01    1.696398e+02    7.309802e+00
    1.770000e-01    1.706455e+02    7.429168e+00
    1.780000e-01    1.716519e+02    7.550099e+00
    1.790000e-01    1.726590e+02    7.672616e+00
    1.800000e-01    1.736668e+02    7.796743e+00
    1.810000e-01    1.746753e+02    7.922502e+00
    1.820000e-01    1.756845e+02    8.049917e+00
    1.830000e-01    1.766943e+02    8.179011e+00
    1.840000e-01    1.777049e+02    8.309808e+00
    1.850000e-01    1.787162e+02    8.442333e+00
    1.860000e-01    1.797283e+02    8.576610e+00
    1.870000e-01    1.807410e+02    8.712665e+00
    1.880000e-01    1.817545e+02    8.850522e+00
    1.890000e-01    1.827687e+02    8.990207e+00
    1.900000e-01    1.837837e+02    9.131746e+00
    1.910000e-01    1.847994e+02    9.275166e+00
    1.920000e-01    1.858159e+02    9.420493e+00
    1.930000e-01    1.868331e+02    9.567754e+00
    1.940000e-01    1.878512e+02    9.716977e+00
    1.950000e-01    1.888699e+02    9.868188e+00
    1.960000e-01    1.898895e+02    1.002142e+01
    1.970000e-01    1.909098e+02    1.017669e+01
    1.980000e-01    1.919310e+02    1.033403e+01
    1.990000e-01    1.929529e+02    1.049348e+01
    2.000000e-01    1.939757e+02    1.065506e+01
    2.010000e-01    1.949992e+02    1.081880e+01
    2.020000e-01    1.960236e+02    1.098472e+01
    2.030000e-01    1.970488e+02    1.115287e+01
    2.040000e-01    1.980749e+02    1.132327e+01
    2.050000e-01    1.991018e+02    1.149594e+01
    2.060000e-01    2.001295e+02    1.167092e+01
    2.070000e-01    2.011581e+02    1.184825e+01
    2.080000e-01    2.021875e+02    1.202794e+01
    2.090000e-01    2.032178e+02    1.221004e+01
    2.100000e-01    2.042490e+02    1.239457e+01
    2.110000e-01    2.052811e+02    1.258156e+01
    2.120000e-01    2.063141e+02    1.277105e+01
    2.130000e-01    2.073480e+02    1.296306e+01
    2.140000e-01    2.083827e+02    1.315763e+01
    2.150000e-01    2.094184e+02    1.335480e+01
    2.160000e-01    2.104550e+02    1.355458e+01
    2.170000e-01    2.114926e+02    1.375702e+01
    2.180000e-01    2.125311e+02    1.396215e+01
    2.190000e-01    2.135705e+02    1.416999e+01
    2.200000e-01    2.146109e+02    1.438058e+01
    2.210000e-01    2.156523e+02    1.459395e+01
    2.220000e-01    2.166946e+02    1.481014e+01
    2.230000e-01    2.177379e+02    1.502917e+01
    2.240000e-01    2.187822e+02    1.525108e+01
    2.250000e-01    2.198275e+02    1.547590e+01
    2.260000e-01    2.208738e+02    1.570366e+01
    2.270000e-01    2.219211e+02    1.593439e+01
    2.280000e-01    2.229694e+02    1.616813e+01
    2.290000e-01    2.240188e+02    1.640490e+01
    2.300000e-01    2.250692e+02    1.664474e+01
    2.310000e-01    2.261206e+02    1.688767e+01
    2.320000e-01    2.271732e+02    1.713374e+01
    2.330000e-01    2.282267e+02    1.738296e+01
    2.340000e-01    2.292814e+02    1.763537e+01
    2.350000e-01    2.303371e+02    1.789100e+01
    2.360000e-01    2.313940e+02    1.814989e+01
    2.370000e-01    2.324519e+02    1.841205e+01
    2.380000e-01    2.335110e+02    1.867752e+01
    2.390000e-01    2.345712e+02    1.894632e+01
    2.400000e-01    2.356325e+02    1.921850e+01
    2.410000e-01    2.366949e+02    1.949407e+01
    2.420000e-01    2.377585e+02    1.977306e+01
    2.430000e-01    2.388233e+02    2.005550e+01
    2.440000e-01    2.398892e+02    2.034141e+01
    2.450000e-01    2.409563e+02    2.063083e+01
    2.460000e-01    2.420246e+02    2.092379e+01
    2.470000e-01    2.430941e+02    2.122029e+01
    2.480000e-01    2.441648e+02    2.152038e+01
    2.490000e-01    2.452368e+02    2.182407e+01
    2.500000e-01    2.463099e+02    2.213140e+01
    2.510000e-01    2.473843e+02    2.244238e+01
    2.520000e-01    2.484599e+02    2.275704e+01
    2.530000e-01    2.495368e+02    2.307539e+01
    2.540000e-01    2.506150e+02    2.339748e+01
    2.550000e-01    2.516944e+02    2.372330e+01
    2.560000e-01    2.527751e+02    2.405289e+01
    2.570000e-01    2.538571e+02    2.438627e+01
    2.580000e-01    2.549404e+02    2.472346e+01
    2.590000e-01    2.560250e+02    2.506447e+01
    2.600000e-01    2.571110e+02    2.540932e+01
    2.610000e-01    2.581983e+02    2.575804e+01
    2.620000e-01    2.592869e+02    2.611064e+01
    2.630000e-01    2.603769e+02    2.646714e+01
    2.640000e-01    2.614682e+02    2.682755e+01
    2.650000e-01    2.625610e+02    2.719190e+01
    2.660000e-01    2.636551e+02    2.756018e+01
    2.670000e-01    2.647505e+02    2.793243e+01
    2.680000e-01    2.658474e+02    2.830866e+01
    2.690000e-01    2.669457e+02    2.868887e+01
    2.700000e-01    2.680455e+02    2.907307e+01
    2.710000e-01    2.691466e+02    2.946130e+01
    2.720000e-01    2.702492e+02    2.985354e+01
    2.730000e-01    2.713533e+02    3.024982e+01
    2.740000e-01    2.724588e+02    3.065014e+01
    2.750000e-01    2.735657e+02    3.105452e+01
    2.760000e-01    2.746742e+02    3.146296e+01
    2.770000e-01    2.757841e+02    3.187547e+01
    2.780000e-01    2.768956e+02    3.229206e+01
    2.790000e-01    2.780085e+02    3.271274e+01
    2.800000e-01    2.791230e+02    3.313751e+01
    2.810000e-01    2.802389e+02    3.356638e+01
    2.820000e-01    2.813565e+02    3.399935e+01
    2.830000e-01    2.824755e+02    3.443643e+01
    2.840000e-01    2.835961e+02    3.485984e+01
    2.850000e-01    2.847181e+02    3.523096e+01
    2.860000e-01    2.858413e+02    3.558381e+01
    2.870000e-01    2.869658e+02    3.592639e+01
    2.880000e-01    2.880915e+02    3.626211e+01
    2.890000e-01    2.892183e+02    3.659292e+01
    2.900000e-01    2.903462e+02    3.692004e+01
    2.910000e-01    2.914753e+02    3.724437e+01
    2.920000e-01    2.926054e+02    3.756655e+01
    2.930000e-01    2.937367e+02    3.788706e+01
    2.940000e-01    2.948691e+02    3.820631e+01
    2.950000e-01    2.960025e+02    3.852461e+01
    2.960000e-01    2.971371e+02    3.884222e+01
    2.970000e-01    2.982727e+02    3.915937e+01
    2.980000e-01    2.994093e+02    3.947624e+01
    2.990000e-01    3.005471e+02    3.979298e+01
    3.000000e-01    3.016858e+02    4.010975e+01
    3.010000e-01    3.028257e+02    4.042666e+01
    3.020000e-01    3.039666e+02    4.074382e+01
    3.030000e-01    3.051085e+02    4.106133e+01
    3.040000e-01    3.062515e+02    4.137926e+01
    3.050000e-01    3.073956e+02    4.169771e+01
    3.060000e-01    3.085407e+02    4.201672e+01
    3.070000e-01    3.096868e+02    4.233638e+01
    3.080000e-01    3.108340e+02    4.265674e+01
    3.090000e-01    3.119822e+02    4.297784e+01
    3.100000e-01    3.131315e+02    4.329973e+01
    3.110000e-01    3.142818e+02    4.362247e+01
    3.120000e-01    3.154331e+02    4.394608e+01
    3.130000e-01    3.165855e+02    4.427062e+01
    3.140000e-01    3.177389e+02    4.459610e+01
    3.150000e-01    3.188933e+02    4.492257e+01
    3.160000e-01    3.200488e+02    4.525005e+01
    3.170000e-01    3.212054e+02    4.557858e+01
    3.180000e-01    3.223629e+02    4.590817e+01
    3.190000e-01    3.235215e+02    4.623886e+01
    3.200000e-01    3.246812e+02    4.657066e+01
    3.210000e-01    3.258418e+02    4.690359e+01
    3.220000e-01    3.270036e+02    4.723769e+01
    3.230000e-01    3.281663e+02    4.757296e+01
    3.240000e-01    3.293301e+02    4.790942e+01
    3.250000e-01    3.304950e+02    4.824710e+01
    3.260000e-01    3.316608e+02    4.858600e+01
    3.270000e-01    3.328278e+02    4.892615e+01
    3.280000e-01    3.339957e+02    4.926755e+01
    3.290000e-01    3.351647e+02    4.961022e+01
    3.300000e-01    3.363348e+02    4.995418e+01
    3.310000e-01    3.375059e+02    5.029943e+01
    3.320000e-01    3.386780e+02    5.064598e+01
    3.330000e-01    3.398512e+02    5.099386e+01
    3.340000e-01    3.410254e+02    5.134306e+01
    3.350000e-01    3.422007e+02    5.169360e+01
    3.360000e-01    3.433771e+02    5.204549e+01
    3.370000e-01    3.445544e+02    5.239874e+01
    3.380000e-01    3.457329e+02    5.275335e+01
    3.390000e-01    3.469123e+02    5.310934e+01
    3.400000e-01    3.480929e+02    5.346671e+01
    3.410000e-01    3.492745e+02    5.382546e+01
    3.420000e-01    3.504571e+02    5.418562e+01
    3.430000e-01    3.516408e+02    5.454718e+01
    3.440000e-01    3.528255e+02    5.491014e+01
    3.450000e-01    3.540113e+02    5.527453e+01
    3.460000e-01    3.551982e+02    5.564033e+01
    3.470000e-01    3.563861e+02    5.600757e+01
    3.480000e-01    3.575751e+02    5.637623e+01
    3.490000e-01    3.587652e+02    5.674634e+01
    3.500000e-01    3.599563e+02    5.711674e+01
    3.510000e-01    3.611484e+02    5.746822e+01
    3.520000e-01    3.623415e+02    5.781404e+01
    3.530000e-01    3.635357e+02    5.815802e+01
    3.540000e-01    3.647307e+02    5.850132e+01
    3.550000e-01    3.659268e+02    5.884453e+01
    3.560000e-01    3.671238e+02    5.918802e+01
    3.570000e-01    3.683218e+02    5.953200e+01
    3.580000e-01    3.695208e+02    5.987667e+01
    3.590000e-01    3.707207e+02    6.022213e+01
    3.600000e-01    3.719216e+02    6.056849e+01
    3.610000e-01    3.731234e+02    6.091583e+01
    3.620000e-01    3.743262e+02    6.126420e+01
    3.630000e-01    3.755300e+02    6.161367e+01
    3.640000e-01    3.767347e+02    6.196426e+01
    3.650000e-01    3.779404e+02    6.231604e+01
    3.660000e-01    3.791471e+02    6.266901e+01
    3.670000e-01    3.803547e+02    6.302321e+01
    3.680000e-01    3.815633e+02    6.337867e+01
    3.690000e-01    3.827729e+02    6.373541e+01
    3.700000e-01    3.839834e+02    6.409344e+01
    3.710000e-01    3.851949e+02    6.445278e+01
    3.720000e-01    3.864074e+02    6.481345e+01
    3.730000e-01    3.876208e+02    6.517547e+01
    3.740000e-01    3.888352e+02    6.553883e+01
    3.750000e-01    3.900506e+02    6.590356e+01
    3.760000e-01    3.912670e+02    6.626967e+01
    3.770000e-01    3.924843e+02    6.663715e+01
    3.780000e-01    3.937027e+02    6.700604e+01
    3.790000e-01    3.949220e+02    6.737632e+01
    3.800000e-01    3.961422e+02    6.774801e+01
    3.810000e-01    3.973635e+02    6.812111e+01
    3.820000e-01    3.985857e+02    6.849563e+01
    3.830000e-01    3.998089e+02    6.887158e+01
    3.840000e-01    4.010331e+02    6.924896e+01
    3.850000e-01    4.022583e+02    6.962777e+01
    3.860000e-01    4.034845e+02    7.000803e+01
    3.870000e-01    4.047116e+02    7.038973e+01
    3.880000e-01    4.059398e+02    7.077288e+01
    3.890000e-01    4.071689e+02    7.115748e+01
    3.900000e-01    4.083991e+02    7.154354e+01
    3.910000e-01    4.096302e+02    7.193105e+01
    3.920000e-01    4.108623e+02    7.232003e+01
    3.930000e-01    4.120954e+02    7.271047e+01
    3.940000e-01    4.133295e+02    7.310238e+01
    3.950000e-01    4.145646e+02    7.349575e+01
    3.960000e-01    4.158007e+02    7.389060e+01
    3.970000e-01    4.170378e+02    7.428692e+01
    3.980000e-01    4.182759e+02    7.468472e+01
    3.990000e-01    4.195150e+02    7.508400e+01
    4.000000e-01    4.207551e+02    7.548475e+01
    4.010000e-01    4.219962e+02    7.588699e+01
    4.020000e-01    4.232383e+02    7.629070e+01
    4.030000e-01    4.244814e+02    7.669590e+01
    4.040000e-01    4.257255e+02    7.710259e+01
    4.050000e-01    4.269706e+02    7.751076e+01
    4.060000e-01    4.282168e+02    7.792042e+01
    4.070000e-01    4.294639e+02    7.833156e+01
    4.080000e-01    4.307121e+02    7.874420e+01
    4.090000e-01    4.319613e+02    7.915832e+01
    4.100000e-01    4.332114e+02    7.957394e+01
    4.110000e-01    4.344626e+02    7.999105e+01
    4.120000e-01    4.357149e+02    8.040965e+01
    4.130000e-01    4.369681e+02    8.082974e+01
    4.140000e-01    4.382224e+02    8.125132e+01
    4.150000e-01    4.394776e+02    8.167440e+01
    4.160000e-01    4.407339e+02    8.209897e+01
    4.170000e-01    4.419913e+02    8.252504e+01
    4.180000e-01    4.432496e+02    8.295260e+01
    4.190000e-01    4.445090e+02    8.338166e+01
    4.200000e-01    4.457694e+02    8.381221e+01
    4.210000e-01    4.470308e+02    8.424426e+01
    4.220000e-01    4.482932e+02    8.467781e+01
    4.230000e-01    4.495567e+02    8.511285e+01
    4.240000e-01    4.508212e+02    8.554938e+01
    4.250000e-01    4.520868e+02    8.598742e+01
    4.260000e-01    4.533533e+02    8.642695e+01
    4.270000e-01    4.546210e+02    8.686797e+01
    4.280000e-01    4.558896e+02    8.731049e+01
    4.290000e-01    4.571593e+02    8.775451e+01
    4.300000e-01    4.584300e+02    8.820002e+01
    4.310000e-01    4.597017e+02    8.864703e+01
    4.320000e-01    4.609745e+02    8.909554e+01
    4.330000e-01    4.622484e+02    8.954554e+01
    4.340000e-01    4.635232e+02    8.999704e+01
    4.350000e-01    4.647991e+02    9.045003e+01
    4.360000e-01    4.660761e+02    9.090451e+01
    4.370000e-01    4.673541e+02    9.136050e+01
    4.380000e-01    4.686331e+02    9.181797e+01
    4.390000e-01    4.699132e+02    9.227694e+01
    4.400000e-01    4.711944e+02    9.273741e+01
    4.410000e-01    4.724766e+02    9.319936e+01
    4.420000e-01    4.737598e+02    9.366282e+01
    4.430000e-01    4.750441e+02    9.412776e+01
    4.440000e-01    4.763294e+02    9.459420e+01
    4.450000e-01    4.776158e+02    9.506212e+01
    4.460000e-01    4.789033e+02    9.553154e+01
    4.470000e-01    4.801918e+02    9.600246e+01
    4.480000e-01    4.814813e+02    9.647486e+01
    4.490000e-01    4.827719e+02    9.694875e+01
    4.500000e-01    4.840636e+02    9.742413e+01
    4.510000e-01    4.853563e+02    9.790101e+01
    4.520000e-01    4.866501e+02    9.837937e+01
    4.530000e-01    4.879449e+02    9.885922e+01
    4.540000e-01    4.892408e+02    9.934056e+01
    4.550000e-01    4.905378e+02    9.982338e+01
    4.560000e-01    4.918358e+02    1.003077e+02
    4.570000e-01    4.931349e+02    1.007935e+02
    4.580000e-01    4.944351e+02    1.012808e+02
    4.590000e-01    4.957363e+02    1.017695e+02
    4.600000e-01    4.970386e+02    1.022598e+02
    4.610000e-01    4.983420e+02    1.027515e+02
    4.620000e-01    4.996464e+02    1.032448e+02
    4.630000e-01    5.009519e+02    1.037395e+02
    4.640000e-01    5.022584e+02    1.042357e+02
    4.650000e-01    5.035661e+02    1.047333e+02
    4.660000e-01    5.048748e+02    1.052325e+02
    4.670000e-01    5.061846e+02    1.057331e+02
    4.680000e-01    5.074954e+02    1.062352e+02
    4.690000e-01    5.088073e+02    1.067388e+02
    4.700000e-01    5.101203e+02    1.072439e+02
    4.710000e-01    5.114344e+02    1.077504e+02
    4.720000e-01    5.127496e+02    1.082584e+02
    4.730000e-01    5.140658e+02    1.087680e+02
    4.740000e-01    5.153831e+02    1.092789e+02
    4.750000e-01    5.167015e+02    1.097914e+02
    4.760000e-01    5.180210e+02    1.103053e+02
    4.770000e-01    5.193415e+02    1.108207e+02
    4.780000e-01    5.206632e+02    1.113376e+02
    4.790000e-01    5.219859e+02    1.118559e+02
    4.800000e-01    5.233097e+02    1.123758e+02
    4.810000e-01    5.246346e+02    1.128970e+02
    4.820000e-01    5.259606e+02    1.134198e+02
    4.830000e-01    5.272876e+02    1.139440e+02
    4.840000e-01    5.286158e+02    1.144697e+02
    4.850000e-01    5.299450e+02    1.149969e+02
    4.860000e-01    5.312753e+02    1.155255e+02
    4.870000e-01    5.326067e+02    1.160557e+02
    4.880000e-01    5.339392e+02    1.165872e+02
    4.890000e-01    5.352728e+02    1.171203e+02
    4.900000e-01    5.366075e+02    1.176548e+02
    4.910000e-01    5.379433e+02    1.181907e+02
    4.920000e-01    5.392801e+02    1.187282e+02
    4.930000e-01    5.406181e+02    1.192671e+02
    4.940000e-01    5.419572e+02    1.198074e+02
    4.950000e-01    5.432973e+02    1.203492e+02
    4.960000e-01    5.446386e+02    1.208925e+02
    4.970000e-01    5.459809e+02    1.214372e+02
    4.980000e-01    5.473244e+02    1.219834e+02
    4.990000e-01    5.486689e+02    1.225311e+02
    5.000000e-01    5.500145e+02    1.230802e+02
    5.010000e-01    5.513613e+02    1.236308e+02
    5.020000e-01    5.527091e+02    1.241828e+02
    5.030000e-01    5.540581e+02    1.247363e+02
    5.040000e-01    5.554081e+02    1.252912e+02
    5.050000e-01    5.567592e+02    1.258476e+02
    5.060000e-01    5.581115e+02    1.264055e+02
    5.070000e-01    5.594648e+02    1.269648e+02
    5.080000e-01    5.608193e+02    1.275255e+02
    5.090000e-01    5.621749e+02    1.280877e+02
    5.100000e-01    5.635315e+02    1.286514e+02
    5.110000e-01    5.648893e+02    1.292165e+02
    5.120000e-01    5.662482e+02    1.297830e+02
    5.130000e-01    5.676082e+02    1.303510e+02
    5.140000e-01    5.689693e+02    1.309205e+02
    5.150000e-01    5.703315e+02    1.314914e+02
    5.160000e-01    5.716948e+02    1.320637e+02
    5.170000e-01    5.730592e+02    1.326375e+02
    5.180000e-01    5.744248e+02    1.332127e+02
    5.190000e-01    5.757914e+02    1.337894e+02
    5.200000e-01    5.771592e+02    1.343675e+02
    5.210000e-01    5.785281e+02    1.349471e+02
    5.220000e-01    5.798981e+02    1.355281e+02
    5.230000e-01    5.812692e+02    1.361105e+02
    5.240000e-01    5.826414e+02    1.366944e+02
    5.250000e-01    5.840147e+02    1.372797e+02
    5.260000e-01    5.853892e+02    1.378665e+02
    5.270000e-01    5.867647e+02    1.384547e+02
    5.280000e-01    5.881414e+02    1.390444e+02
    5.290000e-01    5.895192e+02    1.396354e+02
    5.300000e-01    5.908982e+02    1.402279e+02
    5.310000e-01    5.922782e+02    1.408219e+02
    5.320000e-01    5.936594e+02    1.414173e+02
    5.330000e-01    5.950416e+02    1.420141e+02
    5.340000e-01    5.964250e+02    1.426123e+02
    5.350000e-01    5.978096e+02    1.432120e+02
    5.360000e-01    5.991952e+02    1.438131e+02
    5.370000e-01    6.005820e+02    1.444157e+02
    5.380000e-01    6.019699e+02    1.450197e+02
    5.390000e-01    6.033589e+02    1.456251e+02
    5.400000e-01    6.047491e+02    1.462319e+02
    5.410000e-01    6.061403e+02    1.468402e+02
    5.420000e-01    6.075327e+02    1.474499e+02
    5.430000e-01    6.089262e+02    1.480610e+02
    5.440000e-01    6.103209e+02    1.486735e+02
    5.450000e-01    6.117167e+02    1.492875e+02
    5.460000e-01    6.131136e+02    1.499029e+02
    5.470000e-01    6.145116e+02    1.505197e+02
    5.480000e-01    6.159107e+02    1.511380e+02
    5.490000e-01    6.173110e+02    1.517576e+02
    5.500000e-01    6.187125e+02    1.523787e+02
    5.510000e-01    6.201150e+02    1.530012e+02
    5.520000e-01    6.215187e+02    1.536252e+02
    5.530000e-01    6.229235e+02    1.542505e+02
    5.540000e-01    6.243294e+02    1.548773e+02
    5.550000e-01    6.257365e+02    1.555055e+02
    5.560000e-01    6.271447e+02    1.561351e+02
    5.570000e-01    6.285541e+02    1.567661e+02
    5.580000e-01    6.299645e+02    1.573985e+02
    5.590000e-01    6.313762e+02    1.580324e+02
    5.600000e-01    6.327889e+02    1.586677e+02
    5.610000e-01    6.342028e+02    1.593044e+02
    5.620000e-01    6.356178e+02    1.599425e+02
    5.630000e-01    6.370340e+02    1.605820e+02
    5.640000e-01    6.384513e+02    1.612229e+02
    5.650000e-01    6.398697e+02    1.618653e+02
    5.660000e-01    6.412893e+02    1.625090e+02
    5.670000e-01    6.427100e+02    1.631542e+02
    5.680000e-01    6.441318e+02    1.638007e+02
    5.690000e-01    6.455548e+02    1.644487e+02
    5.700000e-01    6.469789e+02    1.650981e+02
    5.710000e-01    6.484042e+02    1.657489e+02
    5.720000e-01    6.498306e+02    1.664011e+02
    5.730000e-01    6.512581e+02    1.670547e+02
    5.740000e-01    6.526868e+02    1.677098e+02
    5.750000e-01    6.541167e+02    1.683662e+02
    5.760000e-01    6.555477e+02    1.690240e+02
    5.770000e-01    6.569798e+02    1.696832e+02
    5.780000e-01    6.584130e+02    1.703439e+02
    5.790000e-01    6.598474e+02    1.710059e+02
    5.800000e-01    6.612830e+02    1.716694e+02
    5.810000e-01    6.627197e+02    1.723342e+02
    5.820000e-01    6.641575e+02    1.730005e+02
    5.830000e-01    6.655965e+02    1.736681e+02
    5.840000e-01    6.670367e+02    1.743372e+02
    5.850000e-01    6.684779e+02    1.750076e+02
    5.860000e-01    6.699204e+02    1.756794e+02
    5.870000e-01    6.713639e+02    1.763527e+02
    5.880000e-01    6.728087e+02    1.770273e+02
    5.890000e-01    6.742545e+02    1.777034e+02
    5.900000e-01    6.757016e+02    1.783808e+02
    5.910000e-01    6.771497e+02    1.790596e+02
    5.920000e-01    6.785991e+02    1.797398e+02
    5.930000e-01    6.800495e+02    1.804215e+02
    5.940000e-01    6.815012e+02    1.811045e+02
    5.950000e-01    6.829539e+02    1.817889e+02
    5.960000e-01    6.844079e+02    1.824747e+02
    5.970000e-01    6.858629e+02    1.831619e+02
    5.980000e-01    6.873192e+02    1.838505e+02
    5.990000e-01    6.887765e+02    1.845404e+02
    6.000000e-01    6.902351e+02    1.852318e+02
    6.010000e-01    6.916948e+02    1.859245e+02
    6.020000e-01    6.931556e+02    1.866187e+02
    6.030000e-01    6.946176e+02    1.873142e+02
    6.040000e-01    6.960808e+02    1.880111e+02
    6.050000e-01    6.975451e+02    1.887094e+02
    6.060000e-01    6.990105e+02    1.894091e+02
    6.070000e-01    7.004771e+02    1.901102e+02
    6.080000e-01    7.019449e+02    1.908127e+02
    6.090000e-01    7.034138e+02    1.915165e+02
    6.100000e-01    7.048839e+02    1.922218e+02
    6.110000e-01    7.063552e+02    1.929284e+02
    6.120000e-01    7.078276e+02    1.936364e+02
    6.130000e-01    7.093011e+02    1.943458e+02
    6.140000e-01    7.107759e+02    1.950565e+02
    6.150000e-01    7.122517e+02    1.957687e+02
    6.160000e-01    7.137288e+02    1.964822e+02
    6.170000e-01    7.152070e+02    1.971971e+02
    6.180000e-01    7.166863e+02    1.979134e+02
    6.190000e-01    7.181668e+02    1.986311e+02
    6.200000e-01    7.196485e+02    1.993501e+02
    6.210000e-01    7.211313e+02    2.000705e+02
    6.220000e-01    7.226153e+02    2.007923e+02
    6.230000e-01    7.241005e+02    2.015155e+02
    6.240000e-01    7.255868e+02    2.022401e+02
    6.250000e-01    7.270743e+02    2.029660e+02
    6.260000e-01    7.285629e+02    2.036933e+02
    6.270000e-01    7.300528e+02    2.044220e+02
    6.280000e-01    7.315437e+02    2.051521e+02
    6.290000e-01    7.330359e+02    2.058835e+02
    6.300000e-01    7.345292e+02    2.066163e+02
    6.310000e-01    7.360236e+02    2.073505e+02
    6.320000e-01    7.375193e+02    2.080860e+02
    6.330000e-01    7.390160e+02    2.088229e+02
    6.340000e-01    7.405140e+02    2.095612e+02
    6.350000e-01    7.420131e+02    2.103009e+02
    6.360000e-01    7.435134e+02    2.110419e+02
    6.370000e-01    7.450149e+02    2.117843e+02
    6.380000e-01    7.465175e+02    2.125281e+02
    6.390000e-01    7.480213e+02    2.132733e+02
    6.400000e-01    7.495262e+02    2.140198e+02
    6.410000e-01    7.510324e+02    2.147676e+02
    6.420000e-01    7.525397e+02    2.155169e+02
    6.430000e-01    7.540481e+02    2.162675e+02
    6.440000e-01    7.555578e+02    2.170195e+02
    6.450000e-01    7.570686e+02    2.177728e+02
    6.460000e-01    7.585805e+02    2.185275e+02
    6.470000e-01    7.600937e+02    2.192836e+02
    6.480000e-01    7.616080e+02    2.200411e+02
    6.490000e-01    7.631234e+02    2.207999e+02
    6.500000e-01    7.646401e+02    2.215600e+02
    6.510000e-01    7.661579e+02    2.223216e+02
    6.520000e-01    7.676769e+02    2.230844e+02
    6.530000e-01    7.691970e+02    2.238487e+02
    6.540000e-01    7.707184e+02    2.246143e+02
    6.550000e-01    7.722409e+02    2.253813e+02
    6.560000e-01    7.737645e+02    2.261496e+02
    6.570000e-01    7.752894e+02    2.269193e+02
    6.580000e-01    7.768154e+02    2.276904e+02
    6.590000e-01    7.783426e+02    2.284628e+02
    6.600000e-01    7.798710e+02    2.292366e+02
    6.610000e-01    7.814005e+02    2.300117e+02
    6.620000e-01    7.829312e+02    2.307882e+02
    6.630000e-01    7.844631e+02    2.315660e+02
    6.640000e-01    7.859962e+02    2.323452e+02
    6.650000e-01    7.875304e+02    2.331258e+02
    6.660000e-01    7.890658e+02    2.339077e+02
    6.670000e-01    7.906024e+02    2.346909e+02
    6.680000e-01    7.921401e+02    2.354756e+02
    6.690000e-01    7.936791e+02    2.362615e+02
    6.700000e-01    7.952192e+02    2.370489e+02
    6.710000e-01    7.967605e+02    2.378376e+02
    6.720000e-01    7.983029e+02    2.386276e+02
    6.730000e-01    7.998466e+02    2.394190e+02
    6.740000e-01    8.013914e+02    2.402117e+02
    6.750000e-01    8.029374e+02    2.410058e+02
    6.760000e-01    8.044846e+02    2.418012e+02
    6.770000e-01    8.060329e+02    2.425980e+02
    6.780000e-01    8.075824e+02    2.433962e+02
    6.790000e-01    8.091331e+02    2.441957e+02
    6.800000e-01    8.106850e+02    2.449965e+02
    6.810000e-01    8.122381e+02    2.457987e+02
    6.820000e-01    8.137923e+02    2.466022e+02
    6.830000e-01    8.153477e+02    2.474071e+02
    6.840000e-01    8.169043e+02    2.482133e+02
    6.850000e-01    8.184621e+02    2.490209e+02
    6.860000e-01    8.200211e+02    2.498299e+02
    6.870000e-01    8.215812e+02    2.506401e+02
    6.880000e-01    8.231425e+02    2.514517e+02
    6.890000e-01    8.247050e+02    2.522647e+02
    6.900000e-01    8.262687e+02    2.530790e+02
    6.910000e-01    8.278336e+02    2.538947e+02
    6.920000e-01    8.293996e+02    2.547117e+02
    6.930000e-01    8.309669e+02    2.555300e+02
    6.940000e-01    8.325353e+02    2.563497e+02
    6.950000e-01    8.341049e+02    2.571707e+02
    6.960000e-01    8.356756e+02    2.579931e+02
    6.970000e-01    8.372476e+02    2.588168e+02
    6.980000e-01    8.388207e+02    2.596418e+02
    6.990000e-01    8.403950e+02    2.604682e+02
    7.000000e-01    8.419705e+02    2.612959e+02
    7.010000e-01    8.435472e+02    2.621250e+02
    7.020000e-01    8.451251e+02    2.629554e+02
    7.030000e-01    8.467042e+02    2.637872e+02
    7.040000e-01    8.482844e+02    2.646202e+02
    7.050000e-01    8.498658e+02    2.654547e+02
    7.060000e-01    8.514484e+02    2.662904e+02
    7.070000e-01    8.530322e+02    2.671275e+02
    7.080000e-01    8.546172e+02    2.679660e+02
    7.090000e-01    8.562034e+02    2.688057e+02
    7.100000e-01    8.577907e+02    2.696468e+02
    7.110000e-01    8.593792e+02    2.704893e+02
    7.120000e-01    8.609690e+02    2.713331e+02
    7.130000e-01    8.625599e+02    2.721782e+02
    7.140000e-01    8.641519e+02    2.730246e+02
    7.150000e-01    8.657452e+02    2.738724e+02
    7.160000e-01    8.673397e+02    2.747215e+02
    7.170000e-01    8.689353e+02    2.755720e+02
    7.180000e-01    8.705322e+02    2.764238e+02
    7.190000e-01    8.721302e+02    2.772769e+02
    7.200000e-01    8.737294e+02    2.781313e+02
    7.210000e-01    8.753298e+02    2.789871e+02
    7.220000e-01    8.769314e+02    2.798442e+02
    7.230000e-01    8.785342e+02    2.807027e+02
    7.240000e-01    8.801381e+02    2.815624e+02
    7.250000e-01    8.817433e+02    2.824235e+02
    7.260000e-01    8.833496e+02    2.832860e+02
    7.270000e-01    8.849572e+02    2.841497e+02
    7.280000e-01    8.865659e+02    2.850148e+02
    7.290000e-01    8.881758e+02    2.858812e+02
    7.300000e-01    8.897869e+02    2.867490e+02
    7.310000e-01    8.913992e+02    2.876180e+02
    7.320000e-01    8.930127e+02    2.884884e+02
    7.330000e-01    8.946273e+02    2.893602e+02
    7.340000e-01    8.962432e+02    2.902332e+02
    7.350000e-01    8.978602e+02    2.911076e+02
    7.360000e-01    8.994785e+02    2.919833e+02
    7.370000e-01    9.010979e+02    2.928603e+02
    7.380000e-01    9.027185e+02    2.937387e+02
    7.390000e-01    9.043403e+02    2.946184e+02
    7.400000e-01    9.059633e+02    2.954994e+02
    7.410000e-01    9.075875e+02    2.963817e+02
    7.420000e-01    9.092129e+02    2.972654e+02
    7.430000e-01    9.108395e+02    2.981503e+02
    7.440000e-01    9.124673e+02    2.990366e+02
    7.450000e-01    9.140962e+02    2.999242e+02
    7.460000e-01    9.157264e+02    3.008132e+02
    7.470000e-01    9.173577e+02    3.017034e+02
    7.480000e-01    9.189903e+02    3.025950e+02
    7.490000e-01    9.206240e+02    3.034879e+02
    7.500000e-01    9.222589e+02    3.043822e+02
    7.510000e-01    9.238950e+02    3.052777e+02
    7.520000e-01    9.255324e+02    3.061746e+02
    7.530000e-01    9.271709e+02    3.070727e+02
    7.540000e-01    9.288106e+02    3.079722e+02
    7.550000e-01    9.304515e+02    3.088731e+02
    7.560000e-01    9.320935e+02    3.097752e+02
    7.570000e-01    9.337368e+02    3.106786e+02
    7.580000e-01    9.353813e+02    3.115834e+02
    7.590000e-01    9.370270e+02    3.124895e+02
    7.600000e-01    9.386738e+02    3.133969e+02
    7.610000e-01    9.403219e+02    3.143056e+02
    7.620000e-01    9.419711e+02    3.152156e+02
    7.630000e-01    9.436216e+02    3.161270e+02
    7.640000e-01    9.452732e+02    3.170397e+02
    7.650000e-01    9.469261e+02    3.179536e+02
    7.660000e-01    9.485801e+02    3.188689e+02
    7.670000e-01    9.502353e+02    3.197855e+02
    7.680000e-01    9.518918e+02    3.207034e+02
    7.690000e-01    9.535494e+02    3.216227e+02
    7.700000e-01    9.552082e+02    3.225432e+02
    7.710000e-01    9.568682e+02    3.234651e+02
    7.720000e-01    9.585294e+02    3.243882e+02
    7.730000e-01    9.601918e+02    3.253127e+02
    7.740000e-01    9.618555e+02    3.262385e+02
    7.750000e-01    9.635203e+02    3.271656e+02
    7.760000e-01    9.651863e+02    3.280940e+02
    7.770000e-01    9.668534e+02    3.290237e+02
    7.780000e-01    9.685218e+02    3.299547e+02
    7.790000e-01    9.701914e+02    3.308871e+02
    7.800000e-01    9.718622e+02    3.318207e+02
    7.810000e-01    9.735342e+02    3.327557e+02
    7.820000e-01    9.752074e+02    3.336919e+02
    7.830000e-01    9.768818e+02    3.346295e+02
    7.840000e-01    9.785574e+02    3.355684e+02
    7.850000e-01    9.802341e+02    3.365085e+02
    7.860000e-01    9.819121e+02    3.374500e+02
    7.870000e-01    9.835913e+02    3.383928e+02
    7.880000e-01    9.852717e+02    3.393369e+02
    7.890000e-01    9.869532e+02    3.402823e+02
    7.900000e-01    9.886360e+02    3.412290e+02
    7.910000e-01    9.903200e+02    3.421770e+02
    7.920000e-01    9.920052e+02    3.431263e+02
    7.930000e-01    9.936915e+02    3.440769e+02
    7.940000e-01    9.953791e+02    3.450289e+02
    7.950000e-01    9.970679e+02    3.459821e+02
    7.960000e-01    9.987579e+02    3.469366e+02
    7.970000e-01    1.000449e+03    3.478924e+02
    7.980000e-01    1.002141e+03    3.488495e+02
    7.990000e-01    1.003835e+03    3.498080e+02
    8.000000e-01    1.005530e+03    3.507677e+02
    8.010000e-01    1.007226e+03    3.517287e+02
    8.020000e-01    1.008923e+03    3.526910e+02
    8.030000e-01    1.010621e+03    3.536547e+02
    8.040000e-01    1.012321e+03    3.546196e+02
    8.050000e-01    1.014022e+03    3.555858e+02
    8.060000e-01    1.015724e+03    3.565533e+02
    8.070000e-01    1.017427e+03    3.575221e+02
    8.080000e-01    1.019131e+03    3.584922e+02
    8.090000e-01    1.020837e+03    3.594636e+02
    8.100000e-01    1.022543e+03    3.604363e+02
    8.110000e-01    1.024251e+03    3.614103e+02
    8.120000e-01    1.025961e+03    3.623856e+02
    8.130000e-01    1.027671e+03    3.633622e+02
    8.140000e-01    1.029383e+03    3.643401e+02
    8.150000e-01    1.031095e+03    3.653193e+02
    8.160000e-01    1.032809e+03    3.662997e+02
    8.170000e-01    1.034525e+03    3.672815e+02
    8.180000e-01    1.036241e+03    3.682646e+02
    8.190000e-01    1.037959e+03    3.692489e+02
    8.200000e-01    1.039677e+03    3.702345e+02
    8.210000e-01    1.041397e+03    3.712215e+02
    8.220000e-01    1.043119e+03    3.722097e+02
    8.230000e-01    1.044841e+03    3.731992e+02
    8.240000e-01    1.046565e+03    3.741900e+02
    8.250000e-01    1.048289e+03    3.751821e+02
    8.260000e-01    1.050016e+03    3.761754e+02
    8.270000e-01    1.051743e+03    3.771701e+02
    8.280000e-01    1.053471e+03    3.781660e+02
    8.290000e-01    1.055201e+03    3.791633e+02
    8.300000e-01    1.056932e+03    3.801618e+02
    8.310000e-01    1.058664e+03    3.811616e+02
    8.320000e-01    1.060397e+03    3.821627e+02
    8.330000e-01    1.062131e+03    3.831651e+02
    8.340000e-01    1.063867e+03    3.841687e+02
    8.350000e-01    1.065604e+03    3.851737e+02
    8.360000e-01    1.067342e+03    3.861799e+02
    8.370000e-01    1.069081e+03    3.871807e+02
    8.380000e-01    1.070822e+03    3.881774e+02
    8.390000e-01    1.072563e+03    3.891725e+02
    8.400000e-01    1.074306e+03    3.901668e+02
    8.410000e-01    1.076050e+03    3.911608e+02
    8.420000e-01    1.077795e+03    3.921546e+02
    8.430000e-01    1.079542e+03    3.931486e+02
    8.440000e-01    1.081289e+03    3.941429e+02
    8.450000e-01    1.083038e+03    3.951374e+02
    8.460000e-01    1.084788e+03    3.961324e+02
    8.470000e-01    1.086539e+03    3.971279e+02
    8.480000e-01    1.088291e+03    3.981240e+02
    8.490000e-01    1.090045e+03    3.991207e+02
    8.500000e-01    1.091799e+03    4.001180e+02
    8.510000e-01    1.093555e+03    4.011160e+02
    8.520000e-01    1.095312e+03    4.021148e+02
    8.530000e-01    1.097070e+03    4.031143e+02
    8.540000e-01    1.098829e+03    4.041146e+02
    8.550000e-01    1.100590e+03    4.051157e+02
    8.560000e-01    1.102352e+03    4.061176e+02
    8.570000e-01    1.104114e+03    4.071203e+02
    8.580000e-01    1.105878e+03    4.081240e+02
    8.590000e-01    1.107644e+03    4.091284e+02
    8.600000e-01    1.109410e+03    4.101338e+02
    8.610000e-01    1.111177e+03    4.111401e+02
    8.620000e-01    1.112946e+03    4.121473e+02
    8.630000e-01    1.114716e+03    4.131554e+02
    8.640000e-01    1.116487e+03    4.141644e+02
    8.650000e-01    1.118259e+03    4.151744e+02
    8.660000e-01    1.120032e+03    4.161853e+02
    8.670000e-01    1.121807e+03    4.171972e+02
    8.680000e-01    1.123583e+03    4.182101e+02
    8.690000e-01    1.125359e+03    4.192239e+02
    8.700000e-01    1.127137e+03    4.202388e+02
    8.710000e-01    1.128917e+03    4.212546e+02
    8.720000e-01    1.130697e+03    4.222714e+02
    8.730000e-01    1.132478e+03    4.232892e+02
    8.740000e-01    1.134261e+03    4.243080e+02
    8.750000e-01    1.136045e+03    4.253278e+02
    8.760000e-01    1.137830e+03    4.263486e+02
    8.770000e-01    1.139616e+03    4.273704e+02
    8.780000e-01    1.141403e+03    4.283933e+02
