    1.000000e-07    9.308072e-05    2.070205e-08
    1.023293e-07    9.524934e-05    2.135729e-08
    1.047129e-07    9.746849e-05    2.203250e-08
    1.071519e-07    9.973934e-05    2.272942e-08
    1.096478e-07    1.020631e-04    2.344534e-08
    1.122018e-07    1.044410e-04    2.418649e-08
    1.148154e-07    1.068743e-04    2.495022e-08
    1.174898e-07    1.093643e-04    2.573848e-08
    1.202264e-07    1.119124e-04    2.654821e-08
    1.230269e-07    1.145198e-04    2.738318e-08
    1.258925e-07    1.171879e-04    2.824755e-08
    1.288250e-07    1.199183e-04    2.913546e-08
    1.318257e-07    1.227122e-04    3.005462e-08
    1.348963e-07    1.255713e-04    3.099880e-08
    1.380384e-07    1.284969e-04    3.197238e-08
    1.412538e-07    1.314908e-04    3.298022e-08
    1.445440e-07    1.345543e-04    3.401548e-08
    1.479108e-07    1.376893e-04    3.508294e-08
    1.513561e-07    1.408974e-04    3.618796e-08
    1.548817e-07    1.441801e-04    3.732302e-08
    1.584893e-07    1.475394e-04    3.849799e-08
    1.621810e-07    1.509769e-04    3.970489e-08
    1.659587e-07    1.544946e-04    4.094931e-08
    1.698244e-07    1.580942e-04    4.223346e-08
    1.737801e-07    1.617777e-04    4.355649e-08
    1.778279e-07    1.655470e-04    4.492063e-08
    1.819701e-07    1.694042e-04    4.633272e-08
    1.862087e-07    1.733512e-04    4.778313e-08
    1.905461e-07    1.773902e-04    4.927389e-08
    1.949845e-07    1.815233e-04    5.082175e-08
    1.995262e-07    1.857527e-04    5.241159e-08
    2.041738e-07    1.900807e-04    5.404565e-08
    2.089296e-07    1.945095e-04    5.574226e-08
    2.137962e-07    1.990416e-04    5.747939e-08
    2.187762e-07    2.036792e-04    5.927593e-08
    2.238721e-07    2.084249e-04    6.112530e-08
    2.290868e-07    2.132812e-04    6.303951e-08
    2.344229e-07    2.182506e-04    6.500238e-08
    2.398833e-07    2.233359e-04    6.703234e-08
    2.454709e-07    2.285396e-04    6.912695e-08
    2.511886e-07    2.338646e-04    7.128145e-08
    2.570396e-07    2.393137e-04    7.350265e-08
    2.630268e-07    2.448898e-04    7.578901e-08
    2.691535e-07    2.505958e-04    7.815537e-08
    2.754229e-07    2.564348e-04    8.059321e-08
    2.818383e-07    2.624098e-04    8.309868e-08
    2.884032e-07    2.685241e-04    8.568155e-08
    2.951209e-07    2.747809e-04    8.835265e-08
    3.019952e-07    2.811834e-04    9.110872e-08
    3.090295e-07    2.877352e-04    9.393900e-08
    3.162278e-07    2.944396e-04    9.685670e-08
    3.235937e-07    3.013003e-04    9.986448e-08
    3.311311e-07    3.083208e-04    1.029651e-07
    3.388442e-07    3.155050e-04    1.061742e-07
    3.467369e-07    3.228565e-04    1.094696e-07
    3.548134e-07    3.303794e-04    1.128668e-07
    3.630781e-07    3.380776e-04    1.163687e-07
    3.715352e-07    3.459552e-04    1.199788e-07
    3.801894e-07    3.540164e-04    1.237002e-07
    3.890451e-07    3.622654e-04    1.275395e-07
    3.981072e-07    3.707067e-04    1.314942e-07
    4.073803e-07    3.793447e-04    1.355709e-07
    4.168694e-07    3.881840e-04    1.397734e-07
    4.265795e-07    3.972292e-04    1.441054e-07
    4.365158e-07    4.064853e-04    1.485568e-07
    4.466836e-07    4.159571e-04    1.531597e-07
    4.570882e-07    4.256496e-04    1.579045e-07
    4.677351e-07    4.355680e-04    1.627800e-07
    4.786301e-07    4.457175e-04    1.678415e-07
    4.897788e-07    4.561036e-04    1.730223e-07
    5.011872e-07    4.667317e-04    1.783794e-07
    5.128614e-07    4.776075e-04    1.838840e-07
    5.248075e-07    4.887367e-04    1.895759e-07
    5.370318e-07    5.001254e-04    1.954244e-07
    5.495409e-07    5.117794e-04    2.014621e-07
    5.623413e-07    5.237051e-04    2.076856e-07
    5.754399e-07    5.359086e-04    2.140903e-07
    5.888437e-07    5.483966e-04    2.206916e-07
    6.025596e-07    5.611756e-04    2.275174e-07
    6.165950e-07    5.742525e-04    2.345309e-07
    6.309573e-07    5.876341e-04    2.417598e-07
    6.456542e-07    6.013276e-04    2.492105e-07
    6.606934e-07    6.153402e-04    2.568899e-07
    6.760830e-07    6.296794e-04    2.648050e-07
    6.918310e-07    6.443528e-04    2.729630e-07
    7.079458e-07    6.593681e-04    2.813714e-07
    7.244360e-07    6.747334e-04    2.900378e-07
    7.413102e-07    6.904569e-04    2.989487e-07
    7.585776e-07    7.065468e-04    3.081395e-07
    7.762471e-07    7.230116e-04    3.176271e-07
    7.943282e-07    7.398603e-04    3.274058e-07
    8.128305e-07    7.571016e-04    3.374844e-07
    8.317638e-07    7.747447e-04    3.478386e-07
    8.511380e-07    7.927991e-04    3.585439e-07
    8.709636e-07    8.112742e-04    3.695776e-07
    8.912509e-07    8.301800e-04    3.809128e-07
    9.120108e-07    8.495264e-04    3.925853e-07
    9.332543e-07    8.693237e-04    4.046628e-07
    9.549926e-07    8.895824e-04    4.170702e-07
    9.772372e-07    9.103133e-04    4.298985e-07
    1.000000e-06    9.315274e-04    4.430771e-07
    1.023293e-06    9.532360e-04    4.566583e-07
    1.047129e-06    9.754505e-04    4.706436e-07
    1.071519e-06    9.981828e-04    4.850670e-07
    1.096478e-06    1.021445e-03    4.999796e-07
    1.122018e-06    1.045249e-03    5.152992e-07
    1.148154e-06    1.069608e-03    5.310867e-07
    1.174898e-06    1.094535e-03    5.472906e-07
    1.202264e-06    1.120043e-03    5.640552e-07
    1.230269e-06    1.146146e-03    5.813318e-07
    1.258925e-06    1.172857e-03    5.991223e-07
    1.288250e-06    1.200190e-03    6.174697e-07
    1.318257e-06    1.228161e-03    6.363154e-07
    1.348963e-06    1.256784e-03    6.557985e-07
    1.380384e-06    1.286073e-03    6.757951e-07
    1.412538e-06    1.316046e-03    6.964835e-07
    1.445440e-06    1.346717e-03    7.178035e-07
    1.479108e-06    1.378103e-03    7.396853e-07
    1.513561e-06    1.410221e-03    7.622495e-07
    1.548817e-06    1.443087e-03    7.854824e-07
    1.584893e-06    1.476719e-03    8.095190e-07
    1.621810e-06    1.511136e-03    8.342076e-07
    1.659587e-06    1.546354e-03    8.596276e-07
    1.698244e-06    1.582394e-03    8.858402e-07
    1.737801e-06    1.619274e-03    9.129396e-07
    1.778279e-06    1.657013e-03    9.406600e-07
    1.819701e-06    1.695632e-03    9.694321e-07
    1.862087e-06    1.735151e-03    9.988634e-07
    1.905461e-06    1.775592e-03    1.029310e-06
    1.949845e-06    1.816975e-03    1.060659e-06
    1.995262e-06    1.859323e-03    1.092984e-06
    2.041738e-06    1.902658e-03    1.126157e-06
    2.089296e-06    1.947003e-03    1.160474e-06
    2.137962e-06    1.992382e-03    1.195689e-06
    2.187762e-06    2.038819e-03    1.232120e-06
    2.238721e-06    2.086339e-03    1.269504e-06
    2.290868e-06    2.134966e-03    1.308178e-06
    2.344229e-06    2.184726e-03    1.347864e-06
    2.398833e-06    2.235647e-03    1.388752e-06
    2.454709e-06    2.287755e-03    1.430909e-06
    2.511886e-06    2.341077e-03    1.474309e-06
    2.570396e-06    2.395643e-03    1.519208e-06
    2.630268e-06    2.451481e-03    1.565125e-06
    2.691535e-06    2.508620e-03    1.612587e-06
    2.754229e-06    2.567092e-03    1.661522e-06
    2.818383e-06    2.626926e-03    1.711901e-06
    2.884032e-06    2.688156e-03    1.763804e-06
    2.951209e-06    2.750813e-03    1.817317e-06
    3.019952e-06    2.814930e-03    1.872223e-06
    3.090295e-06    2.880543e-03    1.928976e-06
    3.162278e-06    2.947685e-03    1.987247e-06
    3.235937e-06    3.016392e-03    2.047524e-06
    3.311311e-06    3.086702e-03    2.109369e-06
    3.388442e-06    3.158650e-03    2.173078e-06
    3.467369e-06    3.232276e-03    2.238706e-06
    3.548134e-06    3.307618e-03    2.306313e-06
    3.630781e-06    3.384717e-03    2.376246e-06
    3.715352e-06    3.463614e-03    2.447997e-06
    3.801894e-06    3.544350e-03    2.521910e-06
    3.890451e-06    3.626968e-03    2.598050e-06
    3.981072e-06    3.711512e-03    2.676216e-06
    4.073803e-06    3.798028e-03    2.757005e-06
    4.168694e-06    3.886561e-03    2.840227e-06
    4.265795e-06    3.977157e-03    2.926021e-06
    4.365158e-06    4.069867e-03    3.014183e-06
    4.466836e-06    4.164737e-03    3.104997e-06
    4.570882e-06    4.261820e-03    3.198379e-06
    4.677351e-06    4.361166e-03    3.294897e-06
    4.786301e-06    4.462829e-03    3.393978e-06
    4.897788e-06    4.566862e-03    3.496033e-06
    5.011872e-06    4.673321e-03    3.601150e-06
    5.128614e-06    4.782262e-03    3.709797e-06
    5.248075e-06    4.893743e-03    3.821328e-06
    5.370318e-06    5.007823e-03    3.936206e-06
    5.495409e-06    5.124563e-03    4.054118e-06
    5.623413e-06    5.244026e-03    4.175889e-06
    5.754399e-06    5.366274e-03    4.301403e-06
    5.888437e-06    5.491372e-03    4.430231e-06
    6.025596e-06    5.619388e-03    4.563374e-06
    6.165950e-06    5.750388e-03    4.700510e-06
    6.309573e-06    5.884443e-03    4.841266e-06
    6.456542e-06    6.021624e-03    4.986736e-06
    6.606934e-06    6.162004e-03    5.135410e-06
    6.760830e-06    6.305657e-03    5.289689e-06
    6.918310e-06    6.452660e-03    5.448048e-06
    7.079458e-06    6.603091e-03    5.611138e-06
    7.244360e-06    6.757029e-03    5.778977e-06
    7.413102e-06    6.914558e-03    5.951953e-06
    7.585776e-06    7.075759e-03    6.130095e-06
    7.762471e-06    7.240720e-03    6.312776e-06
    7.943282e-06    7.409528e-03    6.501694e-06
    8.128305e-06    7.582272e-03    6.696255e-06
    8.317638e-06    7.759044e-03    6.895769e-06
    8.511380e-06    7.939939e-03    7.102097e-06
    8.709636e-06    8.125052e-03    7.313831e-06
    8.912509e-06    8.314482e-03    7.531705e-06
    9.120108e-06    8.508329e-03    7.757020e-06
    9.332543e-06    8.706698e-03    7.987239e-06
    9.549926e-06    8.909692e-03    8.226153e-06
    9.772372e-06    9.117420e-03    8.470263e-06
    1.000000e-05    9.329993e-03    8.722688e-06
    1.023293e-05    9.547523e-03    8.982431e-06
    1.047129e-05    9.770126e-03    9.250085e-06
    1.071519e-05    9.997921e-03    9.524506e-06
    1.096478e-05    1.023103e-02    9.808047e-06
    1.122018e-05    1.046957e-02    1.009919e-05
    1.148154e-05    1.071368e-02    1.039983e-05
    1.174898e-05    1.096348e-02    1.070850e-05
    1.202264e-05    1.121910e-02    1.102608e-05
    1.230269e-05    1.148069e-02    1.135305e-05
    1.258925e-05    1.174838e-02    1.168970e-05
    1.288250e-05    1.202231e-02    1.203656e-05
    1.318257e-05    1.230263e-02    1.239342e-05
    1.348963e-05    1.258949e-02    1.276085e-05
    1.380384e-05    1.288304e-02    1.313775e-05
    1.412538e-05    1.318344e-02    1.352746e-05
    1.445440e-05    1.349084e-02    1.392842e-05
    1.479108e-05    1.380541e-02    1.433972e-05
    1.513561e-05    1.412732e-02    1.476310e-05
    1.548817e-05    1.445674e-02    1.519978e-05
    1.584893e-05    1.479384e-02    1.564935e-05
    1.621810e-05    1.513880e-02    1.611133e-05
    1.659587e-05    1.549181e-02    1.658692e-05
    1.698244e-05    1.585306e-02    1.707468e-05
    1.737801e-05    1.622272e-02    1.757862e-05
    1.778279e-05    1.660102e-02    1.809739e-05
    1.819701e-05    1.698813e-02    1.862945e-05
    1.862087e-05    1.738428e-02    1.917915e-05
    1.905461e-05    1.778967e-02    1.974291e-05
    1.949845e-05    1.820451e-02    2.032538e-05
    1.995262e-05    1.862903e-02    2.092267e-05
    2.041738e-05    1.906345e-02    2.153752e-05
    2.089296e-05    1.950800e-02    2.217040e-05
    2.137962e-05    1.996293e-02    2.282181e-05
    2.187762e-05    2.042847e-02    2.349184e-05
    2.238721e-05    2.090486e-02    2.418197e-05
    2.290868e-05    2.139237e-02    2.488962e-05
    2.344229e-05    2.189125e-02    2.562068e-05
    2.398833e-05    2.240177e-02    2.636977e-05
    2.454709e-05    2.292420e-02    2.714408e-05
    2.511886e-05    2.345882e-02    2.793811e-05
    2.570396e-05    2.400591e-02    2.875472e-05
    2.630268e-05    2.456576e-02    2.959571e-05
    2.691535e-05    2.513867e-02    3.046062e-05
    2.754229e-05    2.572495e-02    3.135133e-05
    2.818383e-05    2.632490e-02    3.226800e-05
    2.884032e-05    2.693885e-02    3.320697e-05
    2.951209e-05    2.756713e-02    3.417770e-05
    3.019952e-05    2.821006e-02    3.517216e-05
    3.090295e-05    2.886799e-02    3.619944e-05
    3.162278e-05    2.954127e-02    3.725323e-05
    3.235937e-05    3.023026e-02    3.833684e-05
    3.311311e-05    3.093532e-02    3.945262e-05
    3.388442e-05    3.165683e-02    4.059980e-05
    3.467369e-05    3.239517e-02    4.178038e-05
    3.548134e-05    3.315074e-02    4.299598e-05
    3.630781e-05    3.392394e-02    4.424597e-05
    3.715352e-05    3.471518e-02    4.552708e-05
    3.801894e-05    3.552488e-02    4.684512e-05
    3.890451e-05    3.635347e-02    4.820729e-05
    3.981072e-05    3.720140e-02    4.960260e-05
    4.073803e-05    3.806910e-02    5.103812e-05
    4.168694e-05    3.895706e-02    5.251501e-05
    4.265795e-05    3.986573e-02    5.403446e-05
    4.365158e-05    4.079560e-02    5.559744e-05
    4.466836e-05    4.174717e-02    5.719921e-05
    4.570882e-05    4.272095e-02    5.885358e-05
    4.677351e-05    4.371744e-02    6.055673e-05
    4.786301e-05    4.473719e-02    6.229952e-05
    4.897788e-05    4.578072e-02    6.409315e-05
    5.011872e-05    4.684861e-02    6.593846e-05
    5.128614e-05    4.794142e-02    6.783664e-05
    5.248075e-05    4.905973e-02    6.978919e-05
    5.370318e-05    5.020413e-02    7.179767e-05
    5.495409e-05    5.137524e-02    7.386332e-05
    5.623413e-05    5.257367e-02    7.598846e-05
    5.754399e-05    5.380008e-02    7.816544e-05
    5.888437e-05    5.505509e-02    8.040295e-05
    6.025596e-05    5.633940e-02    8.271485e-05
    6.165950e-05    5.765367e-02    8.508345e-05
    6.309573e-05    5.899862e-02    8.751949e-05
    6.456542e-05    6.037495e-02    9.002324e-05
    6.606934e-05    6.178339e-02    9.259946e-05
    6.760830e-05    6.322471e-02    9.524945e-05
    6.918310e-05    6.469966e-02    9.796162e-05
    7.079458e-05    6.620904e-02    1.007642e-04
    7.244360e-05    6.775363e-02    1.036318e-04
    7.413102e-05    6.933427e-02    1.065831e-04
    7.585776e-05    7.095181e-02    1.096159e-04
    7.762471e-05    7.260708e-02    1.127498e-04
    7.943282e-05    7.430100e-02    1.159426e-04
    8.128305e-05    7.603444e-02    1.192422e-04
    8.317638e-05    7.780834e-02    1.226328e-04
    8.511380e-05    7.962363e-02    1.261208e-04
    8.709636e-05    8.148130e-02    1.296902e-04
    8.912509e-05    8.338232e-02    1.333600e-04
    9.120108e-05    8.532770e-02    1.371509e-04
    9.332543e-05    8.731850e-02    1.410303e-04
    9.549926e-05    8.935575e-02    1.450186e-04
    9.772372e-05    9.144055e-02    1.491207e-04
    1.000000e-04    9.357402e-02    1.533176e-04
    1.023293e-04    9.575727e-02    1.576507e-04
    1.047129e-04    9.799148e-02    1.620848e-04
    1.071519e-04    1.002778e-01    1.666638e-04
    1.096478e-04    1.026176e-01    1.713534e-04
    1.122018e-04    1.050119e-01    1.761696e-04
    1.148154e-04    1.074621e-01    1.811212e-04
    1.174898e-04    1.099695e-01    1.862097e-04
    1.202264e-04    1.125355e-01    1.914411e-04
    1.230269e-04    1.151613e-01    1.968183e-04
    1.258925e-04    1.178484e-01    2.023189e-04
    1.288250e-04    1.205983e-01    2.079990e-04
    1.318257e-04    1.234123e-01    2.138092e-04
    1.348963e-04    1.262920e-01    2.197817e-04
    1.380384e-04    1.292390e-01    2.259178e-04
    1.412538e-04    1.322547e-01    2.322253e-04
    1.445440e-04    1.353408e-01    2.387071e-04
    1.479108e-04    1.384990e-01    2.453665e-04
    1.513561e-04    1.417308e-01    2.522116e-04
    1.548817e-04    1.450382e-01    2.592113e-04
    1.584893e-04    1.484227e-01    2.664219e-04
    1.621810e-04    1.518846e-01    2.728433e-04
    1.659587e-04    1.554290e-01    2.804013e-04
    1.698244e-04    1.590560e-01    2.881662e-04
    1.737801e-04    1.627678e-01    2.961389e-04
    1.778279e-04    1.665661e-01    3.042956e-04
    1.819701e-04    1.704532e-01    3.127144e-04
    1.862087e-04    1.744310e-01    3.213635e-04
    1.905461e-04    1.785016e-01    3.302063e-04
    1.949845e-04    1.826673e-01    3.392893e-04
    1.995262e-04    1.869302e-01    3.486132e-04
    2.041738e-04    1.912927e-01    3.582076e-04
    2.089296e-04    1.957570e-01    3.680507e-04
    2.137962e-04    2.003255e-01    3.781360e-04
    2.187762e-04    2.050006e-01    3.884939e-04
    2.238721e-04    2.097849e-01    3.991447e-04
    2.290868e-04    2.146809e-01    4.100484e-04
    2.344229e-04    2.196912e-01    4.212680e-04
    2.398833e-04    2.248185e-01    4.327614e-04
    2.454709e-04    2.300655e-01    4.445639e-04
    2.511886e-04    2.354349e-01    4.566682e-04
    2.570396e-04    2.409298e-01    4.690895e-04
    2.630268e-04    2.465529e-01    4.818351e-04
    2.691535e-04    2.523073e-01    4.949215e-04
    2.754229e-04    2.581960e-01    5.083577e-04
    2.818383e-04    2.642223e-01    5.221174e-04
    2.884032e-04    2.703892e-01    5.362433e-04
    2.951209e-04    2.767001e-01    5.507429e-04
    3.019952e-04    2.831584e-01    5.656300e-04
    3.090295e-04    2.897672e-01    5.807309e-04
    3.162278e-04    2.965306e-01    5.795970e-04
    3.235937e-04    3.034517e-01    5.866216e-04
    3.311311e-04    3.105342e-01    5.935667e-04
    3.388442e-04    3.177818e-01    6.000521e-04
    3.467369e-04    3.251984e-01    6.065295e-04
    3.548134e-04    3.327879e-01    6.130881e-04
    3.630781e-04    3.405544e-01    6.191650e-04
    3.715352e-04    3.485020e-01    6.255342e-04
    3.801894e-04    3.566348e-01    6.320967e-04
    3.890451e-04    3.649572e-01    6.384371e-04
    3.981072e-04    3.734736e-01    6.448666e-04
    4.073803e-04    3.821885e-01    6.513888e-04
    4.168694e-04    3.911066e-01    6.580341e-04
    4.265795e-04    4.002326e-01    6.645208e-04
    4.365158e-04    4.095714e-01    6.711221e-04
    4.466836e-04    4.191278e-01    6.781337e-04
    4.570882e-04    4.289070e-01    6.852936e-04
    4.677351e-04    4.389141e-01    6.920035e-04
    4.786301e-04    4.491545e-01    6.994404e-04
    4.897788e-04    4.596336e-01    7.070173e-04
    5.011872e-04    4.703570e-01    7.141906e-04
    5.128614e-04    4.813304e-01    7.220900e-04
    5.248075e-04    4.925595e-01    7.297603e-04
    5.370318e-04    5.040504e-01    7.377999e-04
    5.495409e-04    5.158091e-01    7.462366e-04
    5.623413e-04    5.278419e-01    7.542503e-04
    5.754399e-04    5.401552e-01    7.630289e-04
    5.888437e-04    5.527556e-01    7.714482e-04
    6.025596e-04    5.656496e-01    7.806415e-04
    6.165950e-04    5.788442e-01    7.896242e-04
    6.309573e-04    5.923464e-01    7.990442e-04
    6.456542e-04    6.061632e-01    8.089057e-04
    6.606934e-04    6.203022e-01    8.183572e-04
    6.760830e-04    6.347707e-01    8.286600e-04
    6.918310e-04    6.495765e-01    8.387156e-04
    7.079458e-04    6.647275e-01    8.494181e-04
    7.244360e-04    6.802315e-01    8.605161e-04
    7.413102e-04    6.960970e-01    8.712341e-04
    7.585776e-04    7.123323e-01    8.828438e-04
    7.762471e-04    7.289460e-01    8.947335e-04
    7.943282e-04    7.459470e-01    9.063806e-04
    8.128305e-04    7.633443e-01    9.187565e-04
    8.317638e-04    7.811471e-01    9.315477e-04
    8.511380e-04    7.993649e-01    9.446448e-04
    8.709636e-04    8.180074e-01    9.578217e-04
    8.912509e-04    8.370844e-01    9.712377e-04
    9.120108e-04    8.566061e-01    9.853458e-04
    9.332543e-04    8.765829e-01    9.998146e-04
    9.549926e-04    8.970253e-01    1.014630e-03
    9.772372e-04    9.179443e-01    1.029835e-03
    1.000000e-03    9.393508e-01    1.045446e-03
    1.023293e-03    9.612564e-01    1.060764e-03
    1.047129e-03    9.836726e-01    1.077157e-03
    1.071519e-03    1.006611e+00    1.094004e-03
    1.096478e-03    1.030085e+00    1.111223e-03
    1.122018e-03    1.054105e+00    1.128896e-03
    1.148154e-03    1.078686e+00    1.147039e-03
    1.174898e-03    1.103839e+00    1.165600e-03
    1.202264e-03    1.129579e+00    1.184665e-03
    1.230269e-03    1.155919e+00    1.204216e-03
    1.258925e-03    1.182873e+00    1.224918e-03
    1.288250e-03    1.210455e+00    1.245509e-03
    1.318257e-03    1.238681e+00    1.266559e-03
    1.348963e-03    1.267564e+00    1.288166e-03
    1.380384e-03    1.297120e+00    1.310347e-03
    1.412538e-03    1.327366e+00    1.333081e-03
    1.445440e-03    1.358316e+00    1.356912e-03
    1.479108e-03    1.389988e+00    1.380954e-03
    1.513561e-03    1.422398e+00    1.405472e-03
    1.548817e-03    1.455564e+00    1.430572e-03
    1.584893e-03    1.489503e+00    1.456991e-03
    1.621810e-03    1.524233e+00    1.483422e-03
    1.659587e-03    1.559773e+00    1.510490e-03
    1.698244e-03    1.596141e+00    1.538213e-03
    1.737801e-03    1.633357e+00    1.567357e-03
    1.778279e-03    1.671440e+00    1.596469e-03
    1.819701e-03    1.710412e+00    1.626296e-03
    1.862087e-03    1.750291e+00    1.657545e-03
    1.905461e-03    1.791101e+00    1.688908e-03
    1.949845e-03    1.832861e+00    1.721683e-03
    1.995262e-03    1.875596e+00    1.754551e-03
    2.041738e-03    1.919326e+00    1.788309e-03
    2.089296e-03    1.964076e+00    1.823382e-03
    2.137962e-03    2.009869e+00    1.858625e-03
    2.187762e-03    2.056729e+00    1.895466e-03
    2.238721e-03    2.104682e+00    1.932409e-03
    2.290868e-03    2.153753e+00    1.970995e-03
    2.344229e-03    2.203968e+00    2.009685e-03
    2.398833e-03    2.255353e+00    2.049231e-03
    2.454709e-03    2.307936e+00    2.090464e-03
    2.511886e-03    2.361745e+00    2.131835e-03
    2.570396e-03    2.416808e+00    2.174932e-03
    2.630268e-03    2.473155e+00    2.218204e-03
    2.691535e-03    2.530816e+00    2.262758e-03
    2.754229e-03    2.589820e+00    2.308321e-03
    2.818383e-03    2.650200e+00    2.354465e-03
    2.884032e-03    2.711988e+00    2.402360e-03
    2.951209e-03    2.775216e+00    2.450496e-03
    3.019952e-03    2.839917e+00    2.499617e-03
    3.090295e-03    2.906127e+00    2.550553e-03
    3.162278e-03    2.973881e+00    2.601659e-03
    3.235937e-03    3.043214e+00    2.653791e-03
    3.311311e-03    3.114163e+00    2.707790e-03
    3.388442e-03    3.186766e+00    2.762031e-03
    3.467369e-03    3.261061e+00    2.817280e-03
    3.548134e-03    3.337089e+00    2.873544e-03
    3.630781e-03    3.414888e+00    2.930828e-03
    3.715352e-03    3.494501e+00    2.990094e-03
    3.801894e-03    3.575970e+00    3.049464e-03
    3.890451e-03    3.659338e+00    3.109935e-03
    3.981072e-03    3.744649e+00    3.171386e-03
    4.073803e-03    3.831949e+00    3.233813e-03
    4.092607e-03    3.849652e+00    3.246246e-03
    4.111497e-03    3.867436e+00    3.258700e-03
    4.130475e-03    3.885303e+00    3.271309e-03
    4.149540e-03    3.903252e+00    3.284349e-03
    4.168694e-03    3.921284e+00    3.297349e-03
    4.187936e-03    3.939399e+00    3.309958e-03
    4.207266e-03    3.957598e+00    3.322587e-03
    4.226686e-03    3.975881e+00    3.335305e-03
    4.246196e-03    3.994249e+00    3.348113e-03
    4.265795e-03    4.012701e+00    3.361860e-03
    4.285485e-03    4.031239e+00    3.374643e-03
    4.305266e-03    4.049862e+00    3.387516e-03
    4.325138e-03    4.068571e+00    3.400408e-03
    4.345102e-03    4.087367e+00    3.413392e-03
    4.365158e-03    4.106249e+00    3.426394e-03
    4.385307e-03    4.125219e+00    3.439786e-03
    4.405549e-03    4.144276e+00    3.453413e-03
    4.425884e-03    4.163422e+00    3.466477e-03
    4.446313e-03    4.182655e+00    3.479633e-03
    4.466836e-03    4.201978e+00    3.492807e-03
    4.487454e-03    4.221390e+00    3.506074e-03
    4.508167e-03    4.240891e+00    3.519285e-03
    4.528976e-03    4.260483e+00    3.533502e-03
    4.549881e-03    4.280165e+00    3.546828e-03
    4.570882e-03    4.299938e+00    3.560171e-03
    4.591980e-03    4.319802e+00    3.573685e-03
    4.613176e-03    4.339758e+00    3.587062e-03
    4.634469e-03    4.359807e+00    3.600610e-03
    4.655861e-03    4.379948e+00    3.614019e-03
    4.677351e-03    4.400181e+00    3.627601e-03
    4.698941e-03    4.420509e+00    3.642236e-03
    4.720630e-03    4.440930e+00    3.655856e-03
    4.742420e-03    4.461446e+00    3.669451e-03
    4.764310e-03    4.482056e+00    3.683182e-03
    4.786301e-03    4.502761e+00    3.696887e-03
    4.808393e-03    4.523563e+00    3.710688e-03
    4.830588e-03    4.544460e+00    3.724464e-03
    4.852885e-03    4.565454e+00    3.738335e-03
    4.875285e-03    4.586544e+00    3.753144e-03
    4.897788e-03    4.607732e+00    3.767050e-03
    4.920395e-03    4.629018e+00    3.781011e-03
    4.943107e-03    4.650403e+00    3.794986e-03
    4.965923e-03    4.671886e+00    3.809015e-03
    4.988845e-03    4.693468e+00    3.823058e-03
    5.011872e-03    4.715150e+00    3.837114e-03
    5.035006e-03    4.736932e+00    3.851267e-03
    5.058247e-03    4.758815e+00    3.865390e-03
    5.081594e-03    4.780799e+00    3.879567e-03
    5.105050e-03    4.802884e+00    3.893800e-03
    5.128614e-03    4.825072e+00    3.909029e-03
    5.152286e-03    4.847362e+00    3.923290e-03
    5.176068e-03    4.869754e+00    3.937605e-03
    5.199960e-03    4.892251e+00    3.951931e-03
    5.223962e-03    4.914851e+00    3.966312e-03
    5.248075e-03    4.937555e+00    3.980702e-03
    5.272299e-03    4.960365e+00    3.995147e-03
    5.296634e-03    4.983279e+00    4.009600e-03
    5.321083e-03    5.006300e+00    4.024109e-03
    5.345644e-03    5.029427e+00    4.038625e-03
    5.370318e-03    5.052661e+00    4.053196e-03
    5.395106e-03    5.076002e+00    4.067775e-03
    5.420009e-03    5.099450e+00    4.082408e-03
    5.445027e-03    5.123008e+00    4.097048e-03
    5.470160e-03    5.146674e+00    4.111694e-03
    5.495409e-03    5.170449e+00    4.126394e-03
    5.520774e-03    5.194334e+00    4.141148e-03
    5.546257e-03    5.218329e+00    4.155860e-03
    5.571857e-03    5.242435e+00    4.170673e-03
    5.597576e-03    5.266653e+00    4.185491e-03
    5.623413e-03    5.290982e+00    4.200802e-03
    5.649370e-03    5.315424e+00    4.215140e-03
    5.675446e-03    5.339979e+00    4.230069e-03
    5.701643e-03    5.364647e+00    4.244952e-03
    5.727960e-03    5.389429e+00    4.259887e-03
    5.754399e-03    5.414325e+00    4.274824e-03
    5.780960e-03    5.439337e+00    4.289813e-03
    5.807644e-03    5.464464e+00    4.304855e-03
    5.834451e-03    5.489707e+00    4.319848e-03
    5.861382e-03    5.515066e+00    4.334943e-03
    5.888437e-03    5.540543e+00    4.349987e-03
    5.915616e-03    5.566137e+00    4.365083e-03
    5.942922e-03    5.591850e+00    4.380178e-03
    5.970353e-03    5.617681e+00    4.395324e-03
    5.997911e-03    5.643632e+00    4.410468e-03
    6.025596e-03    5.669702e+00    4.425716e-03
    6.053409e-03    5.695893e+00    4.440856e-03
    6.081350e-03    5.722205e+00    4.456099e-03
    6.109420e-03    5.748639e+00    4.471339e-03
    6.137620e-03    5.775194e+00    4.486575e-03
    6.165950e-03    5.801872e+00    4.501916e-03
    6.194411e-03    5.828674e+00    4.517197e-03
    6.223003e-03    5.855599e+00    4.532472e-03
    6.251727e-03    5.882648e+00    4.547797e-03
    6.280584e-03    5.909822e+00    4.563170e-03
    6.309573e-03    5.937122e+00    4.578537e-03
    6.338697e-03    5.964548e+00    4.593953e-03
    6.367955e-03    5.992101e+00    4.609304e-03
    6.397348e-03    6.019781e+00    4.624189e-03
    6.426877e-03    6.047589e+00    4.639056e-03
    6.456542e-03    6.075525e+00    4.654487e-03
    6.486344e-03    6.103590e+00    4.669908e-03
    6.516284e-03    6.131785e+00    4.685375e-03
    6.546362e-03    6.160110e+00    4.700831e-03
    6.576578e-03    6.188565e+00    4.716334e-03
    6.606934e-03    6.217153e+00    4.731824e-03
    6.637431e-03    6.245872e+00    4.747361e-03
    6.668068e-03    6.274724e+00    4.762884e-03
    6.698846e-03    6.303709e+00    4.777238e-03
    6.729767e-03    6.332828e+00    4.792785e-03
    6.760830e-03    6.362081e+00    4.808317e-03
    6.792036e-03    6.391470e+00    4.823894e-03
    6.823387e-03    6.420994e+00    4.839454e-03
    6.854882e-03    6.450655e+00    4.854997e-03
    6.886523e-03    6.480452e+00    4.870521e-03
    6.918310e-03    6.510388e+00    4.886152e-03
    6.950243e-03    6.540461e+00    4.900550e-03
    6.982324e-03    6.570673e+00    4.916135e-03
    7.014553e-03    6.601025e+00    4.931699e-03
    7.046931e-03    6.631517e+00    4.947369e-03
    7.079458e-03    6.662150e+00    4.962890e-03
    7.112135e-03    6.692925e+00    4.977395e-03
    7.144963e-03    6.723841e+00    4.992927e-03
    7.177943e-03    6.754900e+00    5.008565e-03
    7.211075e-03    6.786103e+00    5.024112e-03
    7.244360e-03    6.817450e+00    5.039700e-03
    7.277798e-03    6.848941e+00    5.055262e-03
    7.311391e-03    6.880578e+00    5.069700e-03
    7.345139e-03    6.912361e+00    5.085267e-03
    7.379042e-03    6.944291e+00    5.100873e-03
    7.413102e-03    6.976368e+00    5.116450e-03
    7.447320e-03    7.008594e+00    5.131563e-03
    7.481695e-03    7.040968e+00    5.146384e-03
    7.516229e-03    7.073492e+00    5.161931e-03
    7.550922e-03    7.106166e+00    5.177516e-03
    7.585776e-03    7.138990e+00    5.192998e-03
    7.620790e-03    7.171967e+00    5.207358e-03
    7.655966e-03    7.205096e+00    5.222906e-03
    7.691304e-03    7.238377e+00    5.238419e-03
    7.726806e-03    7.271813e+00    5.253896e-03
    7.762471e-03    7.305402e+00    5.268221e-03
    7.798301e-03    7.339147e+00    5.283616e-03
    7.834296e-03    7.373048e+00    5.299118e-03
    7.870458e-03    7.407105e+00    5.314581e-03
    7.906786e-03    7.441320e+00    5.328787e-03
    7.943282e-03    7.475692e+00    5.344237e-03
    7.979947e-03    7.510223e+00    5.359570e-03
    8.016781e-03    7.544914e+00    5.375011e-03
    8.053784e-03    7.579765e+00    5.389085e-03
    8.090959e-03    7.614777e+00    5.404431e-03
    8.128305e-03    7.649950e+00    5.419732e-03
    8.165824e-03    7.685286e+00    5.433870e-03
    8.203515e-03    7.720785e+00    5.449148e-03
    8.241381e-03    7.756448e+00    5.464457e-03
    8.279422e-03    7.792276e+00    5.478423e-03
    8.317638e-03    7.828269e+00    5.493626e-03
    8.356030e-03    7.864429e+00    5.508859e-03
    8.394600e-03    7.900755e+00    5.522722e-03
    8.433348e-03    7.937249e+00    5.537925e-03
    8.472274e-03    7.973912e+00    5.552994e-03
    8.511380e-03    8.010744e+00    5.566910e-03
    8.550667e-03    8.047746e+00    5.581945e-03
    8.590135e-03    8.084918e+00    5.596924e-03
    8.629785e-03    8.122263e+00    5.610725e-03
    8.669619e-03    8.159780e+00    5.625582e-03
    8.709636e-03    8.197470e+00    5.640546e-03
    8.749838e-03    8.235334e+00    5.654226e-03
    8.790225e-03    8.273373e+00    5.669064e-03
    8.830799e-03    8.311588e+00    5.682600e-03
    8.871560e-03    8.349979e+00    5.697477e-03
    8.912509e-03    8.388547e+00    5.711087e-03
    8.953648e-03    8.427294e+00    5.725694e-03
    8.994976e-03    8.466219e+00    5.740374e-03
    9.036495e-03    8.505325e+00    5.753708e-03
    9.078205e-03    8.544610e+00    5.768335e-03
    9.120108e-03    8.584077e+00    5.781599e-03
    9.162205e-03    8.623727e+00    5.796171e-03
    9.204496e-03    8.663559e+00    5.810585e-03
    9.246982e-03    8.703576e+00    5.823697e-03
    9.289664e-03    8.743777e+00    5.838141e-03
    9.332543e-03    8.784163e+00    5.851176e-03
    9.375620e-03    8.824737e+00    5.865467e-03
    9.418896e-03    8.865497e+00    5.878422e-03
    9.462372e-03    8.906446e+00    5.892647e-03
    9.506048e-03    8.947584e+00    5.905427e-03
    9.549926e-03    8.988912e+00    5.919584e-03
    9.594006e-03    9.030430e+00    5.933664e-03
    9.638290e-03    9.072141e+00    5.946270e-03
    9.682779e-03    9.114043e+00    5.960278e-03
    9.727472e-03    9.156140e+00    5.972889e-03
    9.772372e-03    9.198431e+00    5.986726e-03
    9.817479e-03    9.240917e+00    5.999148e-03
    9.862795e-03    9.283599e+00    6.012809e-03
    9.908319e-03    9.326478e+00    6.025233e-03
    9.954054e-03    9.369555e+00    6.038714e-03
    1.000000e-02    9.412832e+00    6.051139e-03
    1.004616e-02    9.456308e+00    6.063836e-03
    1.009253e-02    9.499984e+00    6.076662e-03
    1.013911e-02    9.543863e+00    6.088682e-03
    1.018591e-02    9.587944e+00    6.101992e-03
    1.023293e-02    9.632228e+00    6.113907e-03
    1.028016e-02    9.676717e+00    6.127127e-03
    1.032761e-02    9.721411e+00    6.138830e-03
    1.037528e-02    9.766312e+00    6.151854e-03
    1.042317e-02    9.811420e+00    6.163550e-03
    1.047129e-02    9.856736e+00    6.175028e-03
    1.051962e-02    9.902262e+00    6.187849e-03
    1.056818e-02    9.947998e+00    6.199211e-03
    1.061696e-02    9.993944e+00    6.211932e-03
    1.066596e-02    1.004010e+01    6.223283e-03
    1.071519e-02    1.008648e+01    6.235794e-03
    1.076465e-02    1.013306e+01    6.246863e-03
    1.081434e-02    1.017986e+01    6.257920e-03
    1.086426e-02    1.022688e+01    6.270268e-03
    1.091440e-02    1.027411e+01    6.281146e-03
    1.096478e-02    1.032157e+01    6.293274e-03
    1.101539e-02    1.036924e+01    6.303970e-03
    1.106624e-02    1.041713e+01    6.314597e-03
    1.111732e-02    1.046524e+01    6.326552e-03
    1.116863e-02    1.051358e+01    6.337048e-03
    1.122018e-02    1.056214e+01    6.347418e-03
    1.127197e-02    1.061092e+01    6.359081e-03
    1.132400e-02    1.065993e+01    6.369316e-03
    1.137627e-02    1.070916e+01    6.379421e-03
    1.142878e-02    1.075862e+01    6.390843e-03
    1.148154e-02    1.080831e+01    6.400810e-03
    1.153453e-02    1.085823e+01    6.410645e-03
    1.158777e-02    1.090838e+01    6.421820e-03
    1.164126e-02    1.095876e+01    6.431515e-03
    1.169499e-02    1.100937e+01    6.441134e-03
    1.174898e-02    1.106022e+01    6.451996e-03
    1.180321e-02    1.111130e+01    6.461412e-03
    1.185769e-02    1.116262e+01    6.470690e-03
    1.191242e-02    1.121417e+01    6.481294e-03
    1.196741e-02    1.126597e+01    6.490425e-03
    1.202264e-02    1.131800e+01    6.499479e-03
    1.207814e-02    1.137027e+01    6.509508e-03
    1.213389e-02    1.142278e+01    6.518664e-03
    1.218990e-02    1.147554e+01    6.527428e-03
    1.224616e-02    1.152854e+01    6.536049e-03
    1.230269e-02    1.158178e+01    6.545039e-03
    1.235947e-02    1.163527e+01    6.554459e-03
    1.241652e-02    1.168901e+01    6.562785e-03
    1.247384e-02    1.174299e+01    6.571030e-03
    1.253141e-02    1.179723e+01    6.579194e-03
    1.258925e-02    1.185171e+01    6.588585e-03
    1.264736e-02    1.190645e+01    6.596530e-03
    1.270574e-02    1.196144e+01    6.604393e-03
    1.276439e-02    1.201668e+01    6.612109e-03
    1.282331e-02    1.207218e+01    6.621147e-03
    1.288250e-02    1.212793e+01    6.628707e-03
    1.294196e-02    1.218394e+01    6.636118e-03
    1.300170e-02    1.224021e+01    6.643379e-03
    1.306171e-02    1.229674e+01    6.652063e-03
    1.312200e-02    1.235353e+01    6.659167e-03
    1.318257e-02    1.241058e+01    6.666120e-03
    1.324342e-02    1.246790e+01    6.673061e-03
    1.330454e-02    1.252548e+01    6.679849e-03
    1.336596e-02    1.258332e+01    6.686556e-03
    1.342765e-02    1.264144e+01    6.694527e-03
    1.348963e-02    1.269982e+01    6.701009e-03
    1.355189e-02    1.275847e+01    6.707337e-03
    1.361445e-02    1.281739e+01    6.713584e-03
    1.367729e-02    1.287659e+01    6.719747e-03
    1.374042e-02    1.293605e+01    6.727219e-03
    1.380384e-02    1.299579e+01    6.733160e-03
    1.386756e-02    1.305581e+01    6.739020e-03
    1.393157e-02    1.311611e+01    6.744728e-03
    1.399587e-02    1.317668e+01    6.750356e-03
    1.406048e-02    1.323753e+01    6.755831e-03
    1.412538e-02    1.329866e+01    6.761228e-03
    1.419058e-02    1.336008e+01    6.767985e-03
    1.425608e-02    1.342178e+01    6.773160e-03
    1.432188e-02    1.348376e+01    6.778258e-03
    1.438799e-02    1.354603e+01    6.783203e-03
    1.445440e-02    1.360859e+01    6.788074e-03
    1.452112e-02    1.367144e+01    6.792870e-03
    1.458814e-02    1.373457e+01    6.797515e-03
    1.465548e-02    1.379800e+01    6.802087e-03
    1.472313e-02    1.386172e+01    6.808012e-03
    1.479108e-02    1.392573e+01    6.812371e-03
    1.485936e-02    1.399004e+01    6.816660e-03
    1.492794e-02    1.405465e+01    6.820801e-03
    1.499685e-02    1.411956e+01    6.824794e-03
    1.506607e-02    1.418476e+01    6.828801e-03
    1.513561e-02    1.425027e+01    6.832662e-03
    1.520548e-02    1.431608e+01    6.836377e-03
    1.527566e-02    1.438219e+01    6.840029e-03
    1.534617e-02    1.444860e+01    6.843538e-03
    1.541700e-02    1.451533e+01    6.848487e-03
    1.548817e-02    1.458236e+01    6.851885e-03
    1.555966e-02    1.464970e+01    6.855142e-03
    1.563148e-02    1.471735e+01    6.858343e-03
    1.570363e-02    1.478532e+01    6.861407e-03
    1.577611e-02    1.485360e+01    6.864504e-03
    1.584893e-02    1.492219e+01    6.867381e-03
    1.592209e-02    1.499110e+01    6.870209e-03
    1.599558e-02    1.506033e+01    6.872991e-03
    1.606941e-02    1.512987e+01    6.875642e-03
    1.614359e-02    1.519974e+01    6.878164e-03
    1.621810e-02    1.526993e+01    6.880734e-03
    1.629296e-02    1.534045e+01    6.883178e-03
    1.636817e-02    1.541129e+01    6.885587e-03
    1.644372e-02    1.548246e+01    6.887873e-03
    1.651962e-02    1.555395e+01    6.890044e-03
    1.659587e-02    1.562578e+01    6.893724e-03
    1.667247e-02    1.569794e+01    6.895756e-03
    1.674943e-02    1.577043e+01    6.897766e-03
    1.682674e-02    1.584325e+01    6.899756e-03
    1.690441e-02    1.591641e+01    6.901547e-03
    1.698244e-02    1.598991e+01    6.903415e-03
    1.706082e-02    1.606375e+01    6.905181e-03
    1.713957e-02    1.613793e+01    6.907032e-03
    1.721869e-02    1.621245e+01    6.908600e-03
    1.729816e-02    1.628732e+01    6.910260e-03
    1.737801e-02    1.636253e+01    6.911924e-03
    1.745822e-02    1.643809e+01    6.913499e-03
    1.753881e-02    1.651399e+01    6.914990e-03
    1.761976e-02    1.659025e+01    6.916495e-03
    1.770109e-02    1.666686e+01    6.918018e-03
    1.778279e-02    1.674382e+01    6.919369e-03
    1.786488e-02    1.682114e+01    6.920844e-03
    1.794734e-02    1.689882e+01    6.922252e-03
    1.803018e-02    1.697685e+01    6.923597e-03
    1.811340e-02    1.705524e+01    6.925079e-03
    1.819701e-02    1.713400e+01    6.926309e-03
    1.828100e-02    1.721312e+01    6.927785e-03
    1.836538e-02    1.729260e+01    6.929216e-03
    1.845015e-02    1.737245e+01    6.930505e-03
    1.853532e-02    1.745267e+01    6.931958e-03
    1.862087e-02    1.753327e+01    6.933379e-03
    1.870682e-02    1.761423e+01    6.934772e-03
    1.879317e-02    1.769556e+01    6.936347e-03
    1.887991e-02    1.777727e+01    6.937804e-03
    1.896706e-02    1.785936e+01    6.939351e-03
    1.905461e-02    1.794183e+01    6.940995e-03
    1.914256e-02    1.802468e+01    6.944004e-03
    1.923092e-02    1.810791e+01    6.945764e-03
    1.931968e-02    1.819152e+01    6.947535e-03
    1.940886e-02    1.827552e+01    6.949324e-03
    1.949845e-02    1.835991e+01    6.951242e-03
    1.958845e-02    1.844469e+01    6.953190e-03
    1.967886e-02    1.852986e+01    6.955281e-03
    1.976970e-02    1.861542e+01    6.957415e-03
    1.986095e-02    1.870138e+01    6.959815e-03
    1.995262e-02    1.878773e+01    6.962056e-03
    2.004472e-02    1.887449e+01    6.964578e-03
    2.013724e-02    1.896164e+01    6.967173e-03
    2.023019e-02    1.904920e+01    6.969957e-03
    2.032357e-02    1.913716e+01    6.972829e-03
    2.041738e-02    1.922552e+01    6.975906e-03
    2.051162e-02    1.931430e+01    6.979088e-03
    2.060630e-02    1.940348e+01    6.982382e-03
    2.070141e-02    1.949307e+01    6.986020e-03
    2.079697e-02    1.958308e+01    6.989564e-03
    2.089296e-02    1.967351e+01    6.993471e-03
    2.098940e-02    1.976435e+01    6.997640e-03
    2.108628e-02    1.985561e+01    7.001966e-03
    2.118361e-02    1.994729e+01    7.007953e-03
    2.128139e-02    2.003940e+01    7.012744e-03
    2.137962e-02    2.013193e+01    7.017722e-03
    2.147830e-02    2.022488e+01    7.022898e-03
    2.157744e-02    2.031827e+01    7.028397e-03
    2.167704e-02    2.041209e+01    7.034115e-03
    2.177710e-02    2.050634e+01    7.040179e-03
    2.187762e-02    2.060102e+01    7.046544e-03
    2.197860e-02    2.069615e+01    7.053221e-03
    2.208005e-02    2.079171e+01    7.060162e-03
    2.218196e-02    2.088771e+01    7.067499e-03
    2.228435e-02    2.098416e+01    7.076561e-03
    2.238721e-02    2.108105e+01    7.084554e-03
    2.249055e-02    2.117839e+01    7.092922e-03
    2.259436e-02    2.127618e+01    7.101678e-03
    2.269865e-02    2.137442e+01    7.110776e-03
    2.280342e-02    2.147311e+01    7.120350e-03
    2.290868e-02    2.157226e+01    7.130293e-03
    2.301442e-02    2.167187e+01    7.142150e-03
    2.312065e-02    2.177193e+01    7.153003e-03
    2.322737e-02    2.187246e+01    7.164268e-03
    2.333458e-02    2.197345e+01    7.176085e-03
    2.344229e-02    2.207491e+01    7.188346e-03
    2.355049e-02    2.217684e+01    7.201130e-03
    2.365920e-02    2.227923e+01    7.215948e-03
    2.376840e-02    2.238210e+01    7.229767e-03
    2.387811e-02    2.248545e+01    7.244222e-03
    2.398833e-02    2.258927e+01    7.259203e-03
    2.409905e-02    2.269357e+01    7.274855e-03
    2.421029e-02    2.279835e+01    7.292398e-03
    2.432204e-02    2.290362e+01    7.309325e-03
    2.443431e-02    2.300937e+01    7.326852e-03
    2.454709e-02    2.311561e+01    7.344998e-03
    2.466039e-02    2.322235e+01    7.363846e-03
    2.477422e-02    2.332957e+01    7.384827e-03
    2.488857e-02    2.343729e+01    7.405144e-03
    2.500345e-02    2.354550e+01    7.426225e-03
    2.511886e-02    2.365422e+01    7.448015e-03
    2.523481e-02    2.376344e+01    7.472058e-03
    2.535129e-02    2.387316e+01    7.495498e-03
    2.546830e-02    2.398339e+01    7.519789e-03
    2.558586e-02    2.409413e+01    7.546324e-03
    2.570396e-02    2.420537e+01    7.572325e-03
    2.582260e-02    2.431714e+01    7.599247e-03
    2.594179e-02    2.442942e+01    7.628493e-03
    2.606154e-02    2.454221e+01    7.657267e-03
    2.618183e-02    2.465553e+01    7.687104e-03
    2.630268e-02    2.476937e+01    7.719283e-03
    2.642409e-02    2.488374e+01    7.751058e-03
    2.654606e-02    2.499863e+01    7.783975e-03
    2.666859e-02    2.511406e+01    7.819320e-03
    2.679168e-02    2.523001e+01    7.854402e-03
    2.691535e-02    2.534651e+01    7.891907e-03
    2.703958e-02    2.546354e+01    7.929334e-03
    2.716439e-02    2.558111e+01    7.967910e-03
    2.728978e-02    2.569922e+01    8.009069e-03
    2.741574e-02    2.581788e+01    8.050099e-03
    2.754229e-02    2.593709e+01    8.093846e-03
    2.766942e-02    2.605685e+01    8.137521e-03
    2.779713e-02    2.617716e+01    8.183913e-03
    2.792544e-02    2.629803e+01    8.230294e-03
    2.805434e-02    2.641945e+01    8.279461e-03
    2.818383e-02    2.654144e+01    8.328679e-03
    2.831392e-02    2.666398e+01    8.380755e-03
    2.844461e-02    2.678710e+01    8.433087e-03
    2.857591e-02    2.691078e+01    8.488210e-03
    2.870781e-02    2.703504e+01    8.544948e-03
    2.884032e-02    2.715986e+01    8.601976e-03
    2.897344e-02    2.728527e+01    8.662051e-03
    2.910717e-02    2.741125e+01    8.722420e-03
    2.924152e-02    2.753782e+01    8.785844e-03
    2.937650e-02    2.766497e+01    8.851143e-03
    2.951209e-02    2.779270e+01    8.916852e-03
    2.964831e-02    2.792103e+01    8.985739e-03
    2.978516e-02    2.804995e+01    9.056553e-03
    2.992265e-02    2.817947e+01    9.128042e-03
    3.006076e-02    2.830958e+01    9.202768e-03
    3.019952e-02    2.844029e+01    9.279478e-03
    3.033891e-02    2.857161e+01    9.356995e-03
    3.047895e-02    2.870354e+01    9.437954e-03
    3.740720e-02    3.523047e+01    1.001693e-02
    3.828567e-02    3.605807e+01    1.099929e-02
    3.918496e-02    3.690532e+01    1.210797e-02
    4.010560e-02    3.777268e+01    1.335574e-02
    4.104807e-02    3.866066e+01    1.475639e-02
    4.201292e-02    3.956976e+01    1.632497e-02
    4.300069e-02    4.050049e+01    1.807776e-02
    4.401192e-02    4.145338e+01    2.003242e-02
    4.504721e-02    4.242897e+01    2.220809e-02
    4.610712e-02    4.342783e+01    2.462552e-02
    4.719224e-02    4.445050e+01    2.730715e-02
    4.830321e-02    4.549761e+01    3.027728e-02
    4.944064e-02    4.656973e+01    3.356222e-02
    5.060518e-02    4.766748e+01    3.719040e-02
    5.179750e-02    4.879149e+01    4.119256e-02
    5.301826e-02    4.994243e+01    4.560193e-02
    5.426815e-02    5.112095e+01    5.045444e-02
    5.554791e-02    5.232773e+01    5.578882e-02
    5.685824e-02    5.356349e+01    6.164697e-02
    5.819991e-02    5.482895e+01    6.807407e-02
    5.957369e-02    5.612484e+01    7.511889e-02
    6.098034e-02    5.745192e+01    8.283405e-02
    6.242068e-02    5.881098e+01    9.127626e-02
    6.389554e-02    6.020281e+01    1.005068e-01
    6.540577e-02    6.162826e+01    1.105915e-01
    6.695224e-02    6.308815e+01    1.216014e-01
    6.853584e-02    6.458337e+01    1.336134e-01
    7.015747e-02    6.611479e+01    1.467096e-01
    7.181808e-02    6.768335e+01    1.609792e-01
    7.351862e-02    6.928998e+01    1.765177e-01
    7.526008e-02    7.093566e+01    1.934282e-01
    7.704348e-02    7.262137e+01    2.118217e-01
    7.886984e-02    7.434816e+01    2.318174e-01
    8.074023e-02    7.611707e+01    2.535438e-01
    8.265573e-02    7.792918e+01    2.771391e-01
    8.461746e-02    7.978561e+01    3.027518e-01
    8.662656e-02    8.168750e+01    3.305419e-01
    8.868421e-02    8.363603e+01    3.606811e-01
    9.079159e-02    8.563242e+01    3.933544e-01
    9.294996e-02    8.767790e+01    4.287604e-01
    9.516056e-02    8.977375e+01    4.671125e-01
    9.742470e-02    9.192132e+01    5.086403e-01
    9.974368e-02    9.412194e+01    5.535902e-01
    1.021189e-01    9.637703e+01    6.022272e-01
    1.045517e-01    9.868801e+01    6.548357e-01
    1.057901e-01    9.986492e+01    6.827240e-01
    1.070436e-01    1.010564e+02    7.117215e-01
    1.083121e-01    1.022625e+02    7.418700e-01
    1.095958e-01    1.034836e+02    7.732128e-01
    1.108952e-01    1.047199e+02    8.057946e-01
    1.122102e-01    1.059713e+02    8.396619e-01
    1.135411e-01    1.072385e+02    8.748628e-01
    1.148880e-01    1.085213e+02    9.114472e-01
    1.162513e-01    1.098199e+02    9.494667e-01
    1.176310e-01    1.111348e+02    9.889749e-01
    1.190274e-01    1.124661e+02    1.030027e+00
    1.204407e-01    1.138140e+02    1.072681e+00
    1.218710e-01    1.151786e+02    1.116995e+00
    1.233186e-01    1.165604e+02    1.163033e+00
    1.247839e-01    1.179593e+02    1.210857e+00
    1.262668e-01    1.193758e+02    1.260534e+00
    1.277676e-01    1.208100e+02    1.312131e+00
    1.292866e-01    1.222622e+02    1.365721e+00
    1.308240e-01    1.237327e+02    1.421376e+00
    1.323800e-01    1.252215e+02    1.479173e+00
    1.339549e-01    1.267292e+02    1.539191e+00
    1.355488e-01    1.282558e+02    1.601510e+00
    1.371619e-01    1.298016e+02    1.666217e+00
    1.387947e-01    1.313670e+02    1.733397e+00
    1.404473e-01    1.329522e+02    1.803142e+00
    1.421198e-01    1.345573e+02    1.875546e+00
    1.438126e-01    1.361829e+02    1.950706e+00
    1.455260e-01    1.378291e+02    2.028722e+00
    1.472601e-01    1.394961e+02    2.109699e+00
    1.490152e-01    1.411844e+02    2.193745e+00
    1.507916e-01    1.428940e+02    2.280970e+00
    1.525895e-01    1.446255e+02    2.371491e+00
    1.544093e-01    1.463792e+02    2.465428e+00
    1.562510e-01    1.481551e+02    2.562904e+00
    1.581151e-01    1.499538e+02    2.664048e+00
    1.600019e-01    1.517756e+02    2.768992e+00
    1.619137e-01    1.536228e+02    2.877820e+00
    1.638573e-01    1.555021e+02    2.990534e+00
    1.658292e-01    1.574102e+02    3.107396e+00
    1.678286e-01    1.593462e+02    3.228604e+00
    1.698553e-01    1.613102e+02    3.354341e+00
    1.719090e-01    1.633019e+02    3.484794e+00
    1.739899e-01    1.653217e+02    3.620148e+00
    1.760983e-01    1.673696e+02    3.760596e+00
    1.782341e-01    1.694462e+02    3.906335e+00
    1.803977e-01    1.715514e+02    4.057568e+00
    1.825894e-01    1.736858e+02    4.214504e+00
    1.848091e-01    1.758496e+02    4.377360e+00
    1.870575e-01    1.780432e+02    4.546359e+00
    1.893346e-01    1.802670e+02    4.721731e+00
    1.916408e-01    1.825214e+02    4.903716e+00
    1.939763e-01    1.848067e+02    5.092561e+00
    1.963415e-01    1.871233e+02    5.288519e+00
    1.987367e-01    1.894718e+02    5.491857e+00
    2.011621e-01    1.918524e+02    5.702847e+00
    2.036182e-01    1.942658e+02    5.921771e+00
    2.061051e-01    1.967121e+02    6.148921e+00
    2.086233e-01    1.991922e+02    6.384601e+00
    2.111732e-01    2.017063e+02    6.629123e+00
    2.137550e-01    2.042550e+02    6.882809e+00
    2.163691e-01    2.068386e+02    7.145995e+00
    2.190158e-01    2.094579e+02    7.419028e+00
    2.216956e-01    2.121132e+02    7.702264e+00
    2.244087e-01    2.148050e+02    7.996074e+00
    2.271556e-01    2.175340e+02    8.300843e+00
    2.299365e-01    2.203008e+02    8.616962e+00
    2.327519e-01    2.231057e+02    8.944845e+00
    2.356022e-01    2.259494e+02    9.284914e+00
    2.384877e-01    2.288326e+02    9.637605e+00
    2.414089e-01    2.317557e+02    1.000337e+01
    2.443661e-01    2.347195e+02    1.038268e+01
    2.473596e-01    2.377245e+02    1.077603e+01
    2.503900e-01    2.407713e+02    1.118389e+01
    2.534575e-01    2.438606e+02    1.160680e+01
    2.565627e-01    2.469931e+02    1.204529e+01
    2.597059e-01    2.501693e+02    1.249991e+01
    2.628875e-01    2.533902e+02    1.297123e+01
    2.661080e-01    2.566562e+02    1.345984e+01
    2.693678e-01    2.599681e+02    1.396635e+01
    2.726672e-01    2.633267e+02    1.449139e+01
    2.760068e-01    2.667327e+02    1.503560e+01
    2.793869e-01    2.701868e+02    1.559967e+01
    2.828080e-01    2.736897e+02    1.618427e+01
    2.862705e-01    2.772425e+02    1.679014e+01
    2.897749e-01    2.808457e+02    1.741801e+01
    2.933217e-01    2.845002e+02    1.806863e+01
    2.969111e-01    2.882070e+02    1.874281e+01
    3.005438e-01    2.919667e+02    1.944136e+01
    3.042201e-01    2.957804e+02    2.016511e+01
    3.079407e-01    2.996488e+02    2.091494e+01
    3.117058e-01    3.035730e+02    2.169174e+01
    3.155159e-01    3.075538e+02    2.249644e+01
    3.193717e-01    3.115922e+02    2.333000e+01
    3.232734e-01    3.156891e+02    2.419338e+01
    3.272216e-01    3.198456e+02    2.508762e+01
    3.312167e-01    3.240627e+02    2.601376e+01
    3.352594e-01    3.283412e+02    2.697289e+01
    3.393500e-01    3.326826e+02    2.796612e+01
    3.434890e-01    3.370876e+02    2.899461e+01
    3.476770e-01    3.415574e+02    3.005953e+01
    3.519143e-01    3.460932e+02    3.116213e+01
    3.562016e-01    3.506962e+02    3.230366e+01
    3.605394e-01    3.553674e+02    3.348544e+01
    3.649282e-01    3.601082e+02    3.470878e+01
    3.693683e-01    3.649197e+02    3.597511e+01
    3.738605e-01    3.698032e+02    3.728582e+01
    3.784051e-01    3.747599e+02    3.864241e+01
    3.830028e-01    3.797912e+02    4.004639e+01
    3.876540e-01    3.848986e+02    4.149932e+01
    3.923594e-01    3.900833e+02    4.300282e+01
    3.971193e-01    3.953466e+02    4.455856e+01
    4.019343e-01    4.006901e+02    4.616824e+01
    4.068051e-01    4.061153e+02    4.783362e+01
    4.117321e-01    4.116236e+02    4.955655e+01
    4.167159e-01    4.172167e+02    5.133888e+01
    4.217569e-01    4.228960e+02    5.318254e+01
    4.268560e-01    4.286632e+02    5.508954e+01
    4.320135e-01    4.345199e+02    5.706190e+01
    4.372298e-01    4.404678e+02    5.910174e+01
    4.425059e-01    4.465087e+02    6.121123e+01
    4.478420e-01    4.526443e+02    6.339263e+01
    4.532389e-01    4.588764e+02    6.564821e+01
    4.586970e-01    4.652069e+02    6.798035e+01
    4.642169e-01    4.716377e+02    7.039151e+01
    4.697994e-01    4.781707e+02    7.288418e+01
    4.754447e-01    4.848079e+02    7.546095e+01
    4.811537e-01    4.915513e+02    7.812450e+01
    4.869270e-01    4.984031e+02    8.087755e+01
    4.927649e-01    5.053652e+02    8.372292e+01
    4.986683e-01    5.124400e+02    8.666351e+01
    5.046377e-01    5.196297e+02    8.970230e+01
    5.106736e-01    5.269365e+02    9.284237e+01
    5.167768e-01    5.343629e+02    9.608687e+01
    5.229477e-01    5.419110e+02    9.943906e+01
    5.291871e-01    5.495836e+02    1.029023e+02
    5.354954e-01    5.573830e+02    1.064799e+02
    5.418734e-01    5.653117e+02    1.101755e+02
    5.483217e-01    5.733726e+02    1.139928e+02
    5.548409e-01    5.815682e+02    1.179353e+02
    5.614317e-01    5.899013e+02    1.220072e+02
    5.680945e-01    5.983747e+02    1.262120e+02
    5.748303e-01    6.069915e+02    1.305542e+02
    5.816394e-01    6.157544e+02    1.350377e+02
    5.885227e-01    6.246667e+02    1.396668e+02
    5.954806e-01    6.337313e+02    1.444460e+02
    6.025141e-01    6.429515e+02    1.493798e+02
    6.096235e-01    6.523305e+02    1.544727e+02
    6.168096e-01    6.618718e+02    1.597297e+02
    6.240732e-01    6.715786e+02    1.651557e+02
    6.314147e-01    6.814546e+02    1.707555e+02
    6.388351e-01    6.915035e+02    1.765346e+02
    6.463348e-01    7.017286e+02    1.824981e+02
    6.539145e-01    7.121341e+02    1.886516e+02
    6.615751e-01    7.227236e+02    1.950006e+02
    6.693172e-01    7.335013e+02    2.015510e+02
    6.771413e-01    7.444711e+02    2.083086e+02
    6.850483e-01    7.556372e+02    2.152796e+02
    6.930389e-01    7.670038e+02    2.224701e+02
    7.011139e-01    7.785755e+02    2.298867e+02
    7.092737e-01    7.903567e+02    2.375360e+02
    7.175194e-01    8.023519e+02    2.454245e+02
    7.258514e-01    8.145659e+02    2.535594e+02
    7.342707e-01    8.270035e+02    2.619478e+02
    7.427779e-01    8.396697e+02    2.705970e+02
    7.513737e-01    8.525696e+02    2.795145e+02
    7.600590e-01    8.657083e+02    2.887080e+02
    7.688345e-01    8.790913e+02    2.981855e+02
    7.777009e-01    8.927239e+02    3.079551e+02
    7.866591e-01    9.066119e+02    3.180252e+02
    7.957098e-01    9.207609e+02    3.284043e+02
    8.048538e-01    9.351770e+02    3.391012e+02
    8.140919e-01    9.498659e+02    3.501252e+02
    8.234249e-01    9.648341e+02    3.614852e+02
    8.328537e-01    9.800879e+02    3.731910e+02
    8.423791e-01    9.956338e+02    3.852523e+02
    8.520017e-01    1.011478e+03    3.976790e+02
    8.617227e-01    1.027629e+03    4.104817e+02
    8.715428e-01    1.044092e+03    4.236708e+02
    8.814628e-01    1.060875e+03    4.372571e+02
    8.914836e-01    1.077986e+03    4.512520e+02
    9.016062e-01    1.095431e+03    4.656667e+02
    9.118315e-01    1.113219e+03    4.805132e+02
    9.221601e-01    1.131357e+03    4.958033e+02
    9.325934e-01    1.149856e+03    5.115497e+02
    9.431320e-01    1.168721e+03    5.277648e+02
    9.537769e-01    1.187963e+03    5.444620e+02
    9.645292e-01    1.207589e+03    5.616546e+02
    9.753897e-01    1.227610e+03    5.793563e+02
    9.863595e-01    1.248034e+03    5.975813e+02
    9.974397e-01    1.268870e+03    6.163443e+02
    1.008631e+00    1.290131e+03    6.356600e+02
    1.019935e+00    1.311824e+03    6.555440e+02
    1.031352e+00    1.333961e+03    6.760118e+02
    1.042884e+00    1.356552e+03    6.970799e+02
    1.054531e+00    1.379608e+03    7.187646e+02
    1.066295e+00    1.403140e+03    7.410832e+02
    1.078177e+00    1.427160e+03    7.640533e+02
    1.090178e+00    1.451680e+03    7.876929e+02
    1.102298e+00    1.476713e+03    8.120205e+02
    1.114541e+00    1.502270e+03    8.370551e+02
    1.126906e+00    1.528364e+03    8.628166e+02
    1.139395e+00    1.555010e+03    8.893248e+02
    1.152008e+00    1.582220e+03    9.166006e+02
    1.164748e+00    1.610008e+03    9.446654e+02
    1.177616e+00    1.638389e+03    9.735409e+02
    1.190612e+00    1.667379e+03    1.003250e+03
    1.203739e+00    1.696990e+03    1.033815e+03
    1.216997e+00    1.727240e+03    1.065261e+03
    1.230389e+00    1.758145e+03    1.097611e+03
    1.243915e+00    1.789721e+03    1.130892e+03
    1.257578e+00    1.821986e+03    1.165127e+03
    1.271377e+00    1.854956e+03    1.200346e+03
    1.285315e+00    1.888649e+03    1.236575e+03
    1.299394e+00    1.923084e+03    1.273842e+03
    1.313615e+00    1.958281e+03    1.312176e+03
    1.327980e+00    1.994259e+03    1.351608e+03
    1.342491e+00    2.031038e+03    1.392168e+03
    1.357147e+00    2.068638e+03    1.433887e+03
    1.371953e+00    2.107081e+03    1.476800e+03
    1.386910e+00    2.146389e+03    1.520938e+03
    1.402018e+00    2.186585e+03    1.566336e+03
    1.417280e+00    2.227692e+03    1.613031e+03
    1.432698e+00    2.269733e+03    1.661059e+03
    1.448274e+00    2.312734e+03    1.710458e+03
    1.464009e+00    2.356720e+03    1.761266e+03
    1.479906e+00    2.401716e+03    1.813524e+03
    1.495966e+00    2.447750e+03    1.867272e+03
    1.512192e+00    2.494851e+03    1.922555e+03
    1.528585e+00    2.543044e+03    1.979416e+03
    1.545148e+00    2.592361e+03    2.037898e+03
    1.561882e+00    2.642832e+03    2.098050e+03
    1.578790e+00    2.694487e+03    2.159919e+03
    1.595875e+00    2.747360e+03    2.223554e+03
    1.613137e+00    2.801481e+03    2.289007e+03
    1.630580e+00    2.856888e+03    2.356330e+03
    1.648207e+00    2.913612e+03    2.425577e+03
    1.666017e+00    2.971691e+03    2.496803e+03
