    1.000000e-03    9.396400e-01    8.800000e-04
    2.000000e-03    1.880460e+00    1.680000e-03
    3.000000e-03    2.821730e+00    2.570000e-03
    4.000000e-03    3.763280e+00    3.460000e-03
    5.000000e-03    4.705070e+00    4.350000e-03
    6.000000e-03    5.647040e+00    5.200000e-03
    7.000000e-03    6.589150e+00    6.020000e-03
    8.000000e-03    7.531370e+00    6.790000e-03
    9.000000e-03    8.473680e+00    7.520000e-03
    1.000000e-02    9.416070e+00    8.200000e-03
    1.100000e-02    1.035853e+01    8.840000e-03
    1.200000e-02    1.130105e+01    9.450000e-03
    1.300000e-02    1.224361e+01    1.004000e-02
    1.400000e-02    1.318623e+01    1.059000e-02
    1.500000e-02    1.412888e+01    1.113000e-02
    1.600000e-02    1.507156e+01    1.168000e-02
    1.700000e-02    1.601428e+01    1.222000e-02
    1.800000e-02    1.695702e+01    1.278000e-02
    1.900000e-02    1.789981e+01    1.339000e-02
    2.000000e-02    1.884263e+01    1.402000e-02
    2.100000e-02    1.978548e+01    1.471000e-02
    2.200000e-02    2.072836e+01    1.548000e-02
    2.300000e-02    2.167129e+01    1.632000e-02
    2.400000e-02    2.261424e+01    1.726000e-02
    2.500000e-02    2.355724e+01    1.829000e-02
    2.600000e-02    2.450028e+01    1.946000e-02
    2.700000e-02    2.544337e+01    2.074000e-02
    2.800000e-02    2.638652e+01    2.216000e-02
    2.900000e-02    2.732971e+01    2.375000e-02
    3.000000e-02    2.827296e+01    2.548000e-02
    3.100000e-02    2.921627e+01    2.741000e-02
    3.200000e-02    3.015965e+01    2.950000e-02
    3.300000e-02    3.110310e+01    3.182000e-02
    3.400000e-02    3.204662e+01    3.431000e-02
    3.500000e-02    3.299022e+01    3.702000e-02
    3.600000e-02    3.393388e+01    3.998000e-02
    3.700000e-02    3.487765e+01    4.315000e-02
    3.800000e-02    3.582150e+01    4.661000e-02
    3.900000e-02    3.676545e+01    5.027000e-02
    4.000000e-02    3.770949e+01    5.425000e-02
    4.100000e-02    3.865364e+01    5.846000e-02
    4.200000e-02    3.959789e+01    6.299000e-02
    4.300000e-02    4.054225e+01    6.777000e-02
    4.400000e-02    4.148672e+01    7.285000e-02
    4.500000e-02    4.243132e+01    7.828000e-02
    4.600000e-02    4.337604e+01    8.398000e-02
    4.700000e-02    4.432089e+01    9.006000e-02
    4.800000e-02    4.526587e+01    9.640000e-02
    4.900000e-02    4.621099e+01    1.031500e-01
    5.000000e-02    4.715625e+01    1.101700e-01
    5.100000e-02    4.810164e+01    1.176100e-01
    5.200000e-02    4.904719e+01    1.253400e-01
    5.300000e-02    4.999290e+01    1.334900e-01
    5.400000e-02    5.093876e+01    1.419400e-01
    5.500000e-02    5.188478e+01    1.508200e-01
    5.600000e-02    5.283097e+01    1.600000e-01
    5.700000e-02    5.377731e+01    1.696300e-01
    5.800000e-02    5.472370e+01    1.759200e-01
    5.900000e-02    5.567039e+01    1.862300e-01
    6.000000e-02    5.661727e+01    1.970300e-01
    6.100000e-02    5.756435e+01    2.081900e-01
    6.200000e-02    5.851159e+01    2.195700e-01
    6.300000e-02    5.945901e+01    2.312800e-01
    6.400000e-02    6.040667e+01    2.434200e-01
    6.500000e-02    6.132059e+01    2.594087e-01
    6.600000e-02    6.226808e+01    2.733198e-01
    6.700000e-02    6.321579e+01    2.877314e-01
    6.800000e-02    6.416371e+01    3.026512e-01
    6.900000e-02    6.511186e+01    3.180870e-01
    7.000000e-02    6.606023e+01    3.340462e-01
    7.100000e-02    6.700884e+01    3.505366e-01
    7.200000e-02    6.795768e+01    3.675655e-01
    7.300000e-02    6.890676e+01    3.851406e-01
    7.400000e-02    6.985609e+01    4.032690e-01
    7.500000e-02    7.080567e+01    4.219583e-01
    7.600000e-02    7.175550e+01    4.412157e-01
    7.700000e-02    7.270558e+01    4.610484e-01
    7.800000e-02    7.365593e+01    4.814636e-01
    7.900000e-02    7.460654e+01    5.024685e-01
    8.000000e-02    7.555742e+01    5.240702e-01
    8.100000e-02    7.650858e+01    5.462757e-01
    8.200000e-02    7.746002e+01    5.690920e-01
    8.300000e-02    7.841173e+01    5.925261e-01
    8.400000e-02    7.936373e+01    6.165849e-01
    8.500000e-02    8.031603e+01    6.412753e-01
    8.600000e-02    8.126861e+01    6.666040e-01
    8.700000e-02    8.222150e+01    6.925780e-01
    8.800000e-02    8.317468e+01    7.192040e-01
    8.900000e-02    8.412818e+01    7.464886e-01
    9.000000e-02    8.508198e+01    7.744385e-01
    9.100000e-02    8.603610e+01    8.030605e-01
    9.200000e-02    8.699054e+01    8.323610e-01
    9.300000e-02    8.794529e+01    8.623468e-01
    9.400000e-02    8.890038e+01    8.930242e-01
    9.500000e-02    8.985579e+01    9.243999e-01
    9.600000e-02    9.081154e+01    9.564803e-01
    9.700000e-02    9.176763e+01    9.892718e-01
    9.800000e-02    9.272406e+01    1.022781e+00
    9.900000e-02    9.368083e+01    1.057014e+00
    1.000000e-01    9.463795e+01    1.091977e+00
    1.010000e-01    9.559543e+01    1.127677e+00
    1.020000e-01    9.655326e+01    1.164120e+00
    1.030000e-01    9.751146e+01    1.201312e+00
    1.040000e-01    9.847002e+01    1.239260e+00
    1.050000e-01    9.942895e+01    1.277969e+00
    1.060000e-01    1.003882e+02    1.317446e+00
    1.070000e-01    1.013479e+02    1.357697e+00
    1.080000e-01    1.023080e+02    1.398728e+00
    1.090000e-01    1.032684e+02    1.440546e+00
    1.100000e-01    1.042292e+02    1.483156e+00
    1.110000e-01    1.051905e+02    1.526564e+00
    1.120000e-01    1.061521e+02    1.570778e+00
    1.130000e-01    1.071141e+02    1.615802e+00
    1.140000e-01    1.080765e+02    1.661642e+00
    1.150000e-01    1.090393e+02    1.708305e+00
    1.160000e-01    1.100025e+02    1.755797e+00
    1.170000e-01    1.109662e+02    1.804124e+00
    1.180000e-01    1.119302e+02    1.853291e+00
    1.190000e-01    1.128947e+02    1.903304e+00
    1.200000e-01    1.138596e+02    1.954170e+00
    1.210000e-01    1.148250e+02    2.005895e+00
    1.220000e-01    1.157907e+02    2.058484e+00
    1.230000e-01    1.167569e+02    2.111942e+00
    1.240000e-01    1.177235e+02    2.166277e+00
    1.250000e-01    1.186906e+02    2.221494e+00
    1.260000e-01    1.196581e+02    2.277599e+00
    1.270000e-01    1.206261e+02    2.334597e+00
    1.280000e-01    1.215945e+02    2.392060e+00
    1.290000e-01    1.225634e+02    2.449858e+00
    1.300000e-01    1.235327e+02    2.508239e+00
    1.310000e-01    1.245025e+02    2.567275e+00
    1.320000e-01    1.254727e+02    2.627009e+00
    1.330000e-01    1.264434e+02    2.687470e+00
    1.340000e-01    1.274145e+02    2.748681e+00
    1.350000e-01    1.283861e+02    2.810658e+00
    1.360000e-01    1.293582e+02    2.873418e+00
    1.370000e-01    1.303307e+02    2.936975e+00
    1.380000e-01    1.313037e+02    3.001341e+00
    1.390000e-01    1.322772e+02    3.066526e+00
    1.400000e-01    1.332511e+02    3.132542e+00
    1.410000e-01    1.342255e+02    3.199397e+00
    1.420000e-01    1.352004e+02    3.267102e+00
    1.430000e-01    1.361758e+02    3.335665e+00
    1.440000e-01    1.371516e+02    3.405095e+00
    1.450000e-01    1.381279e+02    3.475399e+00
    1.460000e-01    1.391047e+02    3.546586e+00
    1.470000e-01    1.400821e+02    3.618663e+00
    1.480000e-01    1.410599e+02    3.691638e+00
    1.490000e-01    1.420382e+02    3.765519e+00
    1.500000e-01    1.430170e+02    3.840312e+00
    1.510000e-01    1.439963e+02    3.916025e+00
    1.520000e-01    1.449761e+02    3.992664e+00
    1.530000e-01    1.459564e+02    4.070237e+00
    1.540000e-01    1.469372e+02    4.148750e+00
    1.550000e-01    1.479185e+02    4.228211e+00
    1.560000e-01    1.489004e+02    4.308625e+00
    1.570000e-01    1.498827e+02    4.390000e+00
    1.580000e-01    1.508656e+02    4.472342e+00
    1.590000e-01    1.518491e+02    4.555658e+00
    1.600000e-01    1.528330e+02    4.639954e+00
    1.610000e-01    1.538175e+02    4.725236e+00
    1.620000e-01    1.548025e+02    4.811511e+00
    1.630000e-01    1.557880e+02    4.898786e+00
    1.640000e-01    1.567741e+02    4.987066e+00
    1.650000e-01    1.577607e+02    5.076359e+00
    1.660000e-01    1.587479e+02    5.166669e+00
    1.670000e-01    1.597356e+02    5.258004e+00
    1.680000e-01    1.607238e+02    5.350370e+00
    1.690000e-01    1.617127e+02    5.443773e+00
    1.700000e-01    1.627020e+02    5.538220e+00
    1.710000e-01    1.636920e+02    5.633715e+00
    1.720000e-01    1.646824e+02    5.730266e+00
    1.730000e-01    1.656735e+02    5.827879e+00
    1.740000e-01    1.666651e+02    5.926560e+00
    1.750000e-01    1.676573e+02    6.026315e+00
    1.760000e-01    1.686501e+02    6.127150e+00
    1.770000e-01    1.696434e+02    6.229071e+00
    1.780000e-01    1.706373e+02    6.332084e+00
    1.790000e-01    1.716318e+02    6.436196e+00
    1.800000e-01    1.726269e+02    6.541412e+00
    1.810000e-01    1.736226e+02    6.647739e+00
    1.820000e-01    1.746189e+02    6.755183e+00
    1.830000e-01    1.756157e+02    6.863749e+00
    1.840000e-01    1.766132e+02    6.973443e+00
    1.850000e-01    1.776112e+02    7.084273e+00
    1.860000e-01    1.786099e+02    7.196243e+00
    1.870000e-01    1.796091e+02    7.309361e+00
    1.880000e-01    1.806090e+02    7.423631e+00
    1.890000e-01    1.816095e+02    7.539059e+00
    1.900000e-01    1.826106e+02    7.655653e+00
    1.910000e-01    1.836123e+02    7.773418e+00
    1.920000e-01    1.846146e+02    7.892359e+00
    1.930000e-01    1.856176e+02    8.012484e+00
    1.940000e-01    1.866212e+02    8.133797e+00
    1.950000e-01    1.876254e+02    8.256305e+00
    1.960000e-01    1.886302e+02    8.380013e+00
    1.970000e-01    1.896357e+02    8.504929e+00
    1.980000e-01    1.906418e+02    8.631057e+00
    1.990000e-01    1.916485e+02    8.758404e+00
    2.000000e-01    1.926559e+02    8.886976e+00
    2.010000e-01    1.936640e+02    9.016779e+00
    2.020000e-01    1.946726e+02    9.147818e+00
    2.030000e-01    1.956820e+02    9.280099e+00
    2.040000e-01    1.966920e+02    9.413629e+00
    2.050000e-01    1.977026e+02    9.548414e+00
    2.060000e-01    1.987139e+02    9.684459e+00
    2.070000e-01    1.997259e+02    9.821770e+00
    2.080000e-01    2.007386e+02    9.960353e+00
    2.090000e-01    2.017519e+02    1.010022e+01
    2.100000e-01    2.027659e+02    1.024136e+01
    2.110000e-01    2.037805e+02    1.038380e+01
    2.120000e-01    2.047958e+02    1.052753e+01
    2.130000e-01    2.058119e+02    1.067256e+01
    2.140000e-01    2.068286e+02    1.081890e+01
    2.150000e-01    2.078460e+02    1.096656e+01
    2.160000e-01    2.088640e+02    1.111553e+01
    2.170000e-01    2.098828e+02    1.126583e+01
    2.180000e-01    2.109023e+02    1.141746e+01
    2.190000e-01    2.119224e+02    1.157043e+01
    2.200000e-01    2.129433e+02    1.172474e+01
    2.210000e-01    2.139649e+02    1.188040e+01
    2.220000e-01    2.149872e+02    1.203742e+01
    2.230000e-01    2.160101e+02    1.219579e+01
    2.240000e-01    2.170338e+02    1.235553e+01
    2.250000e-01    2.180583e+02    1.251665e+01
    2.260000e-01    2.190834e+02    1.267914e+01
    2.270000e-01    2.201093e+02    1.284302e+01
    2.280000e-01    2.211358e+02    1.300828e+01
    2.290000e-01    2.221632e+02    1.317494e+01
    2.300000e-01    2.231912e+02    1.334300e+01
    2.310000e-01    2.242200e+02    1.351247e+01
    2.320000e-01    2.252495e+02    1.368336e+01
    2.330000e-01    2.262797e+02    1.385566e+01
    2.340000e-01    2.273107e+02    1.402938e+01
    2.350000e-01    2.283425e+02    1.420454e+01
    2.360000e-01    2.293750e+02    1.438113e+01
    2.370000e-01    2.304082e+02    1.455916e+01
    2.380000e-01    2.314422e+02    1.473864e+01
    2.390000e-01    2.324770e+02    1.491957e+01
    2.400000e-01    2.335125e+02    1.510197e+01
    2.410000e-01    2.345487e+02    1.528582e+01
    2.420000e-01    2.355858e+02    1.547115e+01
    2.430000e-01    2.366236e+02    1.565795e+01
    2.440000e-01    2.376622e+02    1.584623e+01
    2.450000e-01    2.387015e+02    1.603601e+01
    2.460000e-01    2.397417e+02    1.622727e+01
    2.470000e-01    2.407826e+02    1.642003e+01
    2.480000e-01    2.418243e+02    1.661430e+01
    2.490000e-01    2.428668e+02    1.681007e+01
    2.500000e-01    2.439100e+02    1.700736e+01
    2.510000e-01    2.449541e+02    1.720617e+01
    2.520000e-01    2.459990e+02    1.740651e+01
    2.530000e-01    2.470446e+02    1.760838e+01
    2.540000e-01    2.480911e+02    1.781179e+01
    2.550000e-01    2.491384e+02    1.801673e+01
    2.560000e-01    2.501864e+02    1.822323e+01
    2.570000e-01    2.512353e+02    1.843128e+01
    2.580000e-01    2.522850e+02    1.864089e+01
    2.590000e-01    2.533355e+02    1.885207e+01
    2.600000e-01    2.543868e+02    1.906482e+01
    2.610000e-01    2.554390e+02    1.927914e+01
    2.620000e-01    2.564920e+02    1.949504e+01
    2.630000e-01    2.575458e+02    1.971253e+01
    2.640000e-01    2.586004e+02    1.993161e+01
    2.650000e-01    2.596558e+02    2.015228e+01
    2.660000e-01    2.607121e+02    2.037456e+01
    2.670000e-01    2.617693e+02    2.059845e+01
    2.680000e-01    2.628273e+02    2.082395e+01
    2.690000e-01    2.638861e+02    2.105107e+01
    2.700000e-01    2.649457e+02    2.127981e+01
    2.710000e-01    2.660063e+02    2.151019e+01
    2.720000e-01    2.670676e+02    2.174219e+01
    2.730000e-01    2.681299e+02    2.197584e+01
    2.740000e-01    2.691930e+02    2.221113e+01
    2.750000e-01    2.702569e+02    2.244807e+01
    2.760000e-01    2.713217e+02    2.268666e+01
    2.770000e-01    2.723874e+02    2.292691e+01
    2.780000e-01    2.734540e+02    2.316883e+01
    2.790000e-01    2.745214e+02    2.341242e+01
    2.800000e-01    2.755897e+02    2.365768e+01
    2.810000e-01    2.766589e+02    2.390463e+01
    2.820000e-01    2.777289e+02    2.415326e+01
    2.830000e-01    2.787999e+02    2.440358e+01
    2.840000e-01    2.798717e+02    2.465559e+01
    2.850000e-01    2.809444e+02    2.490930e+01
    2.860000e-01    2.820181e+02    2.516472e+01
    2.870000e-01    2.830926e+02    2.542185e+01
    2.880000e-01    2.841680e+02    2.568070e+01
    2.890000e-01    2.852443e+02    2.594126e+01
    2.900000e-01    2.863215e+02    2.620355e+01
    2.910000e-01    2.873996e+02    2.646757e+01
    2.920000e-01    2.884787e+02    2.673332e+01
    2.930000e-01    2.895586e+02    2.700081e+01
    2.940000e-01    2.906395e+02    2.727004e+01
    2.950000e-01    2.917213e+02    2.754102e+01
    2.960000e-01    2.928040e+02    2.781376e+01
    2.970000e-01    2.938876e+02    2.808825e+01
    2.980000e-01    2.949722e+02    2.836451e+01
    2.990000e-01    2.960577e+02    2.864253e+01
    3.000000e-01    2.971441e+02    2.892232e+01
    3.010000e-01    2.982314e+02    2.920389e+01
    3.020000e-01    2.993197e+02    2.948724e+01
    3.030000e-01    3.004090e+02    2.977237e+01
    3.040000e-01    3.014992e+02    3.005929e+01
    3.050000e-01    3.025903e+02    3.034801e+01
    3.060000e-01    3.036824e+02    3.063852e+01
    3.070000e-01    3.047754e+02    3.093084e+01
    3.080000e-01    3.058694e+02    3.122496e+01
    3.090000e-01    3.069643e+02    3.152090e+01
    3.100000e-01    3.080602e+02    3.181865e+01
    3.110000e-01    3.091571e+02    3.211822e+01
    3.120000e-01    3.102549e+02    3.241961e+01
    3.130000e-01    3.113537e+02    3.272283e+01
    3.140000e-01    3.124535e+02    3.302788e+01
    3.150000e-01    3.135542e+02    3.333477e+01
    3.160000e-01    3.146559e+02    3.364350e+01
    3.170000e-01    3.157587e+02    3.395408e+01
    3.180000e-01    3.168623e+02    3.426650e+01
    3.190000e-01    3.179670e+02    3.458078e+01
    3.200000e-01    3.190727e+02    3.489691e+01
    3.210000e-01    3.201793e+02    3.521490e+01
    3.220000e-01    3.212870e+02    3.553476e+01
    3.230000e-01    3.223956e+02    3.585648e+01
    3.240000e-01    3.235052e+02    3.618008e+01
    3.250000e-01    3.246159e+02    3.650555e+01
    3.260000e-01    3.257275e+02    3.683291e+01
    3.270000e-01    3.268402e+02    3.716214e+01
    3.280000e-01    3.279538e+02    3.749327e+01
    3.290000e-01    3.290685e+02    3.782628e+01
    3.300000e-01    3.301842e+02    3.816119e+01
    3.310000e-01    3.313009e+02    3.849799e+01
    3.320000e-01    3.324186e+02    3.883670e+01
    3.330000e-01    3.335374e+02    3.917732e+01
    3.340000e-01    3.346572e+02    3.951984e+01
    3.350000e-01    3.357780e+02    3.986427e+01
    3.360000e-01    3.368998e+02    4.021062e+01
    3.370000e-01    3.380227e+02    4.055889e+01
    3.380000e-01    3.391466e+02    4.090908e+01
    3.390000e-01    3.402715e+02    4.126120e+01
    3.400000e-01    3.413975e+02    4.161525e+01
    3.410000e-01    3.425246e+02    4.197123e+01
    3.420000e-01    3.436526e+02    4.232914e+01
    3.430000e-01    3.447818e+02    4.268899e+01
    3.440000e-01    3.459119e+02    4.305079e+01
    3.450000e-01    3.470432e+02    4.341453e+01
    3.460000e-01    3.481755e+02    4.378022e+01
    3.470000e-01    3.493088e+02    4.414786e+01
    3.480000e-01    3.504432e+02    4.450619e+01
    3.490000e-01    3.515786e+02    4.483648e+01
    3.500000e-01    3.527149e+02    4.515588e+01
    3.510000e-01    3.538521e+02    4.546863e+01
    3.520000e-01    3.549903e+02    4.577670e+01
    3.530000e-01    3.561292e+02    4.608123e+01
    3.540000e-01    3.572691e+02    4.638300e+01
    3.550000e-01    3.584097e+02    4.668256e+01
    3.560000e-01    3.595513e+02    4.698032e+01
    3.570000e-01    3.606936e+02    4.727660e+01
    3.580000e-01    3.618368e+02    4.757166e+01
    3.590000e-01    3.629808e+02    4.786572e+01
    3.600000e-01    3.641257e+02    4.815896e+01
    3.610000e-01    3.652713e+02    4.845152e+01
    3.620000e-01    3.664177e+02    4.874355e+01
    3.630000e-01    3.675650e+02    4.903514e+01
    3.640000e-01    3.687131e+02    4.932640e+01
    3.650000e-01    3.698619e+02    4.961741e+01
    3.660000e-01    3.710116e+02    4.990826e+01
    3.670000e-01    3.721620e+02    5.019900e+01
    3.680000e-01    3.733133e+02    5.048971e+01
    3.690000e-01    3.744653e+02    5.078044e+01
    3.700000e-01    3.756181e+02    5.107124e+01
    3.710000e-01    3.767717e+02    5.136216e+01
    3.720000e-01    3.779261e+02    5.165323e+01
    3.730000e-01    3.790813e+02    5.194451e+01
    3.740000e-01    3.802373e+02    5.223601e+01
    3.750000e-01    3.813940e+02    5.252779e+01
    3.760000e-01    3.825515e+02    5.281986e+01
    3.770000e-01    3.837098e+02    5.311226e+01
    3.780000e-01    3.848689e+02    5.340502e+01
    3.790000e-01    3.860287e+02    5.369815e+01
    3.800000e-01    3.871893e+02    5.399169e+01
    3.810000e-01    3.883507e+02    5.428565e+01
    3.820000e-01    3.895129e+02    5.458005e+01
    3.830000e-01    3.906758e+02    5.487492e+01
    3.840000e-01    3.918395e+02    5.517027e+01
    3.850000e-01    3.930040e+02    5.546612e+01
    3.860000e-01    3.941692e+02    5.576249e+01
    3.870000e-01    3.953352e+02    5.605939e+01
    3.880000e-01    3.965020e+02    5.635683e+01
    3.890000e-01    3.976696e+02    5.665484e+01
    3.900000e-01    3.988379e+02    5.695341e+01
    3.910000e-01    4.000069e+02    5.725257e+01
    3.920000e-01    4.011768e+02    5.755233e+01
    3.930000e-01    4.023474e+02    5.785270e+01
    3.940000e-01    4.035188e+02    5.815369e+01
    3.950000e-01    4.046909e+02    5.845530e+01
    3.960000e-01    4.058638e+02    5.875756e+01
    3.970000e-01    4.070375e+02    5.906047e+01
    3.980000e-01    4.082119e+02    5.936404e+01
    3.990000e-01    4.093871e+02    5.966827e+01
    4.000000e-01    4.105631e+02    5.997318e+01
    4.010000e-01    4.117398e+02    6.027877e+01
    4.020000e-01    4.129173e+02    6.058506e+01
    4.030000e-01    4.140955e+02    6.089204e+01
    4.040000e-01    4.152745e+02    6.119974e+01
    4.050000e-01    4.164543e+02    6.150814e+01
    4.060000e-01    4.176348e+02    6.181727e+01
    4.070000e-01    4.188161e+02    6.212712e+01
    4.080000e-01    4.199982e+02    6.243683e+01
    4.090000e-01    4.211810e+02    6.272546e+01
    4.100000e-01    4.223645e+02    6.300653e+01
    4.110000e-01    4.235487e+02    6.328446e+01
    4.120000e-01    4.247335e+02    6.356061e+01
    4.130000e-01    4.259190e+02    6.383567e+01
    4.140000e-01    4.271052e+02    6.411005e+01
    4.150000e-01    4.282920e+02    6.438404e+01
    4.160000e-01    4.294795e+02    6.465782e+01
    4.170000e-01    4.306677e+02    6.493156e+01
    4.180000e-01    4.318565e+02    6.520536e+01
    4.190000e-01    4.330460e+02    6.547932e+01
    4.200000e-01    4.342361e+02    6.575351e+01
    4.210000e-01    4.354269e+02    6.602799e+01
    4.220000e-01    4.366183e+02    6.630282e+01
    4.230000e-01    4.378104e+02    6.657805e+01
    4.240000e-01    4.390031e+02    6.685370e+01
    4.250000e-01    4.401965e+02    6.712982e+01
    4.260000e-01    4.413906e+02    6.740644e+01
    4.270000e-01    4.425852e+02    6.768357e+01
    4.280000e-01    4.437806e+02    6.796125e+01
    4.290000e-01    4.449766e+02    6.823950e+01
    4.300000e-01    4.461732e+02    6.851833e+01
    4.310000e-01    4.473705e+02    6.879776e+01
    4.320000e-01    4.485684e+02    6.907781e+01
    4.330000e-01    4.497670e+02    6.935849e+01
    4.340000e-01    4.509662e+02    6.963982e+01
    4.350000e-01    4.521661e+02    6.992180e+01
    4.360000e-01    4.533666e+02    7.020446e+01
    4.370000e-01    4.545678e+02    7.048779e+01
    4.380000e-01    4.557696e+02    7.077181e+01
    4.390000e-01    4.569721e+02    7.105653e+01
    4.400000e-01    4.581752e+02    7.134195e+01
    4.410000e-01    4.593790e+02    7.162809e+01
    4.420000e-01    4.605834e+02    7.191495e+01
    4.430000e-01    4.617885e+02    7.220254e+01
    4.440000e-01    4.629942e+02    7.249086e+01
    4.450000e-01    4.642006e+02    7.277992e+01
    4.460000e-01    4.654076e+02    7.306974e+01
    4.470000e-01    4.666153e+02    7.336030e+01
    4.480000e-01    4.678236e+02    7.365162e+01
    4.490000e-01    4.690326e+02    7.394371e+01
    4.500000e-01    4.702422e+02    7.423656e+01
    4.510000e-01    4.714525e+02    7.453019e+01
    4.520000e-01    4.726634e+02    7.482459e+01
    4.530000e-01    4.738750e+02    7.511978e+01
    4.540000e-01    4.750872e+02    7.541575e+01
    4.550000e-01    4.763001e+02    7.571250e+01
    4.560000e-01    4.775136e+02    7.601005e+01
    4.570000e-01    4.787278e+02    7.630840e+01
    4.580000e-01    4.799427e+02    7.660755e+01
    4.590000e-01    4.811582e+02    7.690750e+01
    4.600000e-01    4.823744e+02    7.720825e+01
    4.610000e-01    4.835912e+02    7.750982e+01
    4.620000e-01    4.848086e+02    7.781219e+01
    4.630000e-01    4.860268e+02    7.811538e+01
    4.640000e-01    4.872455e+02    7.841939e+01
    4.650000e-01    4.884650e+02    7.872422e+01
    4.660000e-01    4.896851e+02    7.902987e+01
    4.670000e-01    4.909058e+02    7.933634e+01
    4.680000e-01    4.921272e+02    7.964365e+01
    4.690000e-01    4.933493e+02    7.995178e+01
    4.700000e-01    4.945720e+02    8.026075e+01
    4.710000e-01    4.957954e+02    8.057054e+01
    4.720000e-01    4.970194e+02    8.088118e+01
    4.730000e-01    4.982441e+02    8.119265e+01
    4.740000e-01    4.994694e+02    8.150497e+01
    4.750000e-01    5.006955e+02    8.181813e+01
    4.760000e-01    5.019221e+02    8.213213e+01
    4.770000e-01    5.031495e+02    8.244697e+01
    4.780000e-01    5.043775e+02    8.276267e+01
    4.790000e-01    5.056061e+02    8.307921e+01
    4.800000e-01    5.068354e+02    8.339661e+01
    4.810000e-01    5.080654e+02    8.371486e+01
    4.820000e-01    5.092961e+02    8.403396e+01
    4.830000e-01    5.105274e+02    8.435392e+01
    4.840000e-01    5.117593e+02    8.467474e+01
    4.850000e-01    5.129920e+02    8.499642e+01
    4.860000e-01    5.142253e+02    8.531895e+01
    4.870000e-01    5.154592e+02    8.564235e+01
    4.880000e-01    5.166939e+02    8.596662e+01
    4.890000e-01    5.179292e+02    8.629175e+01
    4.900000e-01    5.191651e+02    8.661774e+01
    4.910000e-01    5.204017e+02    8.694461e+01
    4.920000e-01    5.216390e+02    8.727234e+01
    4.930000e-01    5.228770e+02    8.760094e+01
    4.940000e-01    5.241156e+02    8.793041e+01
    4.950000e-01    5.253549e+02    8.826076e+01
    4.960000e-01    5.265949e+02    8.859198e+01
    4.970000e-01    5.278355e+02    8.892408e+01
    4.980000e-01    5.290768e+02    8.925705e+01
    4.990000e-01    5.303188e+02    8.959090e+01
    5.000000e-01    5.315614e+02    8.992563e+01
    5.010000e-01    5.328047e+02    9.026124e+01
    5.020000e-01    5.340487e+02    9.059773e+01
    5.030000e-01    5.352934e+02    9.093510e+01
    5.040000e-01    5.365387e+02    9.127335e+01
    5.050000e-01    5.377847e+02    9.161249e+01
    5.060000e-01    5.390313e+02    9.195251e+01
    5.070000e-01    5.402787e+02    9.229342e+01
    5.080000e-01    5.415267e+02    9.263522e+01
    5.090000e-01    5.427754e+02    9.297790e+01
    5.100000e-01    5.440247e+02    9.332147e+01
    5.110000e-01    5.452748e+02    9.366593e+01
    5.120000e-01    5.465255e+02    9.401129e+01
    5.130000e-01    5.477769e+02    9.435753e+01
    5.140000e-01    5.490289e+02    9.470467e+01
    5.150000e-01    5.502817e+02    9.505270e+01
    5.160000e-01    5.515351e+02    9.540162e+01
    5.170000e-01    5.527892e+02    9.575144e+01
    5.180000e-01    5.540439e+02    9.610215e+01
    5.190000e-01    5.552994e+02    9.645376e+01
    5.200000e-01    5.565555e+02    9.680627e+01
    5.210000e-01    5.578123e+02    9.715967e+01
    5.220000e-01    5.590698e+02    9.751398e+01
    5.230000e-01    5.603280e+02    9.786918e+01
    5.240000e-01    5.615868e+02    9.822529e+01
    5.250000e-01    5.628463e+02    9.858229e+01
    5.260000e-01    5.641065e+02    9.894020e+01
    5.270000e-01    5.653674e+02    9.929901e+01
    5.280000e-01    5.666290e+02    9.965872e+01
    5.290000e-01    5.678912e+02    1.000193e+02
    5.300000e-01    5.691542e+02    1.003809e+02
    5.310000e-01    5.704178e+02    1.007433e+02
    5.320000e-01    5.716821e+02    1.011066e+02
    5.330000e-01    5.729471e+02    1.014709e+02
    5.340000e-01    5.742127e+02    1.018360e+02
    5.350000e-01    5.754791e+02    1.022021e+02
    5.360000e-01    5.767461e+02    1.025690e+02
    5.370000e-01    5.780139e+02    1.029369e+02
    5.380000e-01    5.792823e+02    1.033057e+02
    5.390000e-01    5.805514e+02    1.036754e+02
    5.400000e-01    5.818211e+02    1.040460e+02
    5.410000e-01    5.830916e+02    1.044175e+02
    5.420000e-01    5.843628e+02    1.047899e+02
    5.430000e-01    5.856346e+02    1.051633e+02
    5.440000e-01    5.869071e+02    1.055375e+02
    5.450000e-01    5.881804e+02    1.059127e+02
    5.460000e-01    5.894543e+02    1.062888e+02
    5.470000e-01    5.907289e+02    1.066658e+02
    5.480000e-01    5.920042e+02    1.070437e+02
    5.490000e-01    5.932801e+02    1.074225e+02
    5.500000e-01    5.945568e+02    1.078023e+02
    5.510000e-01    5.958342e+02    1.081829e+02
    5.520000e-01    5.971122e+02    1.085645e+02
    5.530000e-01    5.983910e+02    1.089470e+02
    5.540000e-01    5.996704e+02    1.093304e+02
    5.550000e-01    6.009505e+02    1.097147e+02
    5.560000e-01    6.022314e+02    1.101000e+02
    5.570000e-01    6.035129e+02    1.104862e+02
    5.580000e-01    6.047951e+02    1.108733e+02
    5.590000e-01    6.060780e+02    1.112613e+02
    5.600000e-01    6.073616e+02    1.116502e+02
    5.610000e-01    6.086459e+02    1.120401e+02
    5.620000e-01    6.099309e+02    1.124309e+02
    5.630000e-01    6.112166e+02    1.128226e+02
    5.640000e-01    6.125030e+02    1.132152e+02
    5.650000e-01    6.137900e+02    1.136088e+02
    5.660000e-01    6.150778e+02    1.140032e+02
    5.670000e-01    6.163663e+02    1.143986e+02
    5.680000e-01    6.176555e+02    1.147950e+02
    5.690000e-01    6.189454e+02    1.151922e+02
    5.700000e-01    6.202359e+02    1.155904e+02
    5.710000e-01    6.215272e+02    1.159895e+02
    5.720000e-01    6.228192e+02    1.163895e+02
    5.730000e-01    6.241119e+02    1.167905e+02
    5.740000e-01    6.254052e+02    1.171924e+02
    5.750000e-01    6.266993e+02    1.175952e+02
    5.760000e-01    6.279941e+02    1.179989e+02
    5.770000e-01    6.292896e+02    1.184036e+02
    5.780000e-01    6.305857e+02    1.188092e+02
    5.790000e-01    6.318826e+02    1.192157e+02
    5.800000e-01    6.331802e+02    1.196232e+02
    5.810000e-01    6.344785e+02    1.200316e+02
    5.820000e-01    6.357775e+02    1.204409e+02
    5.830000e-01    6.370772e+02    1.208511e+02
    5.840000e-01    6.383776e+02    1.212623e+02
    5.850000e-01    6.396787e+02    1.216744e+02
    5.860000e-01    6.409805e+02    1.220875e+02
    5.870000e-01    6.422830e+02    1.225014e+02
    5.880000e-01    6.435862e+02    1.229163e+02
    5.890000e-01    6.448902e+02    1.233322e+02
    5.900000e-01    6.461948e+02    1.237490e+02
    5.910000e-01    6.475001e+02    1.241667e+02
    5.920000e-01    6.488062e+02    1.245853e+02
    5.930000e-01    6.501130e+02    1.250049e+02
    5.940000e-01    6.514204e+02    1.254254e+02
    5.950000e-01    6.527286e+02    1.258468e+02
    5.960000e-01    6.540375e+02    1.262692e+02
    5.970000e-01    6.553471e+02    1.266925e+02
    5.980000e-01    6.566574e+02    1.271167e+02
    5.990000e-01    6.579684e+02    1.275419e+02
    6.000000e-01    6.592801e+02    1.279680e+02
    6.010000e-01    6.605926e+02    1.283951e+02
    6.020000e-01    6.619057e+02    1.288231e+02
    6.030000e-01    6.632196e+02    1.292520e+02
    6.040000e-01    6.645341e+02    1.296819e+02
    6.050000e-01    6.658494e+02    1.301127e+02
    6.060000e-01    6.671654e+02    1.305444e+02
    6.070000e-01    6.684821e+02    1.309771e+02
    6.080000e-01    6.697995e+02    1.314107e+02
    6.090000e-01    6.711177e+02    1.318453e+02
    6.100000e-01    6.724365e+02    1.322808e+02
    6.110000e-01    6.737561e+02    1.327172e+02
    6.120000e-01    6.750764e+02    1.331546e+02
    6.130000e-01    6.763974e+02    1.335929e+02
    6.140000e-01    6.777191e+02    1.340321e+02
    6.150000e-01    6.790415e+02    1.344723e+02
    6.160000e-01    6.803647e+02    1.349134e+02
    6.170000e-01    6.816885e+02    1.353555e+02
    6.180000e-01    6.830131e+02    1.357985e+02
    6.190000e-01    6.843384e+02    1.362425e+02
    6.200000e-01    6.856644e+02    1.366873e+02
    6.210000e-01    6.869911e+02    1.371332e+02
    6.220000e-01    6.883186e+02    1.375799e+02
    6.230000e-01    6.896468e+02    1.380277e+02
    6.240000e-01    6.909757e+02    1.384763e+02
    6.250000e-01    6.923053e+02    1.389259e+02
    6.260000e-01    6.936356e+02    1.393764e+02
    6.270000e-01    6.949666e+02    1.398279e+02
    6.280000e-01    6.962984e+02    1.402804e+02
    6.290000e-01    6.976309e+02    1.407337e+02
    6.300000e-01    6.989641e+02    1.411880e+02
    6.310000e-01    7.002981e+02    1.416433e+02
    6.320000e-01    7.016327e+02    1.420995e+02
    6.330000e-01    7.029681e+02    1.425566e+02
    6.340000e-01    7.043042e+02    1.430147e+02
    6.350000e-01    7.056410e+02    1.434737e+02
    6.360000e-01    7.069786e+02    1.439337e+02
    6.370000e-01    7.083169e+02    1.443946e+02
    6.380000e-01    7.096559e+02    1.448565e+02
    6.390000e-01    7.109956e+02    1.453193e+02
    6.400000e-01    7.123360e+02    1.457830e+02
    6.410000e-01    7.136772e+02    1.462477e+02
    6.420000e-01    7.150191e+02    1.467133e+02
    6.430000e-01    7.163617e+02    1.471799e+02
    6.440000e-01    7.177051e+02    1.476474e+02
    6.450000e-01    7.190492e+02    1.481159e+02
    6.460000e-01    7.203940e+02    1.485853e+02
    6.470000e-01    7.217395e+02    1.490557e+02
    6.480000e-01    7.230858e+02    1.495270e+02
    6.490000e-01    7.244327e+02    1.499992e+02
    6.500000e-01    7.257805e+02    1.504724e+02
    6.510000e-01    7.271289e+02    1.509466e+02
    6.520000e-01    7.284781e+02    1.514217e+02
    6.530000e-01    7.298280e+02    1.518977e+02
    6.540000e-01    7.311786e+02    1.523747e+02
    6.550000e-01    7.325300e+02    1.528526e+02
    6.560000e-01    7.338821e+02    1.533315e+02
    6.570000e-01    7.352349e+02    1.538113e+02
    6.580000e-01    7.365885e+02    1.542921e+02
    6.590000e-01    7.379427e+02    1.547738e+02
    6.600000e-01    7.392978e+02    1.552565e+02
    6.610000e-01    7.406535e+02    1.557401e+02
    6.620000e-01    7.420100e+02    1.562247e+02
    6.630000e-01    7.433672e+02    1.567102e+02
    6.640000e-01    7.447252e+02    1.571966e+02
    6.650000e-01    7.460838e+02    1.576841e+02
    6.660000e-01    7.474433e+02    1.581724e+02
    6.670000e-01    7.488034e+02    1.586617e+02
    6.680000e-01    7.501643e+02    1.591520e+02
    6.690000e-01    7.515259e+02    1.596431e+02
    6.700000e-01    7.528883e+02    1.601353e+02
    6.710000e-01    7.542514e+02    1.606284e+02
    6.720000e-01    7.556152e+02    1.611224e+02
    6.730000e-01    7.569797e+02    1.616174e+02
    6.740000e-01    7.583450e+02    1.621134e+02
    6.750000e-01    7.597111e+02    1.626103e+02
    6.760000e-01    7.610779e+02    1.631081e+02
    6.770000e-01    7.624454e+02    1.636069e+02
    6.780000e-01    7.638136e+02    1.641066e+02
    6.790000e-01    7.651826e+02    1.646073e+02
    6.800000e-01    7.665523e+02    1.651089e+02
    6.810000e-01    7.679228e+02    1.656115e+02
    6.820000e-01    7.692940e+02    1.661150e+02
    6.830000e-01    7.706659e+02    1.666195e+02
    6.840000e-01    7.720386e+02    1.671250e+02
    6.850000e-01    7.734120e+02    1.676313e+02
    6.860000e-01    7.747861e+02    1.681387e+02
    6.870000e-01    7.761610e+02    1.686469e+02
    6.880000e-01    7.775367e+02    1.691562e+02
    6.890000e-01    7.789131e+02    1.696664e+02
    6.900000e-01    7.802902e+02    1.701775e+02
    6.910000e-01    7.816680e+02    1.706896e+02
    6.920000e-01    7.830466e+02    1.712026e+02
    6.930000e-01    7.844260e+02    1.717166e+02
    6.940000e-01    7.858061e+02    1.722315e+02
    6.950000e-01    7.871869e+02    1.727474e+02
    6.960000e-01    7.885685e+02    1.732642e+02
    6.970000e-01    7.899508e+02    1.737820e+02
    6.980000e-01    7.913338e+02    1.743007e+02
    6.990000e-01    7.927176e+02    1.748204e+02
    7.000000e-01    7.941022e+02    1.753410e+02
    7.010000e-01    7.954875e+02    1.758626e+02
    7.020000e-01    7.968735e+02    1.763852e+02
    7.030000e-01    7.982603e+02    1.769086e+02
    7.040000e-01    7.996478e+02    1.774331e+02
    7.050000e-01    8.010361e+02    1.779585e+02
    7.060000e-01    8.024251e+02    1.784848e+02
    7.070000e-01    8.038149e+02    1.790121e+02
    7.080000e-01    8.052054e+02    1.795403e+02
    7.090000e-01    8.065967e+02    1.800695e+02
    7.100000e-01    8.079887e+02    1.805997e+02
    7.110000e-01    8.093814e+02    1.811307e+02
    7.120000e-01    8.107749e+02    1.816628e+02
    7.130000e-01    8.121692e+02    1.821958e+02
    7.140000e-01    8.135641e+02    1.827297e+02
    7.150000e-01    8.149599e+02    1.832646e+02
    7.160000e-01    8.163564e+02    1.838005e+02
    7.170000e-01    8.177536e+02    1.843373e+02
    7.180000e-01    8.191516e+02    1.848750e+02
    7.190000e-01    8.205504e+02    1.854137e+02
    7.200000e-01    8.219498e+02    1.859533e+02
    7.210000e-01    8.233501e+02    1.864939e+02
    7.220000e-01    8.247511e+02    1.870355e+02
    7.230000e-01    8.261528e+02    1.875780e+02
    7.240000e-01    8.275553e+02    1.881215e+02
    7.250000e-01    8.289586e+02    1.886659e+02
    7.260000e-01    8.303626e+02    1.892112e+02
    7.270000e-01    8.317673e+02    1.897575e+02
    7.280000e-01    8.331728e+02    1.903048e+02
    7.290000e-01    8.345791e+02    1.908530e+02
    7.300000e-01    8.359861e+02    1.914022e+02
    7.310000e-01    8.373938e+02    1.919523e+02
    7.320000e-01    8.388023e+02    1.925033e+02
    7.330000e-01    8.402116e+02    1.930553e+02
    7.340000e-01    8.416216e+02    1.936083e+02
    7.350000e-01    8.430324e+02    1.941622e+02
    7.360000e-01    8.444439e+02    1.947171e+02
    7.370000e-01    8.458562e+02    1.952729e+02
    7.380000e-01    8.472692e+02    1.958297e+02
    7.390000e-01    8.486830e+02    1.963874e+02
    7.400000e-01    8.500976e+02    1.969461e+02
    7.410000e-01    8.515129e+02    1.975057e+02
    7.420000e-01    8.529289e+02    1.980663e+02
    7.430000e-01    8.543457e+02    1.986278e+02
    7.440000e-01    8.557633e+02    1.991903e+02
    7.450000e-01    8.571816e+02    1.997537e+02
    7.460000e-01    8.586007e+02    2.003181e+02
    7.470000e-01    8.600206e+02    2.008835e+02
    7.480000e-01    8.614412e+02    2.014497e+02
    7.490000e-01    8.628625e+02    2.020170e+02
    7.500000e-01    8.642846e+02    2.025852e+02
    7.510000e-01    8.657075e+02    2.031543e+02
    7.520000e-01    8.671311e+02    2.037244e+02
    7.530000e-01    8.685555e+02    2.042954e+02
    7.540000e-01    8.699807e+02    2.048674e+02
    7.550000e-01    8.714066e+02    2.054404e+02
    7.560000e-01    8.728332e+02    2.060143e+02
    7.570000e-01    8.742607e+02    2.065891e+02
    7.580000e-01    8.756889e+02    2.071649e+02
    7.590000e-01    8.771178e+02    2.077417e+02
    7.600000e-01    8.785475e+02    2.083194e+02
    7.610000e-01    8.799780e+02    2.088980e+02
    7.620000e-01    8.814092e+02    2.094776e+02
    7.630000e-01    8.828412e+02    2.100582e+02
    7.640000e-01    8.842739e+02    2.106397e+02
    7.650000e-01    8.857075e+02    2.112221e+02
    7.660000e-01    8.871417e+02    2.118055e+02
    7.670000e-01    8.885768e+02    2.123899e+02
    7.680000e-01    8.900126e+02    2.129752e+02
    7.690000e-01    8.914491e+02    2.135615e+02
    7.700000e-01    8.928865e+02    2.141487e+02
    7.710000e-01    8.943246e+02    2.147368e+02
    7.720000e-01    8.957634e+02    2.153259e+02
    7.730000e-01    8.972030e+02    2.159160e+02
    7.740000e-01    8.986434e+02    2.165070e+02
    7.750000e-01    9.000846e+02    2.170990e+02
    7.760000e-01    9.015265e+02    2.176919e+02
    7.770000e-01    9.029691e+02    2.182858e+02
    7.780000e-01    9.044126e+02    2.188806e+02
    7.790000e-01    9.058568e+02    2.194763e+02
    7.800000e-01    9.073017e+02    2.200731e+02
    7.810000e-01    9.087475e+02    2.206707e+02
    7.820000e-01    9.101940e+02    2.212693e+02
    7.830000e-01    9.116413e+02    2.218689e+02
    7.840000e-01    9.130893e+02    2.224694e+02
    7.850000e-01    9.145381e+02    2.230709e+02
    7.860000e-01    9.159877e+02    2.236733e+02
    7.870000e-01    9.174380e+02    2.242767e+02
    7.880000e-01    9.188891e+02    2.248810e+02
    7.890000e-01    9.203410e+02    2.254863e+02
    7.900000e-01    9.217936e+02    2.260925e+02
    7.910000e-01    9.232470e+02    2.266997e+02
    7.920000e-01    9.247012e+02    2.273078e+02
    7.930000e-01    9.261561e+02    2.279169e+02
    7.940000e-01    9.276118e+02    2.285269e+02
    7.950000e-01    9.290683e+02    2.291378e+02
    7.960000e-01    9.305255e+02    2.297498e+02
    7.970000e-01    9.319836e+02    2.303626e+02
    7.980000e-01    9.334423e+02    2.309765e+02
    7.990000e-01    9.349019e+02    2.315912e+02
    8.000000e-01    9.363622e+02    2.322069e+02
    8.010000e-01    9.378233e+02    2.328236e+02
    8.020000e-01    9.392852e+02    2.334412e+02
    8.030000e-01    9.407478e+02    2.340598e+02
    8.040000e-01    9.422112e+02    2.346793e+02
    8.050000e-01    9.436754e+02    2.352998e+02
    8.060000e-01    9.451404e+02    2.359212e+02
    8.070000e-01    9.466061e+02    2.365436e+02
    8.080000e-01    9.480726e+02    2.371669e+02
    8.090000e-01    9.495399e+02    2.377911e+02
    8.100000e-01    9.510079e+02    2.384164e+02
    8.110000e-01    9.524767e+02    2.390425e+02
    8.120000e-01    9.539463e+02    2.396696e+02
    8.130000e-01    9.554166e+02    2.402977e+02
    8.140000e-01    9.568878e+02    2.409267e+02
    8.150000e-01    9.583597e+02    2.415567e+02
    8.160000e-01    9.598324e+02    2.421876e+02
    8.170000e-01    9.613058e+02    2.428194e+02
    8.180000e-01    9.627800e+02    2.434522e+02
    8.190000e-01    9.642550e+02    2.440860e+02
    8.200000e-01    9.657308e+02    2.447207e+02
    8.210000e-01    9.672074e+02    2.453563e+02
    8.220000e-01    9.686847e+02    2.459929e+02
    8.230000e-01    9.701628e+02    2.466305e+02
    8.240000e-01    9.716416e+02    2.472690e+02
    8.250000e-01    9.731213e+02    2.479084e+02
    8.260000e-01    9.746017e+02    2.485488e+02
    8.270000e-01    9.760829e+02    2.491902e+02
    8.280000e-01    9.775649e+02    2.498325e+02
    8.290000e-01    9.790476e+02    2.504757e+02
    8.300000e-01    9.805312e+02    2.511199e+02
    8.310000e-01    9.820155e+02    2.517650e+02
    8.320000e-01    9.835006e+02    2.524111e+02
    8.330000e-01    9.849864e+02    2.530581e+02
    8.340000e-01    9.864731e+02    2.537061e+02
    8.350000e-01    9.879605e+02    2.543550e+02
    8.360000e-01    9.894487e+02    2.550049e+02
    8.370000e-01    9.909376e+02    2.556557e+02
    8.380000e-01    9.924274e+02    2.563075e+02
    8.390000e-01    9.939179e+02    2.569602e+02
    8.400000e-01    9.954092e+02    2.576139e+02
    8.410000e-01    9.969013e+02    2.582685e+02
    8.420000e-01    9.983942e+02    2.589240e+02
    8.430000e-01    9.998878e+02    2.595805e+02
    8.440000e-01    1.001382e+03    2.602380e+02
    8.450000e-01    1.002877e+03    2.608964e+02
    8.460000e-01    1.004373e+03    2.615557e+02
    8.470000e-01    1.005870e+03    2.622160e+02
    8.480000e-01    1.007368e+03    2.628773e+02
    8.490000e-01    1.008866e+03    2.635394e+02
    8.500000e-01    1.010365e+03    2.642026e+02
    8.510000e-01    1.011865e+03    2.648667e+02
    8.520000e-01    1.013366e+03    2.655317e+02
    8.530000e-01    1.014867e+03    2.661976e+02
    8.540000e-01    1.016369e+03    2.668646e+02
    8.550000e-01    1.017872e+03    2.675324e+02
    8.560000e-01    1.019376e+03    2.682012e+02
    8.570000e-01    1.020881e+03    2.688710e+02
    8.580000e-01    1.022386e+03    2.695417e+02
    8.590000e-01    1.023892e+03    2.702134e+02
    8.600000e-01    1.025399e+03    2.708859e+02
    8.610000e-01    1.026907e+03    2.715595e+02
    8.620000e-01    1.028415e+03    2.722340e+02
    8.630000e-01    1.029925e+03    2.729094e+02
    8.640000e-01    1.031435e+03    2.735858e+02
    8.650000e-01    1.032945e+03    2.742631e+02
    8.660000e-01    1.034457e+03    2.749414e+02
    8.670000e-01    1.035969e+03    2.756206e+02
    8.680000e-01    1.037483e+03    2.763007e+02
    8.690000e-01    1.038997e+03    2.769819e+02
    8.700000e-01    1.040511e+03    2.776639e+02
    8.710000e-01    1.042027e+03    2.783469e+02
    8.720000e-01    1.043543e+03    2.790308e+02
    8.730000e-01    1.045060e+03    2.797157e+02
    8.740000e-01    1.046578e+03    2.804016e+02
    8.750000e-01    1.048097e+03    2.810883e+02
    8.760000e-01    1.049616e+03    2.817760e+02
    8.770000e-01    1.051137e+03    2.824647e+02
    8.780000e-01    1.052658e+03    2.831543e+02
    8.790000e-01    1.054179e+03    2.838449e+02
    8.800000e-01    1.055702e+03    2.845364e+02
    8.810000e-01    1.057225e+03    2.852288e+02
    8.820000e-01    1.058750e+03    2.859222e+02
    8.830000e-01    1.060275e+03    2.866165e+02
    8.840000e-01    1.061800e+03    2.873118e+02
    8.850000e-01    1.063327e+03    2.880080e+02
    8.860000e-01    1.064854e+03    2.887052e+02
    8.870000e-01    1.066382e+03    2.894033e+02
    8.880000e-01    1.067911e+03    2.901023e+02
    8.890000e-01    1.069441e+03    2.908023e+02
    8.900000e-01    1.070971e+03    2.915033e+02
    8.910000e-01    1.072503e+03    2.922052e+02
    8.920000e-01    1.074035e+03    2.929080e+02
    8.930000e-01    1.075568e+03    2.936117e+02
    8.940000e-01    1.077101e+03    2.943165e+02
    8.950000e-01    1.078636e+03    2.950221e+02
    8.960000e-01    1.080171e+03    2.957287e+02
    8.970000e-01    1.081707e+03    2.964362e+02
    8.980000e-01    1.083244e+03    2.971447e+02
    8.990000e-01    1.084781e+03    2.978542e+02
    9.000000e-01    1.086320e+03    2.985645e+02
    9.010000e-01    1.087859e+03    2.992758e+02
    9.020000e-01    1.089399e+03    2.999881e+02
    9.030000e-01    1.090939e+03    3.007013e+02
    9.040000e-01    1.092481e+03    3.014154e+02
    9.050000e-01    1.094023e+03    3.021305e+02
    9.060000e-01    1.095566e+03    3.028465e+02
    9.070000e-01    1.097110e+03    3.035635e+02
    9.080000e-01    1.098655e+03    3.042814e+02
    9.090000e-01    1.100200e+03    3.050002e+02
    9.100000e-01    1.101747e+03    3.057200e+02
    9.110000e-01    1.103294e+03    3.064408e+02
    9.120000e-01    1.104842e+03    3.071624e+02
    9.130000e-01    1.106390e+03    3.078851e+02
    9.140000e-01    1.107940e+03    3.086086e+02
    9.150000e-01    1.109490e+03    3.093331e+02
    9.160000e-01    1.111041e+03    3.100586e+02
    9.170000e-01    1.112593e+03    3.107849e+02
    9.180000e-01    1.114145e+03    3.115123e+02
    9.190000e-01    1.115699e+03    3.122405e+02
    9.200000e-01    1.117253e+03    3.129697e+02
    9.210000e-01    1.118808e+03    3.136999e+02
    9.220000e-01    1.120364e+03    3.144310e+02
    9.230000e-01    1.121920e+03    3.151630e+02
    9.240000e-01    1.123478e+03    3.158960e+02
    9.250000e-01    1.125036e+03    3.166299e+02
    9.260000e-01    1.126595e+03    3.173647e+02
    9.270000e-01    1.128154e+03    3.181005e+02
    9.280000e-01    1.129715e+03    3.188373e+02
    9.290000e-01    1.131276e+03    3.195749e+02
    9.300000e-01    1.132838e+03    3.203135e+02
    9.310000e-01    1.134401e+03    3.210531e+02
    9.320000e-01    1.135965e+03    3.217936e+02
    9.330000e-01    1.137530e+03    3.225350e+02
    9.340000e-01    1.139095e+03    3.232774e+02
    9.350000e-01    1.140661e+03    3.240207e+02
    9.360000e-01    1.142228e+03    3.247650e+02
    9.370000e-01    1.143796e+03    3.255101e+02
    9.380000e-01    1.145364e+03    3.262563e+02
    9.390000e-01    1.146933e+03    3.270033e+02
    9.400000e-01    1.148504e+03    3.277514e+02
    9.410000e-01    1.150074e+03    3.285003e+02
    9.420000e-01    1.151646e+03    3.292502e+02
    9.430000e-01    1.153219e+03    3.300010e+02
    9.440000e-01    1.154792e+03    3.307528e+02
    9.450000e-01    1.156366e+03    3.315055e+02
    9.460000e-01    1.157941e+03    3.322591e+02
    9.470000e-01    1.159516e+03    3.330137e+02
    9.480000e-01    1.161093e+03    3.337692e+02
    9.490000e-01    1.162670e+03    3.345257e+02
    9.500000e-01    1.164248e+03    3.352831e+02
    9.510000e-01    1.165827e+03    3.360414e+02
    9.520000e-01    1.167407e+03    3.368007e+02
    9.530000e-01    1.168987e+03    3.375609e+02
    9.540000e-01    1.170568e+03    3.383221e+02
    9.550000e-01    1.172150e+03    3.390842e+02
    9.560000e-01    1.173733e+03    3.398472e+02
    9.570000e-01    1.175317e+03    3.406111e+02
    9.580000e-01    1.176901e+03    3.413760e+02
    9.590000e-01    1.178487e+03    3.421419e+02
    9.600000e-01    1.180073e+03    3.429087e+02
    9.610000e-01    1.181660e+03    3.436764e+02
    9.620000e-01    1.183247e+03    3.444450e+02
    9.630000e-01    1.184836e+03    3.452146e+02
    9.640000e-01    1.186425e+03    3.459851e+02
    9.650000e-01    1.188015e+03    3.467566e+02
    9.660000e-01    1.189606e+03    3.475290e+02
    9.670000e-01    1.191197e+03    3.483023e+02
    9.680000e-01    1.192790e+03    3.490766e+02
    9.690000e-01    1.194383e+03    3.498518e+02
    9.700000e-01    1.195977e+03    3.506280e+02
    9.710000e-01    1.197572e+03    3.514051e+02
    9.720000e-01    1.199168e+03    3.521831e+02
    9.730000e-01    1.200764e+03    3.529620e+02
    9.740000e-01    1.202361e+03    3.537419e+02
    9.750000e-01    1.203959e+03    3.545228e+02
    9.760000e-01    1.205558e+03    3.553045e+02
    9.770000e-01    1.207158e+03    3.560872e+02
    9.780000e-01    1.208758e+03    3.568709e+02
    9.790000e-01    1.210359e+03    3.576554e+02
    9.800000e-01    1.211961e+03    3.584410e+02
    9.810000e-01    1.213564e+03    3.592274e+02
    9.820000e-01    1.215168e+03    3.600148e+02
    9.830000e-01    1.216772e+03    3.608031e+02
    9.840000e-01    1.218378e+03    3.615923e+02
    9.850000e-01    1.219984e+03    3.623825e+02
    9.860000e-01    1.221591e+03    3.631737e+02
    9.870000e-01    1.223198e+03    3.639657e+02
    9.880000e-01    1.224807e+03    3.647575e+02
    9.890000e-01    1.226416e+03    3.655443e+02
    9.900000e-01    1.228026e+03    3.663290e+02
    9.910000e-01    1.229637e+03    3.671127e+02
    9.920000e-01    1.231249e+03    3.678958e+02
    9.930000e-01    1.232861e+03    3.686786e+02
    9.940000e-01    1.234474e+03    3.694613e+02
    9.950000e-01    1.236088e+03    3.702439e+02
    9.960000e-01    1.237703e+03    3.710267e+02
    9.970000e-01    1.239319e+03    3.718096e+02
    9.980000e-01    1.240935e+03    3.725927e+02
    9.990000e-01    1.242552e+03    3.733761e+02
    1.000000e+00    1.244170e+03    3.741598e+02
    1.001000e+00    1.245789e+03    3.749440e+02
    1.002000e+00    1.247408e+03    3.757285e+02
    1.003000e+00    1.249029e+03    3.765134e+02
    1.004000e+00    1.250650e+03    3.772988e+02
    1.005000e+00    1.252272e+03    3.780847e+02
    1.006000e+00    1.253894e+03    3.788710e+02
    1.007000e+00    1.255518e+03    3.796579e+02
    1.008000e+00    1.257142e+03    3.804453e+02
    1.009000e+00    1.258767e+03    3.812333e+02
    1.010000e+00    1.260393e+03    3.820218e+02
    1.011000e+00    1.262019e+03    3.828110e+02
    1.012000e+00    1.263646e+03    3.836007e+02
    1.013000e+00    1.265275e+03    3.843909e+02
    1.014000e+00    1.266903e+03    3.851819e+02
    1.015000e+00    1.268533e+03    3.859734e+02
    1.016000e+00    1.270164e+03    3.867655e+02
    1.017000e+00    1.271795e+03    3.875583e+02
    1.018000e+00    1.273427e+03    3.883518e+02
    1.019000e+00    1.275060e+03    3.891459e+02
    1.020000e+00    1.276693e+03    3.899406e+02
    1.021000e+00    1.278327e+03    3.907360e+02
    1.022000e+00    1.279963e+03    3.915321e+02
    1.023000e+00    1.281598e+03    3.923289e+02
    1.024000e+00    1.283235e+03    3.931263e+02
    1.025000e+00    1.284873e+03    3.939244e+02
    1.026000e+00    1.286511e+03    3.947233e+02
    1.027000e+00    1.288150e+03    3.955228e+02
    1.028000e+00    1.289790e+03    3.963230e+02
    1.029000e+00    1.291430e+03    3.971239e+02
    1.030000e+00    1.293072e+03    3.979256e+02
    1.031000e+00    1.294714e+03    3.987279e+02
    1.032000e+00    1.296357e+03    3.995310e+02
    1.033000e+00    1.298000e+03    4.003348e+02
    1.034000e+00    1.299645e+03    4.011393e+02
    1.035000e+00    1.301290e+03    4.019445e+02
    1.036000e+00    1.302936e+03    4.027505e+02
    1.037000e+00    1.304583e+03    4.035572e+02
    1.038000e+00    1.306230e+03    4.043646e+02
    1.039000e+00    1.307879e+03    4.051728e+02
    1.040000e+00    1.309528e+03    4.059817e+02
    1.041000e+00    1.311178e+03    4.067914e+02
    1.042000e+00    1.312829e+03    4.076018e+02
    1.043000e+00    1.314480e+03    4.084129e+02
    1.044000e+00    1.316132e+03    4.092248e+02
    1.045000e+00    1.317785e+03    4.100375e+02
    1.046000e+00    1.319439e+03    4.108509e+02
    1.047000e+00    1.321094e+03    4.116651e+02
    1.048000e+00    1.322749e+03    4.124800e+02
    1.049000e+00    1.324405e+03    4.132957e+02
    1.050000e+00    1.326062e+03    4.141122e+02
    1.051000e+00    1.327720e+03    4.149294e+02
    1.052000e+00    1.329378e+03    4.157474e+02
    1.053000e+00    1.331038e+03    4.165662e+02
    1.054000e+00    1.332698e+03    4.173857e+02
    1.055000e+00    1.334358e+03    4.182060e+02
    1.056000e+00    1.336020e+03    4.190271e+02
    1.057000e+00    1.337682e+03    4.198489e+02
    1.058000e+00    1.339346e+03    4.206715e+02
    1.059000e+00    1.341009e+03    4.214949e+02
    1.060000e+00    1.342674e+03    4.223191e+02
    1.061000e+00    1.344340e+03    4.231441e+02
    1.062000e+00    1.346006e+03    4.239698e+02
    1.063000e+00    1.347673e+03    4.247963e+02
    1.064000e+00    1.349341e+03    4.256236e+02
    1.065000e+00    1.351009e+03    4.264517e+02
    1.066000e+00    1.352679e+03    4.272806e+02
    1.067000e+00    1.354349e+03    4.281102e+02
    1.068000e+00    1.356020e+03    4.289407e+02
    1.069000e+00    1.357691e+03    4.297719e+02
    1.070000e+00    1.359364e+03    4.306040e+02
    1.071000e+00    1.361037e+03    4.314368e+02
    1.072000e+00    1.362711e+03    4.322704e+02
    1.073000e+00    1.364386e+03    4.331048e+02
    1.074000e+00    1.366062e+03    4.339400e+02
    1.075000e+00    1.367738e+03    4.347760e+02
    1.076000e+00    1.369415e+03    4.356128e+02
    1.077000e+00    1.371093e+03    4.364504e+02
    1.078000e+00    1.372772e+03    4.372888e+02
    1.079000e+00    1.374451e+03    4.381279e+02
    1.080000e+00    1.376131e+03    4.389679e+02
    1.081000e+00    1.377813e+03    4.398087e+02
    1.082000e+00    1.379494e+03    4.406503e+02
    1.083000e+00    1.381177e+03    4.414927e+02
    1.084000e+00    1.382860e+03    4.423358e+02
    1.085000e+00    1.384544e+03    4.431798e+02
    1.086000e+00    1.386229e+03    4.440246e+02
    1.087000e+00    1.387915e+03    4.448702e+02
    1.088000e+00    1.389602e+03    4.457166e+02
    1.089000e+00    1.391289e+03    4.465638e+02
    1.090000e+00    1.392977e+03    4.474118e+02
    1.091000e+00    1.394666e+03    4.482607e+02
    1.092000e+00    1.396355e+03    4.491103e+02
    1.093000e+00    1.398046e+03    4.499607e+02
    1.094000e+00    1.399737e+03    4.508120e+02
    1.095000e+00    1.401429e+03    4.516640e+02
    1.096000e+00    1.403121e+03    4.525169e+02
    1.097000e+00    1.404815e+03    4.533705e+02
    1.098000e+00    1.406509e+03    4.542250e+02
    1.099000e+00    1.408204e+03    4.550803e+02
    1.100000e+00    1.409900e+03    4.559364e+02
    1.101000e+00    1.411597e+03    4.567933e+02
    1.102000e+00    1.413294e+03    4.576511e+02
    1.103000e+00    1.414992e+03    4.585096e+02
    1.104000e+00    1.416691e+03    4.593690e+02
    1.105000e+00    1.418391e+03    4.602291e+02
    1.106000e+00    1.420091e+03    4.610901e+02
    1.107000e+00    1.421793e+03    4.619519e+02
    1.108000e+00    1.423495e+03    4.628145e+02
    1.109000e+00    1.425198e+03    4.636780e+02
    1.110000e+00    1.426901e+03    4.645422e+02
    1.111000e+00    1.428606e+03    4.654073e+02
    1.112000e+00    1.430311e+03    4.662732e+02
    1.113000e+00    1.432017e+03    4.671399e+02
    1.114000e+00    1.433723e+03    4.680074e+02
    1.115000e+00    1.435431e+03    4.688757e+02
    1.116000e+00    1.437139e+03    4.697449e+02
    1.117000e+00    1.438848e+03    4.706148e+02
    1.118000e+00    1.440558e+03    4.714856e+02
    1.119000e+00    1.442269e+03    4.723572e+02
    1.120000e+00    1.443980e+03    4.732297e+02
    1.121000e+00    1.445692e+03    4.741029e+02
    1.122000e+00    1.447405e+03    4.749770e+02
    1.123000e+00    1.449119e+03    4.758519e+02
    1.124000e+00    1.450834e+03    4.767276e+02
    1.125000e+00    1.452549e+03    4.776042e+02
    1.126000e+00    1.454265e+03    4.784815e+02
    1.127000e+00    1.455982e+03    4.793597e+02
    1.128000e+00    1.457699e+03    4.802387e+02
    1.129000e+00    1.459418e+03    4.811185e+02
    1.130000e+00    1.461137e+03    4.819992e+02
    1.131000e+00    1.462857e+03    4.828807e+02
    1.132000e+00    1.464578e+03    4.837630e+02
    1.133000e+00    1.466299e+03    4.846461e+02
    1.134000e+00    1.468022e+03    4.855300e+02
    1.135000e+00    1.469745e+03    4.864148e+02
    1.136000e+00    1.471469e+03    4.873004e+02
    1.137000e+00    1.473193e+03    4.881869e+02
    1.138000e+00    1.474919e+03    4.890741e+02
    1.139000e+00    1.476645e+03    4.899622e+02
    1.140000e+00    1.478372e+03    4.908511e+02
    1.141000e+00    1.480100e+03    4.917408e+02
    1.142000e+00    1.481828e+03    4.926314e+02
    1.143000e+00    1.483558e+03    4.935228e+02
    1.144000e+00    1.485288e+03    4.944150e+02
    1.145000e+00    1.487019e+03    4.953080e+02
    1.146000e+00    1.488750e+03    4.962019e+02
    1.147000e+00    1.490483e+03    4.970966e+02
    1.148000e+00    1.492216e+03    4.979921e+02
    1.149000e+00    1.493950e+03    4.988884e+02
    1.150000e+00    1.495685e+03    4.997856e+02
    1.151000e+00    1.497420e+03    5.006836e+02
    1.152000e+00    1.499157e+03    5.015825e+02
    1.153000e+00    1.500894e+03    5.024821e+02
    1.154000e+00    1.502632e+03    5.033826e+02
    1.155000e+00    1.504371e+03    5.042839e+02
    1.156000e+00    1.506110e+03    5.051861e+02
    1.157000e+00    1.507850e+03    5.060891e+02
    1.158000e+00    1.509591e+03    5.069929e+02
    1.159000e+00    1.511333e+03    5.078975e+02
    1.160000e+00    1.513076e+03    5.088030e+02
    1.161000e+00    1.514819e+03    5.097093e+02
    1.162000e+00    1.516563e+03    5.106164e+02
    1.163000e+00    1.518308e+03    5.115244e+02
    1.164000e+00    1.520054e+03    5.124332e+02
    1.165000e+00    1.521801e+03    5.133428e+02
    1.166000e+00    1.523548e+03    5.142533e+02
    1.167000e+00    1.525296e+03    5.151646e+02
    1.168000e+00    1.527045e+03    5.160767e+02
    1.169000e+00    1.528794e+03    5.169897e+02
    1.170000e+00    1.530545e+03    5.179035e+02
    1.171000e+00    1.532296e+03    5.188181e+02
    1.172000e+00    1.534048e+03    5.197335e+02
    1.173000e+00    1.535801e+03    5.206498e+02
    1.174000e+00    1.537554e+03    5.215669e+02
    1.175000e+00    1.539309e+03    5.224849e+02
    1.176000e+00    1.541064e+03    5.234037e+02
    1.177000e+00    1.542820e+03    5.243233e+02
    1.178000e+00    1.544576e+03    5.252437e+02
    1.179000e+00    1.546334e+03    5.261650e+02
    1.180000e+00    1.548092e+03    5.270871e+02
    1.181000e+00    1.549851e+03    5.280101e+02
    1.182000e+00    1.551611e+03    5.289339e+02
    1.183000e+00    1.553371e+03    5.298585e+02
    1.184000e+00    1.555133e+03    5.307839e+02
    1.185000e+00    1.556895e+03    5.317102e+02
    1.186000e+00    1.558658e+03    5.326374e+02
    1.187000e+00    1.560422e+03    5.335653e+02
    1.188000e+00    1.562186e+03    5.344941e+02
    1.189000e+00    1.563951e+03    5.354237e+02
    1.190000e+00    1.565717e+03    5.363542e+02
    1.191000e+00    1.567484e+03    5.372855e+02
    1.192000e+00    1.569252e+03    5.382176e+02
    1.193000e+00    1.571020e+03    5.391506e+02
    1.194000e+00    1.572789e+03    5.400844e+02
    1.195000e+00    1.574559e+03    5.410190e+02
    1.196000e+00    1.576330e+03    5.419545e+02
    1.197000e+00    1.578102e+03    5.428908e+02
    1.198000e+00    1.579874e+03    5.438279e+02
    1.199000e+00    1.581647e+03    5.447659e+02
    1.200000e+00    1.583421e+03    5.457047e+02
    1.201000e+00    1.585196e+03    5.466444e+02
    1.202000e+00    1.586971e+03    5.475849e+02
    1.203000e+00    1.588747e+03    5.485262e+02
    1.204000e+00    1.590524e+03    5.494684e+02
    1.205000e+00    1.592302e+03    5.504114e+02
    1.206000e+00    1.594081e+03    5.513552e+02
    1.207000e+00    1.595860e+03    5.522999e+02
    1.208000e+00    1.597640e+03    5.532454e+02
    1.209000e+00    1.599421e+03    5.541917e+02
    1.210000e+00    1.601203e+03    5.551389e+02
    1.211000e+00    1.602985e+03    5.560869e+02
    1.212000e+00    1.604769e+03    5.570358e+02
    1.213000e+00    1.606553e+03    5.579855e+02
    1.214000e+00    1.608338e+03    5.589360e+02
    1.215000e+00    1.610123e+03    5.598874e+02
    1.216000e+00    1.611910e+03    5.608396e+02
    1.217000e+00    1.613697e+03    5.617926e+02
    1.218000e+00    1.615485e+03    5.627465e+02
    1.219000e+00    1.617273e+03    5.637012e+02
    1.220000e+00    1.619063e+03    5.646568e+02
    1.221000e+00    1.620853e+03    5.656131e+02
    1.222000e+00    1.622644e+03    5.665704e+02
    1.223000e+00    1.624436e+03    5.675284e+02
    1.224000e+00    1.626229e+03    5.684874e+02
    1.225000e+00    1.628022e+03    5.694471e+02
    1.226000e+00    1.629817e+03    5.704077e+02
    1.227000e+00    1.631612e+03    5.713691e+02
    1.228000e+00    1.633408e+03    5.723314e+02
    1.229000e+00    1.635204e+03    5.732945e+02
    1.230000e+00    1.637002e+03    5.742584e+02
    1.231000e+00    1.638800e+03    5.752232e+02
    1.232000e+00    1.640599e+03    5.761888e+02
    1.233000e+00    1.642398e+03    5.771553e+02
    1.234000e+00    1.644199e+03    5.781225e+02
    1.235000e+00    1.646000e+03    5.790907e+02
    1.236000e+00    1.647802e+03    5.800596e+02
    1.237000e+00    1.649605e+03    5.810295e+02
    1.238000e+00    1.651409e+03    5.820001e+02
    1.239000e+00    1.653213e+03    5.829716e+02
    1.240000e+00    1.655018e+03    5.839439e+02
    1.241000e+00    1.656824e+03    5.849171e+02
    1.242000e+00    1.658631e+03    5.858911e+02
    1.243000e+00    1.660439e+03    5.868659e+02
    1.244000e+00    1.662247e+03    5.878416e+02
    1.245000e+00    1.664056e+03    5.888181e+02
    1.246000e+00    1.665866e+03    5.897955e+02
    1.247000e+00    1.667677e+03    5.907737e+02
    1.248000e+00    1.669489e+03    5.917528e+02
    1.249000e+00    1.671301e+03    5.927326e+02
    1.250000e+00    1.673114e+03    5.937134e+02
    1.251000e+00    1.674928e+03    5.946949e+02
    1.252000e+00    1.676742e+03    5.956773e+02
    1.253000e+00    1.678558e+03    5.966606e+02
    1.254000e+00    1.680374e+03    5.976447e+02
    1.255000e+00    1.682191e+03    5.986296e+02
    1.256000e+00    1.684009e+03    5.996153e+02
    1.257000e+00    1.685827e+03    6.006019e+02
    1.258000e+00    1.687647e+03    6.015894e+02
    1.259000e+00    1.689467e+03    6.025777e+02
    1.260000e+00    1.691288e+03    6.035668e+02
    1.261000e+00    1.693109e+03    6.045568e+02
    1.262000e+00    1.694932e+03    6.055476e+02
    1.263000e+00    1.696755e+03    6.065392e+02
    1.264000e+00    1.698579e+03    6.075317e+02
    1.265000e+00    1.700404e+03    6.085250e+02
    1.266000e+00    1.702230e+03    6.095192e+02
    1.267000e+00    1.704056e+03    6.105142e+02
    1.268000e+00    1.705883e+03    6.115100e+02
    1.269000e+00    1.707711e+03    6.125067e+02
    1.270000e+00    1.709540e+03    6.135042e+02
    1.271000e+00    1.711370e+03    6.145026e+02
    1.272000e+00    1.713200e+03    6.155018e+02
    1.273000e+00    1.715031e+03    6.165019e+02
    1.274000e+00    1.716863e+03    6.175028e+02
    1.275000e+00    1.718696e+03    6.185045e+02
    1.276000e+00    1.720529e+03    6.195071e+02
    1.277000e+00    1.722364e+03    6.205105e+02
    1.278000e+00    1.724199e+03    6.215148e+02
    1.279000e+00    1.726034e+03    6.225199e+02
    1.280000e+00    1.727871e+03    6.235258e+02
    1.281000e+00    1.729709e+03    6.245326e+02
    1.282000e+00    1.731547e+03    6.255402e+02
    1.283000e+00    1.733386e+03    6.265487e+02
    1.284000e+00    1.735226e+03    6.275580e+02
    1.285000e+00    1.737066e+03    6.285681e+02
    1.286000e+00    1.738907e+03    6.295791e+02
    1.287000e+00    1.740750e+03    6.305909e+02
    1.288000e+00    1.742593e+03    6.316036e+02
    1.289000e+00    1.744436e+03    6.326171e+02
    1.290000e+00    1.746281e+03    6.336314e+02
    1.291000e+00    1.748126e+03    6.346466e+02
    1.292000e+00    1.749972e+03    6.356627e+02
    1.293000e+00    1.751819e+03    6.366796e+02
    1.294000e+00    1.753667e+03    6.376973e+02
    1.295000e+00    1.755515e+03    6.387158e+02
    1.296000e+00    1.757364e+03    6.397352e+02
    1.297000e+00    1.759214e+03    6.407555e+02
    1.298000e+00    1.761065e+03    6.417766e+02
    1.299000e+00    1.762917e+03    6.427985e+02
    1.300000e+00    1.764769e+03    6.438213e+02
