    3.000000e-04    2.813926e-01    4.992449e-04
    4.000000e-04    3.755190e-01    5.702837e-04
    5.000000e-04    4.694481e-01    6.393492e-04
    6.000000e-04    5.633771e-01    7.103880e-04
    7.000000e-04    6.575036e-01    7.893200e-04
    8.000000e-04    7.516300e-01    8.603588e-04
    9.000000e-04    8.455590e-01    9.392908e-04
    1.000000e-03    9.396855e-01    1.020196e-03
    1.500000e-03    1.410120e+00    1.470109e-03
    2.000000e-03    1.880752e+00    1.969353e-03
    2.500000e-03    2.351384e+00    2.510038e-03
    3.000000e-03    2.822411e+00    3.100054e-03
    3.500000e-03    3.293240e+00    3.709804e-03
    4.000000e-03    3.764267e+00    4.349153e-03
    4.500000e-03    4.235491e+00    5.020075e-03
    5.000000e-03    4.706715e+00    5.720597e-03
    5.500000e-03    5.177939e+00    6.440851e-03
    6.000000e-03    5.649361e+00    7.180839e-03
    6.500000e-03    6.120585e+00    7.940559e-03
    7.000000e-03    6.592203e+00    8.739746e-03
    7.500000e-03    7.063625e+00    9.550772e-03
    8.000000e-03    7.535243e+00    1.039929e-02
    8.500000e-03    8.006862e+00    1.125965e-02
    9.000000e-03    8.478481e+00    1.214961e-02
    9.500000e-03    8.950297e+00    1.305930e-02
    1.000000e-02    9.422113e+00    1.400056e-02
    1.200000e-02    1.130957e+01    1.807937e-02
    1.400000e-02    1.319802e+01    2.267124e-02
    1.600000e-02    1.508687e+01    2.776038e-02
    1.800000e-02    1.697669e+01    3.348098e-02
    2.000000e-02    1.886692e+01    3.981133e-02
    2.200000e-02    2.075793e+01    4.674156e-02
    2.400000e-02    2.264973e+01    5.434074e-02
    2.600000e-02    2.454193e+01    6.260097e-02
    2.800000e-02    2.643492e+01    7.147095e-02
    3.000000e-02    2.832869e+01    8.101186e-02
    3.200000e-02    3.022287e+01    9.117041e-02
    3.400000e-02    3.211783e+01    1.019407e-01
    3.600000e-02    3.401338e+01    1.133010e-01
    3.800000e-02    3.590972e+01    1.251822e-01
    4.000000e-02    3.780665e+01    1.376515e-01
    4.200000e-02    3.970418e+01    1.506516e-01
    4.400000e-02    4.160229e+01    1.641529e-01
    4.600000e-02    4.350100e+01    1.781318e-01
    4.800000e-02    4.540050e+01    1.925724e-01
    5.000000e-02    4.730059e+01    2.074728e-01
    5.200000e-02    4.920108e+01    2.227836e-01
    5.400000e-02    5.110235e+01    2.385246e-01
    5.600000e-02    5.300422e+01    2.546642e-01
    5.800000e-02    5.490648e+01    2.712340e-01
    6.000000e-02    5.680953e+01    2.881353e-01
    6.200000e-02    5.871298e+01    3.054747e-01
    6.400000e-02    6.061721e+01    3.223346e-01
    6.600000e-02    6.252184e+01    3.404752e-01
    6.800000e-02    6.442706e+01    3.589551e-01
    7.000000e-02    6.633268e+01    3.778554e-01
    7.200000e-02    6.823908e+01    3.970852e-01
    7.400000e-02    7.014588e+01    4.167057e-01
    7.600000e-02    7.205327e+01    4.343667e-01
    7.800000e-02    7.396106e+01    4.553271e-01
    8.000000e-02    7.586944e+01    4.766368e-01
    8.200000e-02    7.777841e+01    4.980668e-01
    8.425000e-02    7.991989e+01    5.181479e-01
    8.672500e-02    8.228326e+01    5.511639e-01
    8.920000e-02    8.464758e+01    5.861699e-01
    9.167500e-02    8.701289e+01    6.233315e-01
    9.415000e-02    8.937923e+01    6.628219e-01
    9.662500e-02    9.174662e+01    7.048213e-01
    9.910000e-02    9.411512e+01    7.495168e-01
    1.015750e-01    9.648475e+01    7.971018e-01
    1.040500e-01    9.885557e+01    8.477762e-01
    1.065250e-01    1.012276e+02    9.017456e-01
    1.090000e-01    1.036010e+02    9.592216e-01
    1.114750e-01    1.059756e+02    1.020421e+00
    1.139500e-01    1.083517e+02    1.084555e+00
    1.164250e-01    1.107292e+02    1.152083e+00
    1.189000e-01    1.131081e+02    1.223550e+00
    1.213750e-01    1.154885e+02    1.299300e+00
    1.238500e-01    1.178706e+02    1.379634e+00
    1.263250e-01    1.202542e+02    1.464837e+00
    1.288000e-01    1.226396e+02    1.555184e+00
    1.312750e-01    1.250268e+02    1.650947e+00
    1.337500e-01    1.274158e+02    1.752399e+00
    1.362250e-01    1.298067e+02    1.859810e+00
    1.387000e-01    1.321996e+02    1.973454e+00
    1.411750e-01    1.345946e+02    2.093608e+00
    1.436500e-01    1.369917e+02    2.220549e+00
    1.461250e-01    1.393911e+02    2.354559e+00
    1.486000e-01    1.417928e+02    2.495924e+00
    1.510750e-01    1.441969e+02    2.644934e+00
    1.535500e-01    1.466035e+02    2.801882e+00
    1.560250e-01    1.490126e+02    2.967068e+00
    1.585000e-01    1.514245e+02    3.140794e+00
    1.609750e-01    1.538391e+02    3.323368e+00
    1.634500e-01    1.562566e+02    3.515105e+00
    1.659250e-01    1.586770e+02    3.716322e+00
    1.684000e-01    1.611005e+02    3.927346e+00
    1.708750e-01    1.635271e+02    4.148505e+00
    1.733500e-01    1.659570e+02    4.380135e+00
    1.758250e-01    1.683903e+02    4.622577e+00
    1.783000e-01    1.708271e+02    4.876179e+00
    1.807750e-01    1.732675e+02    5.141292e+00
    1.832500e-01    1.757115e+02    5.418276e+00
    1.857250e-01    1.781594e+02    5.707492e+00
    1.882000e-01    1.806111e+02    6.009311e+00
    1.906750e-01    1.830670e+02    6.324104e+00
    1.931500e-01    1.855269e+02    6.652249e+00
    1.956250e-01    1.879912e+02    6.994130e+00
    1.981000e-01    1.904599e+02    7.350131e+00
    2.005750e-01    1.929331e+02    7.720641e+00
    2.030500e-01    1.954109e+02    8.106052e+00
    2.055250e-01    1.978935e+02    8.506758e+00
    2.080000e-01    2.003810e+02    8.923152e+00
    2.104750e-01    2.028736e+02    9.355632e+00
    2.129500e-01    2.053713e+02    9.804592e+00
    2.154250e-01    2.078744e+02    1.027043e+01
    2.179000e-01    2.103828e+02    1.075353e+01
    2.203750e-01    2.128969e+02    1.125429e+01
    2.228500e-01    2.154167e+02    1.177309e+01
    2.253250e-01    2.179423e+02    1.231031e+01
    2.278000e-01    2.204739e+02    1.286633e+01
    2.302750e-01    2.230116e+02    1.344153e+01
    2.327500e-01    2.255557e+02    1.403624e+01
    2.352250e-01    2.281061e+02    1.465084e+01
    2.377000e-01    2.306631e+02    1.528566e+01
    2.401750e-01    2.332268e+02    1.594104e+01
    2.426500e-01    2.357974e+02    1.661728e+01
    2.451250e-01    2.383750e+02    1.731471e+01
    2.476000e-01    2.409597e+02    1.803362e+01
    2.500750e-01    2.435517e+02    1.877427e+01
    2.525500e-01    2.461511e+02    1.953695e+01
    2.550250e-01    2.487581e+02    2.032190e+01
    2.575000e-01    2.513728e+02    2.112935e+01
    2.599750e-01    2.539954e+02    2.195952e+01
    2.624500e-01    2.566260e+02    2.281261e+01
    2.649250e-01    2.592648e+02    2.368880e+01
    2.674000e-01    2.619118e+02    2.458827e+01
    2.698750e-01    2.645673e+02    2.551116e+01
    2.723500e-01    2.672313e+02    2.645760e+01
    2.748250e-01    2.699041e+02    2.742771e+01
    2.773000e-01    2.725857e+02    2.842158e+01
    2.797750e-01    2.752762e+02    2.943929e+01
    2.822500e-01    2.779759e+02    3.048092e+01
    2.847250e-01    2.806848e+02    3.154651e+01
    2.872000e-01    2.834031e+02    3.263609e+01
    2.896750e-01    2.861308e+02    3.374968e+01
    2.921500e-01    2.888682e+02    3.488728e+01
    2.946250e-01    2.916153e+02    3.604888e+01
    2.971000e-01    2.943723e+02    3.723447e+01
    2.995750e-01    2.971392e+02    3.844399e+01
    3.020500e-01    2.999162e+02    3.967741e+01
    3.045250e-01    3.027035e+02    4.093467e+01
    3.070000e-01    3.055010e+02    4.221569e+01
    3.094750e-01    3.083090e+02    4.352040e+01
    3.119500e-01    3.111275e+02    4.484871e+01
    3.144250e-01    3.139567e+02    4.620051e+01
    3.169000e-01    3.167965e+02    4.757572e+01
    3.193750e-01    3.196473e+02    4.897420e+01
    3.218500e-01    3.225089e+02    5.039585e+01
    3.243250e-01    3.253815e+02    5.184055e+01
    3.268000e-01    3.282653e+02    5.330816e+01
    3.292750e-01    3.311603e+02    5.479855e+01
    3.317500e-01    3.340666e+02    5.631159e+01
    3.342250e-01    3.369842e+02    5.784713e+01
    3.367000e-01    3.399133e+02    5.940503e+01
    3.391750e-01    3.428539e+02    6.098515e+01
    3.416500e-01    3.458061e+02    6.258734e+01
    3.441250e-01    3.487701e+02    6.421145e+01
    3.466000e-01    3.517458e+02    6.585734e+01
    3.490750e-01    3.547333e+02    6.752484e+01
    3.515500e-01    3.577327e+02    6.921382e+01
    3.540250e-01    3.607441e+02    7.092411e+01
    3.565000e-01    3.637675e+02    7.265558e+01
    3.589750e-01    3.668030e+02    7.440807e+01
    3.614500e-01    3.698507e+02    7.618142e+01
    3.639250e-01    3.729106e+02    7.797551e+01
    3.664000e-01    3.759828e+02    7.979017e+01
    3.688750e-01    3.790673e+02    8.162526e+01
    3.713500e-01    3.821641e+02    8.348064e+01
    3.738250e-01    3.852734e+02    8.535617e+01
    3.763000e-01    3.883952e+02    8.725170e+01
    3.787750e-01    3.915296e+02    8.916710e+01
    3.812500e-01    3.946765e+02    9.110224e+01
    3.837250e-01    3.978360e+02    9.305697e+01
    3.862000e-01    4.010082e+02    9.503116e+01
    3.886750e-01    4.041932e+02    9.702469e+01
    3.911500e-01    4.073909e+02    9.903743e+01
    3.936250e-01    4.106014e+02    1.010693e+02
    3.961000e-01    4.138247e+02    1.031200e+02
    3.985750e-01    4.170609e+02    1.051896e+02
    4.010500e-01    4.203100e+02    1.072780e+02
    4.035250e-01    4.235720e+02    1.093849e+02
    4.060000e-01    4.268471e+02    1.115104e+02
    4.084750e-01    4.301351e+02    1.136542e+02
    4.109500e-01    4.334362e+02    1.158163e+02
    4.134250e-01    4.367504e+02    1.179965e+02
    4.159000e-01    4.400777e+02    1.201948e+02
    4.183750e-01    4.434181e+02    1.224111e+02
    4.208500e-01    4.467717e+02    1.246452e+02
    4.233250e-01    4.501385e+02    1.268971e+02
    4.258000e-01    4.535185e+02    1.291667e+02
    4.282750e-01    4.569118e+02    1.314538e+02
    4.307500e-01    4.603183e+02    1.337584e+02
    4.332250e-01    4.637381e+02    1.360804e+02
    4.357000e-01    4.671712e+02    1.384197e+02
    4.381750e-01    4.706177e+02    1.407762e+02
    4.406500e-01    4.740775e+02    1.431499e+02
    4.431250e-01    4.775507e+02    1.455406e+02
    4.456000e-01    4.810373e+02    1.479483e+02
    4.480750e-01    4.845373e+02    1.503729e+02
    4.505500e-01    4.880508e+02    1.528143e+02
    4.530250e-01    4.915778e+02    1.552725e+02
    4.555000e-01    4.951182e+02    1.577474e+02
    4.579750e-01    4.986721e+02    1.602388e+02
    4.604500e-01    5.022395e+02    1.627468e+02
    4.629250e-01    5.058204e+02    1.652713e+02
    4.654000e-01    5.094149e+02    1.678122e+02
    4.678750e-01    5.130229e+02    1.703695e+02
    4.703500e-01    5.166445e+02    1.729430e+02
    4.728250e-01    5.202797e+02    1.755327e+02
    4.753000e-01    5.239285e+02    1.781386e+02
    4.777750e-01    5.275910e+02    1.807607e+02
    4.802500e-01    5.312670e+02    1.833987e+02
    4.827250e-01    5.349567e+02    1.860528e+02
    4.852000e-01    5.386600e+02    1.887228e+02
    4.876750e-01    5.423770e+02    1.914087e+02
    4.901500e-01    5.461076e+02    1.941104e+02
    4.926250e-01    5.498520e+02    1.968280e+02
    4.951000e-01    5.536100e+02    1.995612e+02
    4.975750e-01    5.573817e+02    2.023102e+02
    5.000500e-01    5.611672e+02    2.050748e+02
    5.025250e-01    5.649664e+02    2.078550e+02
    5.050000e-01    5.687793e+02    2.106507e+02
    5.074750e-01    5.726059e+02    2.134620e+02
    5.099500e-01    5.764463e+02    2.162887e+02
    5.124250e-01    5.803005e+02    2.191308e+02
    5.149000e-01    5.841684e+02    2.219884e+02
    5.173750e-01    5.880501e+02    2.248613e+02
    5.198500e-01    5.919456e+02    2.277494e+02
    5.223250e-01    5.958548e+02    2.306529e+02
    5.248000e-01    5.997779e+02    2.335716e+02
    5.272750e-01    6.037148e+02    2.365055e+02
    5.297500e-01    6.076654e+02    2.394545e+02
    5.322250e-01    6.116299e+02    2.424187e+02
    5.347000e-01    6.156082e+02    2.453980e+02
    5.371750e-01    6.196003e+02    2.483923e+02
    5.396500e-01    6.236063e+02    2.514017e+02
    5.421250e-01    6.276261e+02    2.544260e+02
    5.446000e-01    6.316597e+02    2.574653e+02
    5.470750e-01    6.357072e+02    2.605196e+02
    5.495500e-01    6.397686e+02    2.635887e+02
    5.520250e-01    6.438438e+02    2.666727e+02
    5.545000e-01    6.479328e+02    2.697716e+02
    5.569750e-01    6.520357e+02    2.728853e+02
    5.594500e-01    6.561525e+02    2.760138e+02
    5.619250e-01    6.602832e+02    2.791570e+02
    5.644000e-01    6.644277e+02    2.823150e+02
    5.668750e-01    6.685862e+02    2.854877e+02
    5.693500e-01    6.727585e+02    2.886751e+02
    5.718250e-01    6.769447e+02    2.918772e+02
    5.743000e-01    6.811448e+02    2.950939e+02
    5.767750e-01    6.853588e+02    2.983252e+02
    5.792500e-01    6.895866e+02    3.015711e+02
    5.817250e-01    6.938284e+02    3.048315e+02
    5.842000e-01    6.980841e+02    3.081066e+02
    5.866750e-01    7.023537e+02    3.113961e+02
    5.891500e-01    7.066372e+02    3.147002e+02
    5.916250e-01    7.109346e+02    3.180187e+02
    5.941000e-01    7.152460e+02    3.213517e+02
    5.965750e-01    7.195712e+02    3.246992e+02
    5.990500e-01    7.239104e+02    3.280610e+02
    6.015250e-01    7.282634e+02    3.314373e+02
    6.040000e-01    7.326304e+02    3.348280e+02
    6.064750e-01    7.370114e+02    3.382330e+02
    6.089500e-01    7.414062e+02    3.416524e+02
    6.114250e-01    7.458150e+02    3.450861e+02
    6.139000e-01    7.502377e+02    3.485342e+02
    6.163750e-01    7.546744e+02    3.519965e+02
    6.188500e-01    7.591249e+02    3.554731e+02
    6.213250e-01    7.635894e+02    3.589640e+02
    6.238000e-01    7.680679e+02    3.624691e+02
    6.262750e-01    7.725603e+02    3.659885e+02
    6.287500e-01    7.770666e+02    3.695221e+02
    6.312250e-01    7.815868e+02    3.730698e+02
    6.337000e-01    7.861210e+02    3.766318e+02
    6.361750e-01    7.906691e+02    3.802079e+02
    6.386500e-01    7.952312e+02    3.837982e+02
    6.411250e-01    7.998072e+02    3.874027e+02
    6.436000e-01    8.043972e+02    3.910213e+02
    6.460750e-01    8.090011e+02    3.946539e+02
    6.485500e-01    8.136189e+02    3.983007e+02
    6.510250e-01    8.182507e+02    4.019616e+02
    6.535000e-01    8.228964e+02    4.056366e+02
    6.559750e-01    8.275561e+02    4.093256e+02
    6.584500e-01    8.322297e+02    4.130286e+02
    6.609250e-01    8.369173e+02    4.167457e+02
    6.634000e-01    8.416188e+02    4.204769e+02
    6.658750e-01    8.463343e+02    4.242220e+02
    6.683500e-01    8.510637e+02    4.279812e+02
    6.708250e-01    8.558070e+02    4.317543e+02
    6.733000e-01    8.605643e+02    4.355414e+02
    6.757750e-01    8.653356e+02    4.393425e+02
    6.782500e-01    8.701208e+02    4.431576e+02
    6.807250e-01    8.749199e+02    4.469866e+02
    6.832000e-01    8.797330e+02    4.508295e+02
    6.856750e-01    8.845601e+02    4.546863e+02
    6.881500e-01    8.894010e+02    4.585571e+02
    6.906250e-01    8.942560e+02    4.624418e+02
    6.931000e-01    8.991249e+02    4.663404e+02
    6.955750e-01    9.040077e+02    4.702528e+02
    6.980500e-01    9.089044e+02    4.741792e+02
    7.005250e-01    9.138152e+02    4.781194e+02
    7.030000e-01    9.187398e+02    4.820734e+02
    7.054750e-01    9.236784e+02    4.860413e+02
    7.079500e-01    9.286310e+02    4.900231e+02
    7.104250e-01    9.335975e+02    4.940187e+02
    7.129000e-01    9.385779e+02    4.980281e+02
    7.153750e-01    9.435723e+02    5.020513e+02
    7.178500e-01    9.485807e+02    5.060883e+02
    7.203250e-01    9.536029e+02    5.101391e+02
    7.228000e-01    9.586391e+02    5.142037e+02
    7.252750e-01    9.636893e+02    5.182821e+02
    7.277500e-01    9.687534e+02    5.223742e+02
    7.302250e-01    9.738314e+02    5.264802e+02
    7.327000e-01    9.789234e+02    5.305998e+02
    7.351750e-01    9.840293e+02    5.347333e+02
    7.376500e-01    9.891492e+02    5.388804e+02
    7.401250e-01    9.942830e+02    5.430413e+02
    7.426000e-01    9.994307e+02    5.472160e+02
    7.450750e-01    1.004592e+03    5.514043e+02
    7.475500e-01    1.009768e+03    5.556064e+02
    7.500250e-01    1.014958e+03    5.598221e+02
    7.525000e-01    1.020161e+03    5.640516e+02
    7.549750e-01    1.025378e+03    5.682947e+02
    7.574500e-01    1.030610e+03    5.725516e+02
    7.599250e-01    1.035855e+03    5.768221e+02
    7.624000e-01    1.041114e+03    5.811063e+02
    7.648750e-01    1.046387e+03    5.854041e+02
    7.673500e-01    1.051674e+03    5.897157e+02
    7.698250e-01    1.056975e+03    5.940408e+02
    7.723000e-01    1.062290e+03    5.983796e+02
    7.747750e-01    1.067619e+03    6.027321e+02
    7.772500e-01    1.072962e+03    6.070982e+02
    7.797250e-01    1.078319e+03    6.114779e+02
    7.822000e-01    1.083689e+03    6.158713e+02
    7.846750e-01    1.089074e+03    6.202782e+02
    7.871500e-01    1.094472e+03    6.246988e+02
    7.896250e-01    1.099885e+03    6.291330e+02
    7.921000e-01    1.105311e+03    6.335808e+02
    7.945750e-01    1.110751e+03    6.380421e+02
    7.970500e-01    1.116205e+03    6.425171e+02
    7.995250e-01    1.121673e+03    6.470057e+02
    8.020000e-01    1.127155e+03    6.515078e+02
    8.044750e-01    1.132651e+03    6.560235e+02
    8.069500e-01    1.138161e+03    6.605528e+02
    8.094250e-01    1.143685e+03    6.650956e+02
    8.119000e-01    1.149223e+03    6.696520e+02
    8.143750e-01    1.154774e+03    6.742220e+02
    8.168500e-01    1.160340e+03    6.788055e+02
    8.193250e-01    1.165919e+03    6.834025e+02
    8.218000e-01    1.171512e+03    6.880131e+02
    8.242750e-01    1.177119e+03    6.926372e+02
    8.267500e-01    1.182740e+03    6.972749e+02
    8.292250e-01    1.188375e+03    7.019260e+02
    8.317000e-01    1.194024e+03    7.065907e+02
    8.341750e-01    1.199687e+03    7.112690e+02
    8.366500e-01    1.205364e+03    7.159607e+02
    8.391250e-01    1.211054e+03    7.206659e+02
    8.416000e-01    1.216759e+03    7.253847e+02
    8.440750e-01    1.222477e+03    7.301169e+02
    8.465500e-01    1.228209e+03    7.348627e+02
    8.490250e-01    1.233956e+03    7.396219e+02
    8.515000e-01    1.239716e+03    7.443946e+02
    8.539750e-01    1.245490e+03    7.491808e+02
    8.564500e-01    1.251278e+03    7.539805e+02
    8.589250e-01    1.257079e+03    7.587936e+02
    8.614000e-01    1.262895e+03    7.636203e+02
    8.638750e-01    1.268724e+03    7.684604e+02
    8.663500e-01    1.274568e+03    7.733139e+02
    8.688250e-01    1.280425e+03    7.781810e+02
    8.713000e-01    1.286296e+03    7.830614e+02
    8.737750e-01    1.292181e+03    7.879554e+02
    8.762500e-01    1.298080e+03    7.928627e+02
    8.787250e-01    1.303993e+03    7.977836e+02
    8.812000e-01    1.309920e+03    8.027178e+02
    8.836750e-01    1.315860e+03    8.076655e+02
    8.861500e-01    1.321815e+03    8.126267e+02
    8.886250e-01    1.327783e+03    8.176013e+02
    8.911000e-01    1.333765e+03    8.225893e+02
    8.935750e-01    1.339761e+03    8.275907e+02
    8.960500e-01    1.345771e+03    8.326055e+02
    8.985250e-01    1.351795e+03    8.376338e+02
    9.010000e-01    1.357833e+03    8.426755e+02
    9.034750e-01    1.363884e+03    8.477306e+02
    9.059500e-01    1.369950e+03    8.527991e+02
    9.084250e-01    1.376029e+03    8.578810e+02
    9.109000e-01    1.382122e+03    8.629763e+02
    9.133750e-01    1.388229e+03    8.680850e+02
    9.158500e-01    1.394350e+03    8.732071e+02
    9.183250e-01    1.400485e+03    8.783426e+02
    9.208000e-01    1.406633e+03    8.834915e+02
    9.232750e-01    1.412796e+03    8.886538e+02
    9.257500e-01    1.418972e+03    8.938295e+02
    9.282250e-01    1.425162e+03    8.990185e+02
    9.307000e-01    1.431366e+03    9.042209e+02
    9.331750e-01    1.437584e+03    9.094367e+02
    9.356500e-01    1.443816e+03    9.146659e+02
    9.381250e-01    1.450062e+03    9.199085e+02
    9.406000e-01    1.456321e+03    9.251644e+02
    9.430750e-01    1.462594e+03    9.304337e+02
    9.455500e-01    1.468881e+03    9.357163e+02
    9.480250e-01    1.475182e+03    9.410123e+02
    9.505000e-01    1.481497e+03    9.463216e+02
    9.529750e-01    1.487826e+03    9.516444e+02
    9.554500e-01    1.494168e+03    9.569804e+02
    9.579250e-01    1.500525e+03    9.623298e+02
    9.604000e-01    1.506895e+03    9.676926e+02
    9.628750e-01    1.513279e+03    9.730687e+02
    9.653500e-01    1.519677e+03    9.784581e+02
    9.678250e-01    1.526088e+03    9.838609e+02
    9.703000e-01    1.532514e+03    9.892770e+02
    9.727750e-01    1.538953e+03    9.947065e+02
    9.752500e-01    1.545406e+03    1.000149e+03
    9.777250e-01    1.551873e+03    1.005605e+03
    9.802000e-01    1.558354e+03    1.011075e+03
    9.826750e-01    1.564849e+03    1.016558e+03
    9.851500e-01    1.571357e+03    1.022054e+03
    9.876250e-01    1.577879e+03    1.027563e+03
    9.901000e-01    1.584416e+03    1.033086e+03
    9.925750e-01    1.590966e+03    1.038622e+03
    9.950500e-01    1.597529e+03    1.044171e+03
    9.975250e-01    1.604107e+03    1.049734e+03
    1.000000e+00    1.610698e+03    1.055310e+03
