    1.000000e-07    9.306242e-05    2.141709e-08
    1.023293e-07    9.523063e-05    2.209591e-08
    1.047129e-07    9.744936e-05    2.279225e-08
    1.071519e-07    9.971978e-05    2.351531e-08
    1.096478e-07    1.020431e-04    2.425593e-08
    1.122018e-07    1.044206e-04    2.502496e-08
    1.148154e-07    1.068534e-04    2.581266e-08
    1.174898e-07    1.093430e-04    2.662809e-08
    1.202264e-07    1.118905e-04    2.746833e-08
    1.230269e-07    1.144975e-04    2.833556e-08
    1.258925e-07    1.171651e-04    2.922645e-08
    1.288250e-07    1.198949e-04    3.014790e-08
    1.318257e-07    1.226884e-04    3.109894e-08
    1.348963e-07    1.255469e-04    3.207590e-08
    1.380384e-07    1.284720e-04    3.308721e-08
    1.412538e-07    1.314653e-04    3.412608e-08
    1.445440e-07    1.345283e-04    3.520147e-08
    1.479108e-07    1.376627e-04    3.630953e-08
    1.513561e-07    1.408701e-04    3.745313e-08
    1.548817e-07    1.441523e-04    3.862787e-08
    1.584893e-07    1.475110e-04    3.983914e-08
    1.621810e-07    1.509479e-04    4.109297e-08
    1.659587e-07    1.544649e-04    4.238092e-08
    1.698244e-07    1.580638e-04    4.371409e-08
    1.737801e-07    1.617466e-04    4.508353e-08
    1.778279e-07    1.655153e-04    4.649554e-08
    1.819701e-07    1.693717e-04    4.795711e-08
    1.862087e-07    1.733180e-04    4.945842e-08
    1.905461e-07    1.773563e-04    5.101243e-08
    1.949845e-07    1.814887e-04    5.260621e-08
    1.995262e-07    1.857173e-04    5.424942e-08
    2.041738e-07    1.900445e-04    5.595282e-08
    2.089296e-07    1.944725e-04    5.770250e-08
    2.137962e-07    1.990038e-04    5.950650e-08
    2.187762e-07    2.036406e-04    6.136805e-08
    2.238721e-07    2.083854e-04    6.328584e-08
    2.290868e-07    2.132408e-04    6.526316e-08
    2.344229e-07    2.182094e-04    6.730352e-08
    2.398833e-07    2.232937e-04    6.940552e-08
    2.454709e-07    2.284966e-04    7.157273e-08
    2.511886e-07    2.338206e-04    7.380902e-08
    2.570396e-07    2.392687e-04    7.611283e-08
    2.630268e-07    2.448438e-04    7.848809e-08
    2.691535e-07    2.505488e-04    8.093904e-08
    2.754229e-07    2.563868e-04    8.345617e-08
    2.818383e-07    2.623608e-04    8.605914e-08
    2.884032e-07    2.684740e-04    8.873866e-08
    2.951209e-07    2.747296e-04    9.151186e-08
    3.019952e-07    2.811311e-04    9.435572e-08
    3.090295e-07    2.876817e-04    9.729654e-08
    3.162278e-07    2.943850e-04    1.003191e-07
    3.235937e-07    3.012445e-04    1.034473e-07
    3.311311e-07    3.082638e-04    1.066598e-07
    3.388442e-07    3.154467e-04    1.099819e-07
    3.467369e-07    3.227970e-04    1.133962e-07
    3.548134e-07    3.303186e-04    1.169298e-07
    3.630781e-07    3.380155e-04    1.205586e-07
    3.715352e-07    3.458917e-04    1.242995e-07
    3.801894e-07    3.539515e-04    1.281678e-07
    3.890451e-07    3.621991e-04    1.321592e-07
    3.981072e-07    3.706390e-04    1.362581e-07
    4.073803e-07    3.792755e-04    1.404835e-07
    4.168694e-07    3.881133e-04    1.448393e-07
    4.265795e-07    3.971570e-04    1.493294e-07
    4.365158e-07    4.064115e-04    1.539581e-07
    4.466836e-07    4.158817e-04    1.587335e-07
    4.570882e-07    4.255726e-04    1.636522e-07
    4.677351e-07    4.354893e-04    1.687227e-07
    4.786301e-07    4.456372e-04    1.739495e-07
    4.897788e-07    4.560215e-04    1.793376e-07
    5.011872e-07    4.666478e-04    1.848917e-07
    5.128614e-07    4.775218e-04    1.905993e-07
    5.248075e-07    4.886493e-04    1.965006e-07
    5.370318e-07    5.000360e-04    2.026079e-07
    5.495409e-07    5.116882e-04    2.088599e-07
    5.623413e-07    5.236118e-04    2.153241e-07
    5.754399e-07    5.358134e-04    2.219668e-07
    5.888437e-07    5.482994e-04    2.288350e-07
    6.025596e-07    5.610763e-04    2.359148e-07
    6.165950e-07    5.741511e-04    2.431900e-07
    6.309573e-07    5.875305e-04    2.506886e-07
    6.456542e-07    6.012218e-04    2.584418e-07
    6.606934e-07    6.152322e-04    2.664088e-07
    6.760830e-07    6.295691e-04    2.746463e-07
    6.918310e-07    6.442401e-04    2.831109e-07
    7.079458e-07    6.592531e-04    2.918351e-07
    7.244360e-07    6.746160e-04    3.008274e-07
    7.413102e-07    6.903369e-04    3.101250e-07
    7.585776e-07    7.064243e-04    3.196788e-07
    7.762471e-07    7.228866e-04    3.295258e-07
    7.943282e-07    7.397326e-04    3.396751e-07
    8.128305e-07    7.569712e-04    3.501359e-07
    8.317638e-07    7.746116e-04    3.609177e-07
    8.511380e-07    7.926632e-04    3.720304e-07
    8.709636e-07    8.111355e-04    3.834841e-07
    8.912509e-07    8.300383e-04    3.952893e-07
    9.120108e-07    8.493818e-04    4.074566e-07
    9.332543e-07    8.691760e-04    4.199973e-07
    9.549926e-07    8.894317e-04    4.328817e-07
    9.772372e-07    9.101595e-04    4.461706e-07
    1.000000e-06    9.313704e-04    4.598771e-07
    1.023293e-06    9.530756e-04    4.740258e-07
    1.047129e-06    9.752869e-04    4.886085e-07
    1.071519e-06    9.980158e-04    5.035907e-07
    1.096478e-06    1.021274e-03    5.190801e-07
    1.122018e-06    1.045075e-03    5.349938e-07
    1.148154e-06    1.069431e-03    5.513809e-07
    1.174898e-06    1.094354e-03    5.682819e-07
    1.202264e-06    1.119858e-03    5.857550e-07
    1.230269e-06    1.145957e-03    6.037057e-07
    1.258925e-06    1.172664e-03    6.222059e-07
    1.288250e-06    1.199994e-03    6.412561e-07
    1.318257e-06    1.227960e-03    6.609037e-07
    1.348963e-06    1.256579e-03    6.811516e-07
    1.380384e-06    1.285865e-03    7.020849e-07
    1.412538e-06    1.315833e-03    7.235051e-07
    1.445440e-06    1.346500e-03    7.456656e-07
    1.479108e-06    1.377881e-03    7.685031e-07
    1.513561e-06    1.409994e-03    7.920382e-07
    1.548817e-06    1.442856e-03    8.161953e-07
    1.584893e-06    1.476484e-03    8.411872e-07
    1.621810e-06    1.510896e-03    8.669424e-07
    1.659587e-06    1.546109e-03    8.933780e-07
    1.698244e-06    1.582144e-03    9.207273e-07
    1.737801e-06    1.619019e-03    9.488211e-07
    1.778279e-06    1.656753e-03    9.777471e-07
    1.819701e-06    1.695367e-03    1.007673e-06
    1.862087e-06    1.734881e-03    1.038389e-06
    1.905461e-06    1.775316e-03    1.070062e-06
    1.949845e-06    1.816694e-03    1.102806e-06
    1.995262e-06    1.859036e-03    1.136306e-06
    2.041738e-06    1.902365e-03    1.171073e-06
    2.089296e-06    1.946705e-03    1.206642e-06
    2.137962e-06    1.992078e-03    1.243556e-06
    2.187762e-06    2.038509e-03    1.281321e-06
    2.238721e-06    2.086022e-03    1.320388e-06
    2.290868e-06    2.134643e-03    1.360612e-06
    2.344229e-06    2.184398e-03    1.402091e-06
    2.398833e-06    2.235312e-03    1.444659e-06
    2.454709e-06    2.287413e-03    1.488695e-06
    2.511886e-06    2.340729e-03    1.533887e-06
    2.570396e-06    2.395288e-03    1.580637e-06
    2.630268e-06    2.451119e-03    1.628614e-06
    2.691535e-06    2.508251e-03    1.678203e-06
    2.754229e-06    2.566716e-03    1.729175e-06
    2.818383e-06    2.626543e-03    1.781651e-06
    2.884032e-06    2.687766e-03    1.835936e-06
    2.951209e-06    2.750415e-03    1.891645e-06
    3.019952e-06    2.814525e-03    1.949042e-06
    3.090295e-06    2.880130e-03    2.008222e-06
    3.162278e-06    2.947265e-03    2.069149e-06
    3.235937e-06    3.015964e-03    2.131714e-06
    3.311311e-06    3.086265e-03    2.196379e-06
    3.388442e-06    3.158206e-03    2.263055e-06
    3.467369e-06    3.231823e-03    2.331697e-06
    3.548134e-06    3.307157e-03    2.402179e-06
    3.630781e-06    3.384248e-03    2.475033e-06
    3.715352e-06    3.463136e-03    2.550151e-06
    3.801894e-06    3.543863e-03    2.627229e-06
    3.890451e-06    3.626472e-03    2.706631e-06
    3.981072e-06    3.711008e-03    2.788429e-06
    4.073803e-06    3.797514e-03    2.872835e-06
    4.168694e-06    3.886038e-03    2.959791e-06
    4.265795e-06    3.976625e-03    3.049294e-06
    4.365158e-06    4.069325e-03    3.141428e-06
    4.466836e-06    4.164186e-03    3.236334e-06
    4.570882e-06    4.261259e-03    3.334108e-06
    4.677351e-06    4.360595e-03    3.434831e-06
    4.786301e-06    4.462248e-03    3.538245e-06
    4.897788e-06    4.566271e-03    3.645124e-06
    5.011872e-06    4.672719e-03    3.755226e-06
    5.128614e-06    4.781650e-03    3.868267e-06
    5.248075e-06    4.893121e-03    3.985097e-06
    5.370318e-06    5.007190e-03    4.105045e-06
    5.495409e-06    5.123920e-03    4.228796e-06
    5.623413e-06    5.243371e-03    4.356281e-06
    5.754399e-06    5.365608e-03    4.487380e-06
    5.888437e-06    5.490696e-03    4.622418e-06
    6.025596e-06    5.618700e-03    4.761407e-06
    6.165950e-06    5.749689e-03    4.904676e-06
    6.309573e-06    5.883733e-03    5.052248e-06
    6.456542e-06    6.020902e-03    5.204253e-06
    6.606934e-06    6.161270e-03    5.360811e-06
    6.760830e-06    6.304911e-03    5.521413e-06
    6.918310e-06    6.451902e-03    5.686943e-06
    7.079458e-06    6.602321e-03    5.858008e-06
    7.244360e-06    6.756248e-03    6.034211e-06
    7.413102e-06    6.913764e-03    6.214949e-06
    7.585776e-06    7.074953e-03    6.401231e-06
    7.762471e-06    7.239902e-03    6.593727e-06
    7.943282e-06    7.408697e-03    6.790515e-06
    8.128305e-06    7.581428e-03    6.994715e-06
    8.317638e-06    7.758188e-03    7.204325e-06
    8.511380e-06    7.939070e-03    7.419301e-06
    8.709636e-06    8.124170e-03    7.641611e-06
    8.912509e-06    8.313588e-03    7.870398e-06
    9.120108e-06    8.507422e-03    8.106178e-06
    9.332543e-06    8.705778e-03    8.348012e-06
    9.549926e-06    8.908759e-03    8.598097e-06
    9.772372e-06    9.116474e-03    8.854578e-06
    1.000000e-05    9.329034e-03    9.119811e-06
    1.023293e-05    9.546551e-03    9.391798e-06
    1.047129e-05    9.769141e-03    9.671422e-06
    1.071519e-05    9.996923e-03    9.960575e-06
    1.096478e-05    1.023002e-02    1.025762e-05
    1.122018e-05    1.046855e-02    1.056243e-05
    1.148154e-05    1.071264e-02    1.087872e-05
    1.174898e-05    1.096243e-02    1.120193e-05
    1.202264e-05    1.121804e-02    1.153591e-05
    1.230269e-05    1.147962e-02    1.187864e-05
    1.258925e-05    1.174729e-02    1.223302e-05
    1.288250e-05    1.202121e-02    1.259641e-05
    1.318257e-05    1.230152e-02    1.297186e-05
    1.348963e-05    1.258837e-02    1.335715e-05
    1.380384e-05    1.288190e-02    1.375386e-05
    1.412538e-05    1.318229e-02    1.416233e-05
    1.445440e-05    1.348968e-02    1.458291e-05
    1.479108e-05    1.380424e-02    1.501514e-05
    1.513561e-05    1.412614e-02    1.546019e-05
    1.548817e-05    1.445554e-02    1.591923e-05
    1.584893e-05    1.479263e-02    1.639187e-05
    1.621810e-05    1.513759e-02    1.687672e-05
    1.659587e-05    1.549058e-02    1.737683e-05
    1.698244e-05    1.585182e-02    1.789174e-05
    1.737801e-05    1.622148e-02    1.842091e-05
    1.778279e-05    1.659976e-02    1.896563e-05
    1.819701e-05    1.698687e-02    1.952751e-05
    1.862087e-05    1.738301e-02    2.010349e-05
    1.905461e-05    1.778838e-02    2.069793e-05
    1.949845e-05    1.820322e-02    2.130983e-05
    1.995262e-05    1.862773e-02    2.193712e-05
    2.041738e-05    1.906215e-02    2.258564e-05
    2.089296e-05    1.950670e-02    2.325330e-05
    2.137962e-05    1.996162e-02    2.393757e-05
    2.187762e-05    2.042715e-02    2.464252e-05
    2.238721e-05    2.090354e-02    2.536766e-05
    2.290868e-05    2.139105e-02    2.611453e-05
    2.344229e-05    2.188993e-02    2.688287e-05
    2.398833e-05    2.240045e-02    2.767434e-05
    2.454709e-05    2.292288e-02    2.848846e-05
    2.511886e-05    2.345750e-02    2.932327e-05
    2.570396e-05    2.400459e-02    3.018639e-05
    2.630268e-05    2.456444e-02    3.107095e-05
    2.691535e-05    2.513736e-02    3.198459e-05
    2.754229e-05    2.572364e-02    3.292236e-05
    2.818383e-05    2.632360e-02    3.388686e-05
    2.884032e-05    2.693756e-02    3.487939e-05
    2.951209e-05    2.756584e-02    3.590106e-05
    3.019952e-05    2.820878e-02    3.695257e-05
    3.090295e-05    2.886672e-02    3.803462e-05
    3.162278e-05    2.954002e-02    3.914427e-05
    3.235937e-05    3.022902e-02    4.029049e-05
    3.311311e-05    3.093410e-02    4.146557e-05
    3.388442e-05    3.165563e-02    4.267956e-05
    3.467369e-05    3.239400e-02    4.392408e-05
    3.548134e-05    3.314959e-02    4.520499e-05
    3.630781e-05    3.392281e-02    4.652313e-05
    3.715352e-05    3.471408e-02    4.787936e-05
    3.801894e-05    3.552381e-02    4.927523e-05
    3.890451e-05    3.635243e-02    5.070520e-05
    3.981072e-05    3.720039e-02    5.218292e-05
    4.073803e-05    3.806814e-02    5.370384e-05
    4.168694e-05    3.895613e-02    5.526159e-05
    4.265795e-05    3.986484e-02    5.686576e-05
    4.365158e-05    4.079476e-02    5.851488e-05
    4.466836e-05    4.174638e-02    6.021642e-05
    4.570882e-05    4.272021e-02    6.195931e-05
    4.677351e-05    4.371676e-02    6.375684e-05
    4.786301e-05    4.473656e-02    6.560539e-05
    4.897788e-05    4.578017e-02    6.749959e-05
    5.011872e-05    4.684812e-02    6.945760e-05
    5.128614e-05    4.794100e-02    7.146257e-05
    5.248075e-05    4.905939e-02    7.353368e-05
    5.370318e-05    5.020387e-02    7.565583e-05
    5.495409e-05    5.137506e-02    7.783941e-05
    5.623413e-05    5.257359e-02    8.007643e-05
    5.754399e-05    5.380008e-02    8.238705e-05
    5.888437e-05    5.505520e-02    8.476358e-05
    6.025596e-05    5.633961e-02    8.720888e-05
    6.165950e-05    5.765399e-02    8.971392e-05
    6.309573e-05    5.899905e-02    9.229112e-05
    6.456542e-05    6.037551e-02    9.495205e-05
    6.606934e-05    6.178408e-02    9.767843e-05
    6.760830e-05    6.322553e-02    1.004815e-04
    6.918310e-05    6.470063e-02    1.033659e-04
    7.079458e-05    6.621015e-02    1.063273e-04
    7.244360e-05    6.775490e-02    1.093705e-04
    7.413102e-05    6.933571e-02    1.125088e-04
    7.585776e-05    7.095342e-02    1.157222e-04
    7.762471e-05    7.260888e-02    1.190283e-04
    7.943282e-05    7.430298e-02    1.224269e-04
    8.128305e-05    7.603662e-02    1.259212e-04
    8.317638e-05    7.781072e-02    1.295171e-04
    8.511380e-05    7.962624e-02    1.332136e-04
    8.709636e-05    8.148413e-02    1.370140e-04
    8.912509e-05    8.338539e-02    1.409062e-04
    9.120108e-05    8.533103e-02    1.449259e-04
    9.332543e-05    8.732208e-02    1.490415e-04
    9.549926e-05    8.935960e-02    1.532732e-04
    9.772372e-05    9.144469e-02    1.576255e-04
    1.000000e-04    9.357845e-02    1.620994e-04
    1.023293e-04    9.576202e-02    1.666996e-04
    1.047129e-04    9.799655e-02    1.714295e-04
    1.071519e-04    1.002833e-01    1.762704e-04
    1.096478e-04    1.026233e-01    1.812701e-04
    1.122018e-04    1.050180e-01    1.863856e-04
    1.148154e-04    1.074686e-01    1.916704e-04
    1.174898e-04    1.099764e-01    1.970809e-04
    1.202264e-04    1.125428e-01    2.026411e-04
    1.230269e-04    1.151691e-01    2.083308e-04
    1.258925e-04    1.178566e-01    2.142082e-04
    1.288250e-04    1.206070e-01    2.202464e-04
    1.318257e-04    1.234215e-01    2.264267e-04
    1.348963e-04    1.263017e-01    2.328067e-04
    1.380384e-04    1.292492e-01    2.393367e-04
    1.412538e-04    1.322654e-01    2.460506e-04
    1.445440e-04    1.353521e-01    2.529491e-04
    1.479108e-04    1.385109e-01    2.600396e-04
    1.513561e-04    1.417434e-01    2.673111e-04
    1.548817e-04    1.450514e-01    2.747796e-04
    1.584893e-04    1.484366e-01    2.824427e-04
    1.621810e-04    1.519008e-01    2.903529e-04
    1.659587e-04    1.554459e-01    2.984414e-04
    1.698244e-04    1.590738e-01    3.067585e-04
    1.737801e-04    1.627864e-01    3.153000e-04
    1.778279e-04    1.665856e-01    3.240826e-04
    1.819701e-04    1.704736e-01    3.331021e-04
    1.862087e-04    1.744523e-01    3.423283e-04
    1.905461e-04    1.785240e-01    3.518508e-04
    1.949845e-04    1.826907e-01    3.615911e-04
    1.995262e-04    1.869547e-01    3.715946e-04
    2.041738e-04    1.913182e-01    3.818759e-04
    2.089296e-04    1.957837e-01    3.924388e-04
    2.137962e-04    2.003534e-01    4.032908e-04
    2.187762e-04    2.050298e-01    4.144399e-04
    2.238721e-04    2.098154e-01    4.258337e-04
    2.290868e-04    2.147127e-01    4.375946e-04
    2.344229e-04    2.197188e-01    4.459116e-04
    2.398833e-04    2.248473e-01    4.581269e-04
    2.454709e-04    2.300956e-01    4.706668e-04
    2.511886e-04    2.354663e-01    4.835435e-04
    2.570396e-04    2.409625e-01    4.967780e-04
    2.630268e-04    2.465871e-01    5.103596e-04
    2.691535e-04    2.523430e-01    5.242421e-04
    2.754229e-04    2.582332e-01    5.384968e-04
    2.818383e-04    2.642610e-01    5.532030e-04
    2.884032e-04    2.704292e-01    5.441073e-04
    2.951209e-04    2.767415e-01    5.508191e-04
    3.019952e-04    2.832010e-01    5.570962e-04
    3.090295e-04    2.898111e-01    5.634210e-04
    3.162278e-04    2.965753e-01    5.698625e-04
    3.235937e-04    3.034972e-01    5.763660e-04
    3.311311e-04    3.105805e-01    5.830019e-04
    3.388442e-04    3.178290e-01    5.897405e-04
    3.467369e-04    3.252465e-01    5.965861e-04
    3.548134e-04    3.328369e-01    6.031377e-04
    3.630781e-04    3.406043e-01    6.102928e-04
    3.715352e-04    3.485527e-01    6.175963e-04
    3.801894e-04    3.566865e-01    6.246030e-04
    3.890451e-04    3.650100e-01    6.322406e-04
    3.981072e-04    3.735275e-01    6.400882e-04
    4.073803e-04    3.822436e-01    6.475878e-04
    4.168694e-04    3.911628e-01    6.558115e-04
    4.265795e-04    4.002901e-01    6.642632e-04
    4.365158e-04    4.096301e-01    6.727714e-04
    4.466836e-04    4.191880e-01    6.812750e-04
    4.570882e-04    4.289686e-01    6.903634e-04
    4.677351e-04    4.389773e-01    6.997265e-04
    4.786301e-04    4.492194e-01    7.093219e-04
    4.897788e-04    4.597002e-01    7.192190e-04
    5.011872e-04    4.704254e-01    7.293449e-04
    5.128614e-04    4.814007e-01    7.398010e-04
    5.248075e-04    4.926319e-01    7.510095e-04
    5.370318e-04    5.041249e-01    7.621225e-04
    5.495409e-04    5.158860e-01    7.735208e-04
    5.623413e-04    5.279212e-01    7.857713e-04
    5.754399e-04    5.402371e-01    7.978639e-04
    5.888437e-04    5.528401e-01    8.108278e-04
    6.025596e-04    5.657371e-01    8.236724e-04
    6.165950e-04    5.789347e-01    8.374135e-04
    6.309573e-04    5.924401e-01    8.515933e-04
    6.456542e-04    6.062604e-01    8.661961e-04
    6.606934e-04    6.204029e-01    8.812412e-04
    6.760830e-04    6.348753e-01    8.967490e-04
    6.918310e-04    6.496851e-01    9.127792e-04
    7.079458e-04    6.648403e-01    9.292775e-04
    7.244360e-04    6.803489e-01    9.463451e-04
    7.413102e-04    6.962191e-01    9.644556e-04
    7.585776e-04    7.124594e-01    9.826245e-04
    7.762471e-04    7.290785e-01    1.001903e-03
    7.943282e-04    7.460851e-01    1.021766e-03
    8.128305e-04    7.634883e-01    1.042304e-03
    8.317638e-04    7.812974e-01    1.063554e-03
    8.511380e-04    7.995218e-01    1.085390e-03
    8.709636e-04    8.181712e-01    1.107996e-03
    8.912509e-04    8.372556e-01    1.131329e-03
    9.120108e-04    8.567851e-01    1.155986e-03
    9.332543e-04    8.767700e-01    1.180924e-03
    9.549926e-04    8.972211e-01    1.207222e-03
    9.772372e-04    9.181491e-01    1.234397e-03
    1.000000e-03    9.395653e-01    1.262427e-03
    1.023293e-03    9.614810e-01    1.291450e-03
    1.047129e-03    9.839079e-01    1.321456e-03
    1.071519e-03    1.006858e+00    1.352467e-03
    1.096478e-03    1.030343e+00    1.385028e-03
    1.122018e-03    1.054376e+00    1.418156e-03
    1.148154e-03    1.078970e+00    1.452993e-03
    1.174898e-03    1.104137e+00    1.488969e-03
    1.202264e-03    1.129892e+00    1.526190e-03
    1.230269e-03    1.156247e+00    1.564648e-03
    1.258925e-03    1.183217e+00    1.604452e-03
    1.288250e-03    1.210816e+00    1.646176e-03
    1.318257e-03    1.239059e+00    1.689277e-03
    1.348963e-03    1.267961e+00    1.733375e-03
    1.380384e-03    1.297538e+00    1.779489e-03
    1.412538e-03    1.327804e+00    1.827713e-03
    1.445440e-03    1.358776e+00    1.877145e-03
    1.479108e-03    1.390471e+00    1.928243e-03
    1.513561e-03    1.422906e+00    1.981612e-03
    1.548817e-03    1.456097e+00    2.036877e-03
    1.584893e-03    1.490063e+00    2.094008e-03
    1.621810e-03    1.524821e+00    2.153185e-03
    1.659587e-03    1.560390e+00    2.214452e-03
    1.698244e-03    1.596790e+00    2.278287e-03
    1.737801e-03    1.634038e+00    2.344347e-03
    1.778279e-03    1.672156e+00    2.412755e-03
    1.819701e-03    1.711163e+00    2.483565e-03
    1.862087e-03    1.751081e+00    2.556832e-03
    1.905461e-03    1.791930e+00    2.633167e-03
    1.949845e-03    1.833732e+00    2.711605e-03
    1.995262e-03    1.876510e+00    2.793266e-03
    2.041738e-03    1.920287e+00    2.878510e-03
    2.089296e-03    1.965085e+00    2.966174e-03
    2.137962e-03    2.010928e+00    3.057197e-03
    2.187762e-03    2.057842e+00    3.151282e-03
    2.238721e-03    2.105851e+00    3.248962e-03
    2.290868e-03    2.154980e+00    3.350434e-03
    2.344229e-03    2.205256e+00    3.455151e-03
    2.398833e-03    2.256705e+00    3.563959e-03
    2.454709e-03    2.309356e+00    3.676536e-03
    2.511886e-03    2.363235e+00    3.793112e-03
    2.570396e-03    2.418373e+00    3.914096e-03
    2.630268e-03    2.474797e+00    4.039163e-03
    2.691535e-03    2.532539e+00    4.168852e-03
    2.754229e-03    2.591629e+00    4.303157e-03
    2.818383e-03    2.652098e+00    4.442462e-03
    2.884032e-03    2.713979e+00    4.586469e-03
    2.951209e-03    2.777305e+00    4.735726e-03
    3.019952e-03    2.842110e+00    4.890074e-03
    3.090295e-03    2.908428e+00    5.050484e-03
    3.162278e-03    2.976294e+00    5.216263e-03
    3.235937e-03    3.045745e+00    5.387843e-03
    3.311311e-03    3.116818e+00    5.565527e-03
    3.388442e-03    3.189551e+00    5.749869e-03
    3.467369e-03    3.263982e+00    5.939971e-03
    3.548134e-03    3.340151e+00    6.137311e-03
    3.630781e-03    3.418099e+00    6.341125e-03
    3.715352e-03    3.497868e+00    6.552204e-03
    3.801894e-03    3.579499e+00    6.770645e-03
    3.890451e-03    3.663038e+00    6.996868e-03
    5.262971e-03    4.957987e+00    7.108972e-03
    5.385940e-03    5.073999e+00    7.351121e-03
    5.511792e-03    5.192737e+00    7.601099e-03
    5.640595e-03    5.314265e+00    7.859136e-03
    5.772420e-03    5.438650e+00    8.125471e-03
    5.907337e-03    5.565959e+00    8.400347e-03
    6.045419e-03    5.696261e+00    8.684014e-03
    6.186742e-03    5.829627e+00    8.976727e-03
    6.331381e-03    5.966131e+00    9.278747e-03
    6.479416e-03    6.105847e+00    9.590344e-03
    6.630926e-03    6.248850e+00    9.911790e-03
    6.785996e-03    6.395219e+00    1.024337e-02
    6.944707e-03    6.545034e+00    1.058536e-02
    7.107146e-03    6.698377e+00    1.093807e-02
    7.273403e-03    6.855331e+00    1.130179e-02
    7.443566e-03    7.015983e+00    1.167683e-02
    7.617730e-03    7.180420e+00    1.206350e-02
    7.795989e-03    7.348732e+00    1.246214e-02
    7.978439e-03    7.521013e+00    1.287305e-02
    8.165182e-03    7.697355e+00    1.329658e-02
    8.356319e-03    7.877856e+00    1.373308e-02
    8.551952e-03    8.062616e+00    1.418288e-02
    8.752192e-03    8.251735e+00    1.464636e-02
    8.957145e-03    8.445317e+00    1.512386e-02
    9.166925e-03    8.643470e+00    1.561579e-02
    9.381646e-03    8.846302e+00    1.612249e-02
    9.601426e-03    9.053924e+00    1.664436e-02
    9.826386e-03    9.266451e+00    1.718180e-02
    1.005665e-02    9.484002e+00    1.773522e-02
    1.029234e-02    9.706695e+00    1.830502e-02
    1.053359e-02    9.934653e+00    1.889163e-02
    1.078053e-02    1.016801e+01    1.949548e-02
    1.103330e-02    1.040687e+01    2.011699e-02
    1.129203e-02    1.065140e+01    2.075663e-02
    1.155688e-02    1.090171e+01    2.141484e-02
    1.182797e-02    1.115794e+01    2.209207e-02
    1.210547e-02    1.142025e+01    2.278883e-02
    1.238953e-02    1.168877e+01    2.350557e-02
    1.268029e-02    1.196366e+01    2.424280e-02
    1.297795e-02    1.224506e+01    2.500102e-02
    1.328263e-02    1.253314e+01    2.578074e-02
    1.359452e-02    1.282804e+01    2.658250e-02
    1.391379e-02    1.312994e+01    2.740681e-02
    1.424062e-02    1.343901e+01    2.825425e-02
    1.457518e-02    1.375541e+01    2.912538e-02
    1.491766e-02    1.407934e+01    3.002075e-02
    1.526827e-02    1.441095e+01    3.094097e-02
    1.562718e-02    1.475045e+01    3.188665e-02
    1.599459e-02    1.509801e+01    3.285839e-02
    1.637072e-02    1.545384e+01    3.385686e-02
    1.675577e-02    1.581812e+01    3.488269e-02
    1.714995e-02    1.619109e+01    3.593658e-02
    1.755349e-02    1.657292e+01    3.701922e-02
    1.796660e-02    1.696385e+01    3.813133e-02
    1.838953e-02    1.736407e+01    3.927367e-02
    1.882250e-02    1.777383e+01    4.044702e-02
    1.926576e-02    1.819337e+01    4.165217e-02
    1.971955e-02    1.862289e+01    4.288996e-02
    2.018412e-02    1.906266e+01    4.416128e-02
    2.065975e-02    1.951292e+01    4.546704e-02
    2.114669e-02    1.997392e+01    4.680819e-02
    2.164521e-02    2.044591e+01    4.818575e-02
    2.215561e-02    2.092918e+01    4.960076e-02
    2.267814e-02    2.142398e+01    5.105433e-02
    2.321313e-02    2.193059e+01    5.254765e-02
    2.376085e-02    2.244931e+01    5.408196e-02
    2.432163e-02    2.298043e+01    5.565856e-02
    2.489576e-02    2.352424e+01    5.727887e-02
    2.548358e-02    2.408105e+01    5.894438e-02
    2.608543e-02    2.465118e+01    6.065668e-02
    2.670162e-02    2.523494e+01    6.241746e-02
    2.733251e-02    2.583267e+01    6.422856e-02
    2.797845e-02    2.644471e+01    6.609191e-02
    2.863980e-02    2.707140e+01    6.800963e-02
    2.931695e-02    2.771309e+01    6.998397e-02
    3.001025e-02    2.837015e+01    7.201737e-02
    3.072012e-02    2.904295e+01    7.411247e-02
    3.144694e-02    2.973186e+01    7.627208e-02
    3.219112e-02    3.043729e+01    7.849931e-02
    3.295308e-02    3.115962e+01    8.079746e-02
    3.373324e-02    3.189926e+01    8.317016e-02
    3.453206e-02    3.265665e+01    8.562133e-02
    3.534997e-02    3.343219e+01    8.815520e-02
    3.618742e-02    3.422633e+01    9.077641e-02
    3.704490e-02    3.503952e+01    9.348996e-02
    3.792286e-02    3.587222e+01    9.630134e-02
    3.882184e-02    3.672489e+01    9.921649e-02
    3.974230e-02    3.759802e+01    1.022419e-01
    4.068478e-02    3.849212e+01    1.053846e-01
    4.164980e-02    3.940765e+01    1.086522e-01
    4.263789e-02    4.034518e+01    1.120532e-01
    4.364961e-02    4.130519e+01    1.155966e-01
    4.468552e-02    4.228826e+01    1.192924e-01
    4.574621e-02    4.329492e+01    1.231514e-01
    4.683227e-02    4.432575e+01    1.271853e-01
    4.794428e-02    4.538132e+01    1.314070e-01
    4.908290e-02    4.646224e+01    1.358305e-01
    5.024872e-02    4.756910e+01    1.404711e-01
    5.144241e-02    4.870254e+01    1.453454e-01
    5.266465e-02    4.986318e+01    1.504713e-01
    5.391608e-02    5.105167e+01    1.558686e-01
    5.519741e-02    5.226870e+01    1.615587e-01
    5.650934e-02    5.351494e+01    1.675649e-01
    5.785261e-02    5.479109e+01    1.739127e-01
    5.922795e-02    5.609786e+01    1.806295e-01
    6.063613e-02    5.743599e+01    1.877453e-01
    6.207790e-02    5.880623e+01    1.952929e-01
    6.355407e-02    6.020934e+01    2.033076e-01
    6.506544e-02    6.164611e+01    2.118280e-01
    6.661285e-02    6.311734e+01    2.208959e-01
    6.819714e-02    6.462386e+01    2.305567e-01
    6.981917e-02    6.616650e+01    2.408599e-01
    7.147982e-02    6.774612e+01    2.518589e-01
    7.318000e-02    6.936362e+01    2.636119e-01
    7.492063e-02    7.101989e+01    2.761818e-01
    7.670264e-02    7.271587e+01    2.896370e-01
    7.852702e-02    7.445247e+01    3.040515e-01
    8.039473e-02    7.623069e+01    3.195055e-01
    8.230680e-02    7.805151e+01    3.360861e-01
    8.426423e-02    7.991595e+01    3.538873e-01
    8.626810e-02    8.182504e+01    3.730111e-01
    8.831944e-02    8.377986e+01    3.935677e-01
    9.041939e-02    8.578149e+01    4.156764e-01
    9.256905e-02    8.783104e+01    4.394664e-01
    9.476956e-02    8.992966e+01    4.650772e-01
    9.702209e-02    9.207854e+01    4.926597e-01
    9.932783e-02    9.427884e+01    5.223768e-01
    1.016880e-01    9.653184e+01    5.544049e-01
    1.041039e-01    9.883876e+01    5.889341e-01
    1.065767e-01    1.012009e+02    6.261698e-01
    1.078348e-01    1.024031e+02    6.458712e-01
    1.091077e-01    1.036196e+02    6.663337e-01
    1.103955e-01    1.048506e+02    6.875878e-01
    1.116983e-01    1.060962e+02    7.096652e-01
    1.130164e-01    1.073568e+02    7.325987e-01
    1.143498e-01    1.086322e+02    7.564224e-01
    1.156989e-01    1.099229e+02    7.811718e-01
    1.170636e-01    1.112289e+02    8.068837e-01
    1.184444e-01    1.125505e+02    8.335964e-01
    1.198413e-01    1.138878e+02    8.613496e-01
    1.212544e-01    1.152410e+02    8.901843e-01
    1.226842e-01    1.166106e+02    9.201362e-01
    1.241356e-01    1.180013e+02    9.510526e-01
    1.256074e-01    1.194118e+02    9.830538e-01
    1.270986e-01    1.208413e+02    1.016238e+00
    1.286090e-01    1.222896e+02    1.050676e+00
    1.301385e-01    1.237566e+02    1.086435e+00
    1.316870e-01    1.252424e+02    1.123578e+00
    1.332548e-01    1.267471e+02    1.162170e+00
    1.348420e-01    1.282708e+02    1.202276e+00
    1.364486e-01    1.298137e+02    1.243963e+00
    1.380748e-01    1.313759e+02    1.287300e+00
    1.397206e-01    1.329575e+02    1.332357e+00
    1.413865e-01    1.345590e+02    1.379207e+00
    1.430724e-01    1.361802e+02    1.427924e+00
    1.447786e-01    1.378215e+02    1.478587e+00
    1.465053e-01    1.394832e+02    1.531275e+00
    1.482527e-01    1.411653e+02    1.586072e+00
    1.500208e-01    1.428682e+02    1.643064e+00
    1.518100e-01    1.445921e+02    1.702339e+00
    1.536204e-01    1.463371e+02    1.763990e+00
    1.554523e-01    1.481036e+02    1.828113e+00
    1.573060e-01    1.498917e+02    1.894806e+00
    1.591815e-01    1.517018e+02    1.964172e+00
    1.610791e-01    1.535341e+02    2.036316e+00
    1.629991e-01    1.553889e+02    2.111351e+00
    1.649416e-01    1.572663e+02    2.189388e+00
    1.669069e-01    1.591667e+02    2.270547e+00
    1.688952e-01    1.610905e+02    2.354949e+00
    1.709069e-01    1.630377e+02    2.442722e+00
    1.729421e-01    1.650088e+02    2.533998e+00
    1.750010e-01    1.670040e+02    2.628912e+00
    1.770839e-01    1.690236e+02    2.727606e+00
    1.791911e-01    1.710679e+02    2.830226e+00
    1.813227e-01    1.731373e+02    2.936923e+00
    1.834792e-01    1.752319e+02    3.047856e+00
    1.856607e-01    1.773523e+02    3.163186e+00
    1.878674e-01    1.794986e+02    3.283083e+00
    1.900998e-01    1.816712e+02    3.407721e+00
    1.923579e-01    1.838705e+02    3.537281e+00
    1.946422e-01    1.860968e+02    3.671951e+00
    1.969528e-01    1.883504e+02    3.811924e+00
    1.992901e-01    1.906316e+02    3.957404e+00
    2.016543e-01    1.929409e+02    4.108598e+00
    2.040457e-01    1.952787e+02    4.265721e+00
    2.064647e-01    1.976453e+02    4.428998e+00
    2.089115e-01    2.000410e+02    4.598662e+00
    2.113863e-01    2.024663e+02    4.774951e+00
    2.138896e-01    2.049216e+02    4.958114e+00
    2.164216e-01    2.074072e+02    5.148411e+00
    2.189827e-01    2.099237e+02    5.346107e+00
    2.215730e-01    2.124713e+02    5.551480e+00
    2.241930e-01    2.150506e+02    5.764814e+00
    2.268430e-01    2.176620e+02    5.986407e+00
    2.295233e-01    2.203059e+02    6.216567e+00
    2.322342e-01    2.229827e+02    6.455612e+00
    2.349761e-01    2.256929e+02    6.703869e+00
    2.377492e-01    2.284372e+02    6.961683e+00
    2.405539e-01    2.312158e+02    7.229405e+00
    2.433907e-01    2.340293e+02    7.507403e+00
    2.462598e-01    2.368782e+02    7.796054e+00
    2.491616e-01    2.397631e+02    8.095752e+00
    2.520964e-01    2.426844e+02    8.406904e+00
    2.550646e-01    2.456426e+02    8.729931e+00
    2.580665e-01    2.486384e+02    9.065268e+00
    2.611027e-01    2.516723e+02    9.413369e+00
    2.641733e-01    2.547448e+02    9.774700e+00
    2.672788e-01    2.578567e+02    1.014975e+01
    2.704198e-01    2.610083e+02    1.053901e+01
    2.735963e-01    2.642004e+02    1.094301e+01
    2.768089e-01    2.674338e+02    1.136228e+01
    2.800580e-01    2.707087e+02    1.179740e+01
    2.833440e-01    2.740261e+02    1.224892e+01
    2.866674e-01    2.773865e+02    1.271744e+01
    2.900284e-01    2.807907e+02    1.320359e+01
    2.934277e-01    2.842394e+02    1.370802e+01
    2.968655e-01    2.877333e+02    1.423137e+01
    3.003425e-01    2.912730e+02    1.477435e+01
    3.038588e-01    2.948594e+02    1.533767e+01
    3.074152e-01    2.984933e+02    1.592205e+01
    3.110119e-01    3.021755e+02    1.652829e+01
    3.146495e-01    3.059067e+02    1.715714e+01
    3.183285e-01    3.096878e+02    1.780945e+01
    3.220492e-01    3.135197e+02    1.848606e+01
    3.258122e-01    3.174031e+02    1.918785e+01
    3.296181e-01    3.213391e+02    1.991574e+01
    3.334672e-01    3.253286e+02    2.067066e+01
    3.373603e-01    3.293724e+02    2.145360e+01
    3.412976e-01    3.334715e+02    2.226558e+01
    3.452799e-01    3.376271e+02    2.310764e+01
    3.493074e-01    3.418401e+02    2.398087e+01
    3.533809e-01    3.461114e+02    2.488642e+01
    3.575010e-01    3.504423e+02    2.582543e+01
    3.616681e-01    3.548338e+02    2.679912e+01
    3.658828e-01    3.592870e+02    2.780876e+01
    3.701458e-01    3.638031e+02    2.885564e+01
    3.744575e-01    3.683834e+02    2.994111e+01
    3.788187e-01    3.730290e+02    3.106657e+01
    3.832298e-01    3.777412e+02    3.223347e+01
    3.876916e-01    3.825214e+02    3.344332e+01
    3.922046e-01    3.873708e+02    3.469765e+01
    3.967696e-01    3.922908e+02    3.599811e+01
    4.013871e-01    3.972830e+02    3.734634e+01
    4.060578e-01    4.023485e+02    3.874411e+01
    4.107825e-01    4.074892e+02    4.019319e+01
    4.155616e-01    4.127064e+02    4.169547e+01
    4.203962e-01    4.180017e+02    4.325286e+01
    4.252868e-01    4.233769e+02    4.486738e+01
    4.302340e-01    4.288336e+02    4.654113e+01
    4.352388e-01    4.343734e+02    4.827623e+01
    4.403017e-01    4.399983e+02    5.007493e+01
    4.454237e-01    4.457100e+02    5.193958e+01
    4.506055e-01    4.515105e+02    5.387257e+01
    4.558478e-01    4.574017e+02    5.587638e+01
    4.611516e-01    4.633856e+02    5.795364e+01
    4.665175e-01    4.694644e+02    6.010702e+01
    4.719466e-01    4.756401e+02    6.233932e+01
    4.774396e-01    4.819150e+02    6.465344e+01
    4.829974e-01    4.882914e+02    6.705238e+01
    4.886210e-01    4.947716e+02    6.953928e+01
    4.943112e-01    5.013582e+02    7.211737e+01
    5.000689e-01    5.080536e+02    7.479001e+01
    5.058953e-01    5.148602e+02    7.756072e+01
    5.117911e-01    5.217811e+02    8.043311e+01
    5.177574e-01    5.288187e+02    8.341096e+01
    5.237952e-01    5.359761e+02    8.649818e+01
    5.299057e-01    5.432562e+02    8.969884e+01
    5.360897e-01    5.506621e+02    9.301716e+01
    5.423484e-01    5.581969e+02    9.645754e+01
    5.486831e-01    5.658638e+02    1.000245e+02
    5.550945e-01    5.736664e+02    1.037229e+02
    5.615843e-01    5.816081e+02    1.075575e+02
    5.681532e-01    5.896924e+02    1.115336e+02
    5.748028e-01    5.979234e+02    1.156565e+02
    5.815340e-01    6.063047e+02    1.199315e+02
    5.883484e-01    6.148404e+02    1.243646e+02
    5.952471e-01    6.235346e+02    1.289618e+02
    6.022314e-01    6.323919e+02    1.337292e+02
    6.093028e-01    6.414164e+02    1.386733e+02
    6.164627e-01    6.506132e+02    1.438010e+02
    6.237125e-01    6.599868e+02    1.491192e+02
    6.310537e-01    6.695422e+02    1.546352e+02
    6.384877e-01    6.792848e+02    1.603566e+02
    6.460163e-01    6.892198e+02    1.662914e+02
    6.536408e-01    6.993529e+02    1.724479e+02
    6.613630e-01    7.096899e+02    1.788345e+02
    6.691845e-01    7.202368e+02    1.854604e+02
    6.771071e-01    7.309999e+02    1.923347e+02
    6.851326e-01    7.419858e+02    1.994673e+02
    6.932627e-01    7.532011e+02    2.068682e+02
    7.014995e-01    7.646530e+02    2.145482e+02
    7.098446e-01    7.763488e+02    2.225181e+02
    7.183003e-01    7.882962e+02    2.307897e+02
    7.268685e-01    8.005031e+02    2.393747e+02
    7.355512e-01    8.129777e+02    2.482858e+02
    7.443509e-01    8.257288e+02    2.575362e+02
    7.532695e-01    8.387653e+02    2.671394e+02
    7.623095e-01    8.520966e+02    2.771097e+02
    7.714732e-01    8.657325e+02    2.874622e+02
    7.807632e-01    8.796833e+02    2.982124e+02
    7.901818e-01    8.939596e+02    3.093767e+02
    7.997319e-01    9.085725e+02    3.209720e+02
    8.094161e-01    9.235337e+02    3.330164e+02
    8.192372e-01    9.388555e+02    3.455284e+02
    8.291981e-01    9.545503e+02    3.585278e+02
    8.393019e-01    9.706318e+02    3.720351e+02
    8.495516e-01    9.871139e+02    3.860717e+02
    8.599506e-01    1.004011e+03    4.006601e+02
    8.705022e-01    1.021339e+03    4.158242e+02
    8.812098e-01    1.039112e+03    4.315887e+02
    8.920772e-01    1.057350e+03    4.479797e+02
    9.031081e-01    1.076069e+03    4.650246e+02
    9.143064e-01    1.095287e+03    4.827521e+02
    9.256762e-01    1.115024e+03    5.011926e+02
    9.372219e-01    1.135301e+03    5.203778e+02
    9.489476e-01    1.156139e+03    5.403413e+02
    9.608583e-01    1.177562e+03    5.611186e+02
    9.729586e-01    1.199593e+03    5.827465e+02
    9.852536e-01    1.222258e+03    6.052645e+02
    9.977487e-01    1.245581e+03    6.287140e+02
    1.010449e+00    1.269594e+03    6.531387e+02
    1.023361e+00    1.294325e+03    6.785848e+02
    1.036491e+00    1.319805e+03    7.051012e+02
    1.049844e+00    1.346069e+03    7.327398e+02
    1.063427e+00    1.373150e+03    7.615550e+02
    1.077248e+00    1.401087e+03    7.916053e+02
    1.091314e+00    1.429921e+03    8.229522e+02
    1.105632e+00    1.459692e+03    8.556610e+02
    1.120211e+00    1.490445e+03    8.898015e+02
    1.135060e+00    1.522229e+03    9.254475e+02
    1.150186e+00    1.555095e+03    9.626779e+02
    1.165602e+00    1.589098e+03    1.001577e+03
    1.181315e+00    1.624293e+03    1.042233e+03
    1.197336e+00    1.660745e+03    1.084744e+03
    1.213679e+00    1.698519e+03    1.129211e+03
    1.230354e+00    1.737686e+03    1.175745e+03
    1.247374e+00    1.778323e+03    1.224462e+03
    1.264752e+00    1.820511e+03    1.275489e+03
    1.282505e+00    1.864339e+03    1.328962e+03
    1.300646e+00    1.909901e+03    1.385026e+03
    1.319193e+00    1.957300e+03    1.443839e+03
    1.338161e+00    2.006645e+03    1.505571e+03
    1.357571e+00    2.058056e+03    1.570404e+03
    1.377442e+00    2.111660e+03    1.638539e+03
    1.397796e+00    2.167600e+03    1.710191e+03
    1.418655e+00    2.226025e+03    1.785591e+03
    1.440044e+00    2.287100e+03    1.864994e+03
    1.461988e+00    2.351005e+03    1.948675e+03
    1.484517e+00    2.417935e+03    2.036938e+03
    1.507660e+00    2.488101e+03    2.130108e+03
    1.531448e+00    2.561737e+03    2.228544e+03
    1.555916e+00    2.639095e+03    2.332641e+03
    1.581100e+00    2.720454e+03    2.442825e+03
    1.607042e+00    2.806117e+03    2.559569e+03
    1.633781e+00    2.896415e+03    2.683388e+03
    1.661364e+00    2.991715e+03    2.814851e+03
    1.689836e+00    3.092413e+03    2.954578e+03
    1.719250e+00    3.198944e+03    3.103252e+03
    1.749655e+00    3.311786e+03    3.261621e+03
    1.781109e+00    3.431458e+03    3.430504e+03
