    2.670000e-04    2.502144e-01    4.925357e-04
    3.126000e-04    2.932324e-01    5.213459e-04
    3.951000e-04    3.707831e-01    5.679157e-04
    4.759000e-04    4.467551e-01    6.136963e-04
    5.812000e-04    5.456175e-01    6.758553e-04
    7.143000e-04    6.709220e-01    7.601152e-04
    8.786000e-04    8.252341e-01    8.731853e-04
    1.077000e-03    1.012500e+00    1.022367e-03
    1.314000e-03    1.235286e+00    1.217131e-03
    1.748000e-03    1.643562e+00    1.617711e-03
    2.000000e-03    1.880695e+00    1.960030e-03
    3.000000e-03    2.822266e+00    3.120047e-03
    4.000000e-03    3.764254e+00    4.410067e-03
    5.000000e-03    4.706580e+00    5.810089e-03
    6.000000e-03    5.649194e+00    7.280111e-03
    7.000000e-03    6.592061e+00    8.820135e-03
    8.000000e-03    7.535153e+00    1.042016e-02
    9.000000e-03    8.478449e+00    1.210018e-02
    1.000000e-02    9.421936e+00    1.381021e-02
    1.100000e-02    1.036560e+01    1.561024e-02
    1.200000e-02    1.130942e+01    1.747027e-02
    1.300000e-02    1.225341e+01    1.938029e-02
    1.400000e-02    1.319754e+01    2.138033e-02
    1.500000e-02    1.414182e+01    2.346036e-02
    1.600000e-02    1.508625e+01    2.561039e-02
    1.700000e-02    1.603081e+01    2.787042e-02
    1.800000e-02    1.697550e+01    3.020046e-02
    1.900000e-02    1.792033e+01    3.265050e-02
    2.000000e-02    1.886529e+01    3.521054e-02
    2.100000e-02    1.981038e+01    3.786058e-02
    2.200000e-02    2.075560e+01    4.066062e-02
    2.300000e-02    2.170095e+01    4.357066e-02
    2.400000e-02    2.264642e+01    4.660071e-02
    2.500000e-02    2.359203e+01    4.978076e-02
    2.600000e-02    2.453777e+01    5.307081e-02
    2.700000e-02    2.548364e+01    5.654086e-02
    2.800000e-02    2.642963e+01    6.016091e-02
    2.900000e-02    2.737576e+01    6.390097e-02
    3.000000e-02    2.832202e+01    6.783103e-02
    3.100000e-02    2.926842e+01    7.192110e-02
    3.200000e-02    3.021495e+01    7.613116e-02
    3.300000e-02    3.116162e+01    8.055122e-02
    3.400000e-02    3.210842e+01    8.515130e-02
    3.500000e-02    3.305535e+01    8.986137e-02
    3.600000e-02    3.400243e+01    9.480145e-02
    3.700000e-02    3.494964e+01    9.992152e-02
    3.800000e-02    3.589700e+01    1.051616e-01
    3.900000e-02    3.684449e+01    1.106317e-01
    4.000000e-02    3.779213e+01    1.162818e-01
    4.100000e-02    3.873992e+01    1.220619e-01
    4.200000e-02    3.968784e+01    1.280719e-01
    4.300000e-02    4.063591e+01    1.342720e-01
    4.400000e-02    4.158412e+01    1.405921e-01
    4.500000e-02    4.253249e+01    1.471522e-01
    4.600000e-02    4.348100e+01    1.539023e-01
    4.700000e-02    4.442966e+01    1.608225e-01
    4.800000e-02    4.537846e+01    1.678726e-01
    4.900000e-02    4.632742e+01    1.751727e-01
    5.000000e-02    4.727653e+01    1.826328e-01
    5.100000e-02    4.822579e+01    1.902829e-01
    5.200000e-02    4.917520e+01    1.981030e-01
    5.300000e-02    5.012476e+01    2.060631e-01
    5.400000e-02    5.107448e+01    2.142333e-01
    5.500000e-02    5.202435e+01    2.225734e-01
    5.600000e-02    5.297437e+01    2.310835e-01
    5.700000e-02    5.392455e+01    2.397836e-01
    5.800000e-02    5.487488e+01    2.486638e-01
    5.900000e-02    5.582536e+01    2.576639e-01
    6.000000e-02    5.677600e+01    2.662441e-01
    6.100000e-02    5.772678e+01    2.756142e-01
    6.200000e-02    5.867771e+01    2.850843e-01
    6.300000e-02    5.962882e+01    2.948345e-01
    6.400000e-02    6.058008e+01    3.046046e-01
    6.500000e-02    6.153151e+01    3.125248e-01
    6.600000e-02    6.248303e+01    3.228349e-01
    6.700000e-02    6.343474e+01    3.333051e-01
    6.923848e-02    6.553081e+01    3.581483e-01
    7.164329e-02    6.781978e+01    3.874177e-01
    7.404810e-02    7.010976e+01    4.181432e-01
    7.645291e-02    7.240076e+01    4.503606e-01
    7.885772e-02    7.469280e+01    4.841094e-01
    8.126253e-02    7.698588e+01    5.194336e-01
    8.366733e-02    7.928004e+01    5.563816e-01
    8.607214e-02    8.157529e+01    5.950066e-01
    8.847695e-02    8.387164e+01    6.353667e-01
    9.088176e-02    8.616911e+01    6.775253e-01
    9.328657e-02    8.846772e+01    7.215507e-01
    9.569138e-02    9.076749e+01    7.675170e-01
    9.809619e-02    9.306844e+01    8.155033e-01
    1.005010e-01    9.537059e+01    8.655944e-01
    1.029058e-01    9.767397e+01    9.178802e-01
    1.053106e-01    9.997859e+01    9.724562e-01
    1.077154e-01    1.022845e+02    1.029423e+00
    1.101202e-01    1.045917e+02    1.088887e+00
    1.125251e-01    1.069002e+02    1.150958e+00
    1.149299e-01    1.092101e+02    1.215753e+00
    1.173347e-01    1.115214e+02    1.283346e+00
    1.197395e-01    1.138340e+02    1.352843e+00
    1.221443e-01    1.161481e+02    1.424766e+00
    1.245491e-01    1.184636e+02    1.499486e+00
    1.269539e-01    1.207806e+02    1.577235e+00
    1.293587e-01    1.230992e+02    1.658214e+00
    1.317635e-01    1.254192e+02    1.742607e+00
    1.341683e-01    1.277408e+02    1.830589e+00
    1.365732e-01    1.300640e+02    1.922337e+00
    1.389780e-01    1.323889e+02    2.018022e+00
    1.413828e-01    1.347155e+02    2.117818e+00
    1.437876e-01    1.370438e+02    2.221895e+00
    1.461924e-01    1.393739e+02    2.330429e+00
    1.485972e-01    1.417058e+02    2.443593e+00
    1.510020e-01    1.440395e+02    2.561561e+00
    1.534068e-01    1.463752e+02    2.684511e+00
    1.558116e-01    1.487129e+02    2.812617e+00
    1.582164e-01    1.510526e+02    2.946058e+00
    1.606212e-01    1.533943e+02    3.085011e+00
    1.630261e-01    1.557382e+02    3.229655e+00
    1.654309e-01    1.580842e+02    3.380169e+00
    1.678357e-01    1.604325e+02    3.536731e+00
    1.702405e-01    1.627831e+02    3.699521e+00
    1.726453e-01    1.651360e+02    3.868717e+00
    1.750501e-01    1.674913e+02    4.044498e+00
    1.774549e-01    1.698490e+02    4.227043e+00
    1.798597e-01    1.722093e+02    4.416529e+00
    1.822645e-01    1.745722e+02    4.613133e+00
    1.846693e-01    1.769377e+02    4.817032e+00
    1.870741e-01    1.793059e+02    5.028400e+00
    1.894790e-01    1.816769e+02    5.247412e+00
    1.918838e-01    1.840507e+02    5.474241e+00
    1.942886e-01    1.864274e+02    5.709057e+00
    1.966934e-01    1.888071e+02    5.952030e+00
    1.990982e-01    1.911898e+02    6.203330e+00
    2.015030e-01    1.935755e+02    6.463121e+00
    2.039078e-01    1.959645e+02    6.731568e+00
    2.063126e-01    1.983566e+02    7.008833e+00
    2.087174e-01    2.007520e+02    7.295077e+00
    2.111222e-01    2.031508e+02    7.590457e+00
    2.135270e-01    2.055530e+02    7.895129e+00
    2.159319e-01    2.079587e+02    8.209246e+00
    2.183367e-01    2.103679e+02    8.532958e+00
    2.207415e-01    2.127807e+02    8.866414e+00
    2.231463e-01    2.151973e+02    9.209758e+00
    2.255511e-01    2.176176e+02    9.563132e+00
    2.279559e-01    2.200417e+02    9.926677e+00
    2.303607e-01    2.224696e+02    1.030053e+01
    2.327655e-01    2.249016e+02    1.068482e+01
    2.351703e-01    2.273376e+02    1.107969e+01
    2.375752e-01    2.297776e+02    1.148525e+01
    2.399800e-01    2.322219e+02    1.190164e+01
    2.423848e-01    2.346703e+02    1.232898e+01
    2.447896e-01    2.371231e+02    1.276738e+01
    2.471944e-01    2.395802e+02    1.321696e+01
    2.495992e-01    2.420417e+02    1.367784e+01
    2.520040e-01    2.445078e+02    1.415011e+01
    2.544088e-01    2.469784e+02    1.463390e+01
    2.568136e-01    2.494536e+02    1.512929e+01
    2.592184e-01    2.519335e+02    1.563640e+01
    2.616232e-01    2.544182e+02    1.615531e+01
    2.640281e-01    2.569077e+02    1.668612e+01
    2.664329e-01    2.594021e+02    1.722893e+01
    2.688377e-01    2.619014e+02    1.778381e+01
    2.712425e-01    2.644058e+02    1.835086e+01
    2.736473e-01    2.669152e+02    1.893015e+01
    2.760521e-01    2.694298e+02    1.952176e+01
    2.784569e-01    2.719496e+02    2.012577e+01
    2.808617e-01    2.744747e+02    2.074225e+01
    2.832665e-01    2.770051e+02    2.137126e+01
    2.856713e-01    2.795409e+02    2.201288e+01
    2.880761e-01    2.820821e+02    2.266717e+01
    2.904810e-01    2.846289e+02    2.333419e+01
    2.928858e-01    2.871812e+02    2.401399e+01
    2.952906e-01    2.897392e+02    2.470664e+01
    2.976954e-01    2.923029e+02    2.541218e+01
    3.001002e-01    2.948723e+02    2.613066e+01
    3.025050e-01    2.974475e+02    2.686214e+01
    3.049098e-01    3.000286e+02    2.760665e+01
    3.073146e-01    3.026156e+02    2.836424e+01
    3.097194e-01    3.052086e+02    2.913495e+01
    3.121242e-01    3.078076e+02    2.991881e+01
    3.145291e-01    3.104128e+02    3.071587e+01
    3.169339e-01    3.130240e+02    3.152615e+01
    3.193387e-01    3.156415e+02    3.234968e+01
    3.217435e-01    3.182652e+02    3.318650e+01
    3.241483e-01    3.208952e+02    3.403662e+01
    3.265531e-01    3.235316e+02    3.490009e+01
    3.289579e-01    3.261744e+02    3.577690e+01
    3.313627e-01    3.288236e+02    3.666710e+01
    3.337675e-01    3.314794e+02    3.757069e+01
    3.361723e-01    3.341417e+02    3.848770e+01
    3.385771e-01    3.368106e+02    3.941813e+01
    3.409820e-01    3.394862e+02    4.036200e+01
    3.433868e-01    3.421684e+02    4.131932e+01
    3.457916e-01    3.448575e+02    4.229011e+01
    3.481964e-01    3.475533e+02    4.327436e+01
    3.506012e-01    3.502560e+02    4.427210e+01
    3.530060e-01    3.529655e+02    4.528332e+01
    3.554108e-01    3.556820e+02    4.630802e+01
    3.578156e-01    3.584055e+02    4.734622e+01
    3.602204e-01    3.611360e+02    4.839790e+01
    3.626253e-01    3.638736e+02    4.946308e+01
    3.650301e-01    3.666182e+02    5.054174e+01
    3.674349e-01    3.693701e+02    5.163389e+01
    3.698397e-01    3.721291e+02    5.273953e+01
    3.722445e-01    3.748953e+02    5.385864e+01
    3.746493e-01    3.776688e+02    5.499123e+01
    3.770541e-01    3.804497e+02    5.613728e+01
    3.794589e-01    3.832379e+02    5.729679e+01
    3.818637e-01    3.860334e+02    5.846975e+01
    3.842685e-01    3.888365e+02    5.965615e+01
    3.866734e-01    3.916469e+02    6.085597e+01
    3.890782e-01    3.944649e+02    6.206922e+01
    3.914830e-01    3.972904e+02    6.329587e+01
    3.938878e-01    4.001235e+02    6.453591e+01
    3.962926e-01    4.029642e+02    6.578933e+01
    3.986974e-01    4.058126e+02    6.705612e+01
    4.011022e-01    4.086686e+02    6.833626e+01
    4.035070e-01    4.115323e+02    6.962972e+01
    4.059118e-01    4.144038e+02    7.093651e+01
    4.083166e-01    4.172831e+02    7.225659e+01
    4.107214e-01    4.201702e+02    7.358996e+01
    4.131262e-01    4.230651e+02    7.493659e+01
    4.155311e-01    4.259680e+02    7.629647e+01
    4.179359e-01    4.288787e+02    7.766958e+01
    4.203407e-01    4.317973e+02    7.905589e+01
    4.227455e-01    4.347240e+02    8.045539e+01
    4.251503e-01    4.376586e+02    8.186806e+01
    4.275551e-01    4.406012e+02    8.329388e+01
    4.299599e-01    4.435520e+02    8.473282e+01
    4.323647e-01    4.465108e+02    8.618486e+01
    4.347695e-01    4.494777e+02    8.764999e+01
    4.371743e-01    4.524527e+02    8.912818e+01
    4.395792e-01    4.554359e+02    9.061941e+01
    4.419840e-01    4.584273e+02    9.212366e+01
    4.443888e-01    4.614270e+02    9.364089e+01
    4.467936e-01    4.644349e+02    9.517110e+01
    4.491984e-01    4.674510e+02    9.671426e+01
    4.516032e-01    4.704754e+02    9.827034e+01
    4.540080e-01    4.735082e+02    9.983932e+01
    4.564128e-01    4.765493e+02    1.014212e+02
    4.588176e-01    4.795988e+02    1.030159e+02
    4.612224e-01    4.826567e+02    1.046234e+02
    4.636272e-01    4.857230e+02    1.062438e+02
    4.660321e-01    4.887977e+02    1.078769e+02
    4.684369e-01    4.918809e+02    1.095228e+02
    4.708417e-01    4.949725e+02    1.111814e+02
    4.732465e-01    4.980727e+02    1.128527e+02
    4.756513e-01    5.011814e+02    1.145367e+02
    4.780561e-01    5.042986e+02    1.162334e+02
    4.804609e-01    5.074244e+02    1.179427e+02
    4.828657e-01    5.105588e+02    1.196646e+02
    4.852705e-01    5.137018e+02    1.213991e+02
    4.876754e-01    5.168534e+02    1.231461e+02
    4.900802e-01    5.200137e+02    1.249057e+02
    4.924850e-01    5.231827e+02    1.266778e+02
    4.948898e-01    5.263603e+02    1.284624e+02
    4.972946e-01    5.295466e+02    1.302594e+02
    4.996994e-01    5.327416e+02    1.320689e+02
    5.021042e-01    5.359454e+02    1.338908e+02
    5.045090e-01    5.391580e+02    1.357251e+02
    5.069138e-01    5.423793e+02    1.375717e+02
    5.093186e-01    5.456094e+02    1.394307e+02
    5.117234e-01    5.488483e+02    1.413020e+02
    5.141283e-01    5.520960e+02    1.431856e+02
    5.165331e-01    5.553526e+02    1.450815e+02
    5.189379e-01    5.586180e+02    1.469896e+02
    5.213427e-01    5.618923e+02    1.489099e+02
    5.237475e-01    5.651755e+02    1.508424e+02
    5.261523e-01    5.684676e+02    1.527871e+02
    5.285571e-01    5.717685e+02    1.547439e+02
    5.309619e-01    5.750785e+02    1.567129e+02
    5.333667e-01    5.783974e+02    1.586940e+02
    5.357715e-01    5.817252e+02    1.606871e+02
    5.381763e-01    5.850620e+02    1.626923e+02
    5.405812e-01    5.884078e+02    1.647095e+02
    5.429860e-01    5.917626e+02    1.667387e+02
    5.453908e-01    5.951264e+02    1.687799e+02
    5.477956e-01    5.984992e+02    1.708331e+02
    5.502004e-01    6.018811e+02    1.728982e+02
    5.526052e-01    6.052720e+02    1.749752e+02
    5.550100e-01    6.086720e+02    1.770642e+02
    5.574148e-01    6.120811e+02    1.791650e+02
    5.598196e-01    6.154992e+02    1.812776e+02
    5.622244e-01    6.189265e+02    1.834021e+02
    5.646293e-01    6.223628e+02    1.855383e+02
    5.670341e-01    6.258083e+02    1.876864e+02
    5.694389e-01    6.292630e+02    1.898462e+02
    5.718437e-01    6.327267e+02    1.920178e+02
    5.742485e-01    6.361997e+02    1.942010e+02
    5.766533e-01    6.396818e+02    1.963960e+02
    5.790581e-01    6.431730e+02    1.986027e+02
    5.814629e-01    6.466735e+02    2.008210e+02
    5.838677e-01    6.501831e+02    2.030509e+02
    5.862726e-01    6.537020e+02    2.052925e+02
    5.886773e-01    6.572301e+02    2.075456e+02
    5.910822e-01    6.607674e+02    2.098104e+02
    5.934870e-01    6.643140e+02    2.120867e+02
    5.958918e-01    6.678698e+02    2.143745e+02
    5.982966e-01    6.714348e+02    2.166738e+02
    6.007014e-01    6.750092e+02    2.189846e+02
    6.031062e-01    6.785928e+02    2.213069e+02
    6.055110e-01    6.821856e+02    2.236407e+02
    6.079158e-01    6.857878e+02    2.259858e+02
    6.103206e-01    6.893993e+02    2.283425e+02
    6.127255e-01    6.930201e+02    2.307105e+02
    6.151303e-01    6.966502e+02    2.330898e+02
    6.175351e-01    7.002896e+02    2.354806e+02
    6.199399e-01    7.039383e+02    2.378827e+02
    6.223447e-01    7.075964e+02    2.402961e+02
    6.247495e-01    7.112638e+02    2.427208e+02
    6.271543e-01    7.149406e+02    2.451568e+02
    6.295591e-01    7.186268e+02    2.476041e+02
    6.319639e-01    7.223223e+02    2.500626e+02
    6.343687e-01    7.260272e+02    2.525323e+02
    6.367736e-01    7.297415e+02    2.550133e+02
    6.391784e-01    7.334652e+02    2.575055e+02
    6.415832e-01    7.371983e+02    2.600089e+02
    6.439880e-01    7.409407e+02    2.625234e+02
    6.463928e-01    7.446926e+02    2.650490e+02
    6.487976e-01    7.484539e+02    2.675859e+02
    6.512024e-01    7.522247e+02    2.701338e+02
    6.536072e-01    7.560048e+02    2.726928e+02
    6.560120e-01    7.597944e+02    2.752629e+02
    6.584168e-01    7.635935e+02    2.778441e+02
    6.608216e-01    7.674019e+02    2.804363e+02
    6.632265e-01    7.712199e+02    2.830395e+02
    6.656313e-01    7.750473e+02    2.856538e+02
    6.680361e-01    7.788841e+02    2.882791e+02
    6.704409e-01    7.827305e+02    2.909154e+02
    6.728457e-01    7.865863e+02    2.935626e+02
    6.752505e-01    7.904515e+02    2.962208e+02
    6.776553e-01    7.943263e+02    2.988899e+02
    6.800601e-01    7.982106e+02    3.015700e+02
    6.824649e-01    8.021044e+02    3.042610e+02
    6.848697e-01    8.060076e+02    3.069629e+02
    6.872746e-01    8.099204e+02    3.096756e+02
    6.896794e-01    8.138427e+02    3.123993e+02
    6.920842e-01    8.177745e+02    3.151338e+02
    6.944890e-01    8.217158e+02    3.178791e+02
    6.968938e-01    8.256666e+02    3.206353e+02
    6.992986e-01    8.296270e+02    3.234022e+02
    7.017034e-01    8.335969e+02    3.261800e+02
    7.041082e-01    8.375764e+02    3.289686e+02
    7.065130e-01    8.415653e+02    3.317679e+02
    7.089178e-01    8.455639e+02    3.345780e+02
    7.113226e-01    8.495720e+02    3.373989e+02
    7.137275e-01    8.535896e+02    3.402305e+02
    7.161323e-01    8.576168e+02    3.430728e+02
    7.185371e-01    8.616536e+02    3.459258e+02
    7.209419e-01    8.656999e+02    3.487895e+02
    7.233467e-01    8.697558e+02    3.516639e+02
    7.257515e-01    8.738212e+02    3.545489e+02
    7.281563e-01    8.778963e+02    3.574447e+02
    7.305611e-01    8.819809e+02    3.603510e+02
    7.329659e-01    8.860751e+02    3.632681e+02
    7.353707e-01    8.901790e+02    3.661957e+02
    7.377755e-01    8.942923e+02    3.691339e+02
    7.401804e-01    8.984153e+02    3.720828e+02
    7.425852e-01    9.025479e+02    3.750422e+02
    7.449900e-01    9.066901e+02    3.780122e+02
    7.473948e-01    9.108419e+02    3.809928e+02
    7.497996e-01    9.150033e+02    3.839839e+02
    7.522044e-01    9.191743e+02    3.869856e+02
    7.546092e-01    9.233549e+02    3.899978e+02
    7.570140e-01    9.275451e+02    3.930205e+02
    7.594188e-01    9.317450e+02    3.960537e+02
    7.618236e-01    9.359545e+02    3.990974e+02
    7.642285e-01    9.401736e+02    4.021517e+02
    7.666333e-01    9.444023e+02    4.052163e+02
    7.690381e-01    9.486407e+02    4.082915e+02
    7.714429e-01    9.528887e+02    4.113771e+02
    7.738477e-01    9.571463e+02    4.144732e+02
    7.762525e-01    9.614136e+02    4.175797e+02
    7.786573e-01    9.656905e+02    4.206966e+02
    7.810621e-01    9.699770e+02    4.238240e+02
    7.834669e-01    9.742732e+02    4.269618e+02
    7.858717e-01    9.785790e+02    4.301099e+02
    7.882765e-01    9.828945e+02    4.332685e+02
    7.906814e-01    9.872197e+02    4.364374e+02
    7.930862e-01    9.915545e+02    4.396167e+02
    7.954910e-01    9.958989e+02    4.428063e+02
    7.978958e-01    1.000253e+03    4.460063e+02
    8.003006e-01    1.004617e+03    4.492167e+02
    8.027054e-01    1.008990e+03    4.524373e+02
    8.051102e-01    1.013373e+03    4.556683e+02
    8.075150e-01    1.017766e+03    4.589097e+02
    8.099198e-01    1.022169e+03    4.621613e+02
    8.123246e-01    1.026581e+03    4.654232e+02
    8.147295e-01    1.031002e+03    4.686954e+02
    8.171343e-01    1.035434e+03    4.719779e+02
    8.195391e-01    1.039875e+03    4.752706e+02
    8.219439e-01    1.044326e+03    4.785737e+02
    8.243487e-01    1.048786e+03    4.818869e+02
    8.267535e-01    1.053256e+03    4.852105e+02
    8.291583e-01    1.057736e+03    4.885442e+02
    8.315631e-01    1.062226e+03    4.918882e+02
    8.339679e-01    1.066725e+03    4.952424e+02
    8.363727e-01    1.071234e+03    4.986068e+02
    8.387776e-01    1.075752e+03    5.019815e+02
    8.411824e-01    1.080281e+03    5.053663e+02
    8.435872e-01    1.084819e+03    5.087613e+02
    8.459920e-01    1.089366e+03    5.121665e+02
    8.483968e-01    1.093924e+03    5.155819e+02
    8.508016e-01    1.098491e+03    5.190075e+02
    8.532064e-01    1.103067e+03    5.224432e+02
    8.556112e-01    1.107654e+03    5.258890e+02
    8.580160e-01    1.112250e+03    5.293450e+02
    8.604208e-01    1.116856e+03    5.328112e+02
    8.628256e-01    1.121471e+03    5.362875e+02
    8.652305e-01    1.126097e+03    5.397739e+02
    8.676353e-01    1.130732e+03    5.432704e+02
    8.700401e-01    1.135376e+03    5.467771e+02
    8.724449e-01    1.140031e+03    5.502938e+02
    8.748497e-01    1.144695e+03    5.538206e+02
    8.772545e-01    1.149368e+03    5.573576e+02
    8.796593e-01    1.154052e+03    5.609046e+02
    8.820641e-01    1.158745e+03    5.644617e+02
    8.844689e-01    1.163448e+03    5.680288e+02
    8.868738e-01    1.168161e+03    5.716061e+02
    8.892786e-01    1.172883e+03    5.751934e+02
    8.916834e-01    1.177615e+03    5.787907e+02
    8.940882e-01    1.182357e+03    5.823981e+02
    8.964930e-01    1.187108e+03    5.860155e+02
    8.988978e-01    1.191870e+03    5.896430e+02
    9.013026e-01    1.196640e+03    5.932805e+02
    9.037074e-01    1.201421e+03    5.969280e+02
    9.061122e-01    1.206211e+03    6.005855e+02
    9.085170e-01    1.211012e+03    6.042531e+02
    9.109218e-01    1.215821e+03    6.079306e+02
    9.133267e-01    1.220641e+03    6.116181e+02
    9.157315e-01    1.225470e+03    6.153157e+02
    9.181363e-01    1.230309e+03    6.190232e+02
    9.205411e-01    1.235158e+03    6.227407e+02
    9.229459e-01    1.240016e+03    6.264681e+02
    9.253507e-01    1.244884e+03    6.302056e+02
    9.277555e-01    1.249762e+03    6.339530e+02
    9.301603e-01    1.254650e+03    6.377104e+02
    9.325651e-01    1.259547e+03    6.414777e+02
    9.349699e-01    1.264454e+03    6.452550e+02
    9.373748e-01    1.269371e+03    6.490421e+02
    9.397796e-01    1.274297e+03    6.528393e+02
    9.421844e-01    1.279234e+03    6.566464e+02
    9.445892e-01    1.284180e+03    6.604634e+02
    9.469940e-01    1.289135e+03    6.642903e+02
    9.493988e-01    1.294101e+03    6.681272e+02
    9.518036e-01    1.299076e+03    6.719739e+02
    9.542084e-01    1.304061e+03    6.758306e+02
    9.566132e-01    1.309055e+03    6.796971e+02
    9.590180e-01    1.314060e+03    6.835736e+02
    9.614229e-01    1.319074e+03    6.874600e+02
    9.638277e-01    1.324098e+03    6.913562e+02
    9.662325e-01    1.329131e+03    6.952623e+02
    9.686373e-01    1.334174e+03    6.991784e+02
    9.710421e-01    1.339227e+03    7.031042e+02
    9.734469e-01    1.344290e+03    7.070400e+02
    9.758517e-01    1.349363e+03    7.109856e+02
    9.782565e-01    1.354445e+03    7.149411e+02
    9.806613e-01    1.359537e+03    7.189064e+02
    9.830661e-01    1.364639e+03    7.228816e+02
    9.854709e-01    1.369750e+03    7.268666e+02
    9.878758e-01    1.374871e+03    7.308615e+02
    9.902806e-01    1.380002e+03    7.348662e+02
    9.926854e-01    1.385143e+03    7.388807e+02
    9.950902e-01    1.390293e+03    7.429051e+02
    9.974950e-01    1.395453e+03    7.469393e+02
    9.998998e-01    1.400623e+03    7.509833e+02
    1.002305e+00    1.405803e+03    7.550371e+02
    1.004709e+00    1.410992e+03    7.591008e+02
    1.007114e+00    1.416191e+03    7.631742e+02
    1.009519e+00    1.421400e+03    7.672575e+02
    1.011924e+00    1.426618e+03    7.713505e+02
    1.014329e+00    1.431847e+03    7.754534e+02
    1.016733e+00    1.437085e+03    7.795660e+02
    1.019138e+00    1.442332e+03    7.836885e+02
    1.021543e+00    1.447590e+03    7.878207e+02
    1.023948e+00    1.452857e+03    7.919627e+02
    1.026353e+00    1.458134e+03    7.961145e+02
    1.028758e+00    1.463421e+03    8.002760e+02
    1.031162e+00    1.468717e+03    8.044473e+02
    1.033567e+00    1.474024e+03    8.086284e+02
    1.035972e+00    1.479339e+03    8.128193e+02
    1.038377e+00    1.484665e+03    8.170199e+02
    1.040782e+00    1.490001e+03    8.212303e+02
    1.043186e+00    1.495346e+03    8.254504e+02
    1.045591e+00    1.500701e+03    8.296802e+02
    1.047996e+00    1.506065e+03    8.339198e+02
    1.050401e+00    1.511440e+03    8.381692e+02
    1.052806e+00    1.516824e+03    8.424283e+02
    1.055210e+00    1.522218e+03    8.466971e+02
    1.057615e+00    1.527621e+03    8.509756e+02
    1.060020e+00    1.533034e+03    8.552639e+02
    1.062425e+00    1.538458e+03    8.595619e+02
    1.064830e+00    1.543890e+03    8.638697e+02
    1.067234e+00    1.549333e+03    8.681871e+02
    1.069639e+00    1.554785e+03    8.725142e+02
    1.072044e+00    1.560247e+03    8.768511e+02
    1.074449e+00    1.565719e+03    8.811977e+02
    1.076854e+00    1.571201e+03    8.855540e+02
    1.079259e+00    1.576692e+03    8.899200e+02
    1.081663e+00    1.582193e+03    8.942956e+02
    1.084068e+00    1.587703e+03    8.986810e+02
    1.086473e+00    1.593224e+03    9.030761e+02
    1.088878e+00    1.598754e+03    9.074808e+02
    1.091283e+00    1.604294e+03    9.118953e+02
    1.093687e+00    1.609844e+03    9.163194e+02
    1.096092e+00    1.615403e+03    9.207532e+02
    1.098497e+00    1.620972e+03    9.251967e+02
    1.100902e+00    1.626551e+03    9.296498e+02
    1.103307e+00    1.632140e+03    9.341126e+02
    1.105711e+00    1.637738e+03    9.385851e+02
    1.108116e+00    1.643346e+03    9.430673e+02
    1.110521e+00    1.648964e+03    9.475591e+02
    1.112926e+00    1.654592e+03    9.520606e+02
    1.115331e+00    1.660229e+03    9.565717e+02
    1.117735e+00    1.665876e+03    9.610925e+02
    1.120140e+00    1.671533e+03    9.656230e+02
    1.122545e+00    1.677199e+03    9.701631e+02
    1.124950e+00    1.682876e+03    9.747128e+02
    1.127355e+00    1.688562e+03    9.792722e+02
    1.129760e+00    1.694258e+03    9.838412e+02
    1.132164e+00    1.699963e+03    9.884199e+02
    1.134569e+00    1.705678e+03    9.930081e+02
    1.136974e+00    1.711403e+03    9.976061e+02
    1.139379e+00    1.717138e+03    1.002214e+03
    1.141784e+00    1.722882e+03    1.006831e+03
    1.144188e+00    1.728636e+03    1.011458e+03
    1.146593e+00    1.734400e+03    1.016094e+03
    1.148998e+00    1.740174e+03    1.020740e+03
    1.151403e+00    1.745957e+03    1.025396e+03
    1.153808e+00    1.751750e+03    1.030061e+03
    1.156212e+00    1.757553e+03    1.034736e+03
    1.158617e+00    1.763366e+03    1.039420e+03
    1.161022e+00    1.769188e+03    1.044115e+03
    1.163427e+00    1.775020e+03    1.048818e+03
    1.165832e+00    1.780862e+03    1.053532e+03
    1.168236e+00    1.786713e+03    1.058254e+03
    1.170641e+00    1.792575e+03    1.062987e+03
    1.173046e+00    1.798445e+03    1.067729e+03
    1.175451e+00    1.804326e+03    1.072481e+03
    1.177856e+00    1.810217e+03    1.077242e+03
    1.180261e+00    1.816117e+03    1.082013e+03
    1.182665e+00    1.822027e+03    1.086793e+03
    1.185070e+00    1.827946e+03    1.091584e+03
    1.187475e+00    1.833876e+03    1.096383e+03
    1.189880e+00    1.839815e+03    1.101192e+03
    1.192285e+00    1.845763e+03    1.106011e+03
    1.194689e+00    1.851722e+03    1.110840e+03
    1.197094e+00    1.857690e+03    1.115677e+03
    1.199499e+00    1.863668e+03    1.120525e+03
    1.201904e+00    1.869656e+03    1.125382e+03
    1.204309e+00    1.875653e+03    1.130249e+03
    1.206713e+00    1.881660e+03    1.135125e+03
    1.209118e+00    1.887677e+03    1.140011e+03
    1.211523e+00    1.893704e+03    1.144906e+03
    1.213928e+00    1.899740e+03    1.149811e+03
    1.216333e+00    1.905786e+03    1.154725e+03
    1.218737e+00    1.911842e+03    1.159649e+03
    1.221142e+00    1.917908e+03    1.164583e+03
    1.223547e+00    1.923983e+03    1.169526e+03
    1.225952e+00    1.930068e+03    1.174479e+03
    1.228357e+00    1.936163e+03    1.179441e+03
    1.230762e+00    1.942267e+03    1.184413e+03
    1.233166e+00    1.948381e+03    1.189394e+03
    1.235571e+00    1.954505e+03    1.194385e+03
    1.237976e+00    1.960639e+03    1.199385e+03
    1.240381e+00    1.966782e+03    1.204395e+03
    1.242786e+00    1.972935e+03    1.209414e+03
    1.245190e+00    1.979098e+03    1.214443e+03
    1.247595e+00    1.985270e+03    1.219482e+03
    1.250000e+00    1.991452e+03    1.224530e+03
