    2.670000e-04    2.502144e-01    4.925357e-04
    3.126000e-04    2.932324e-01    5.213459e-04
    3.951000e-04    3.707831e-01    5.679157e-04
    4.759000e-04    4.467551e-01    6.136963e-04
    5.812000e-04    5.456175e-01    6.758553e-04
    7.143000e-04    6.709220e-01    7.601152e-04
    8.786000e-04    8.252341e-01    8.731853e-04
    1.077000e-03    1.012500e+00    1.022367e-03
    1.314000e-03    1.235286e+00    1.217131e-03
    1.748000e-03    1.643562e+00    1.617711e-03
    2.000000e-03    1.880847e+00    2.000030e-03
    4.000000e-03    3.764613e+00    4.510069e-03
    6.000000e-03    5.649805e+00    7.500114e-03
    8.000000e-03    7.536070e+00    1.086017e-02
    1.000000e-02    9.423225e+00    1.458022e-02
    1.200000e-02    1.131116e+01    1.867028e-02
    1.400000e-02    1.319982e+01    2.318035e-02
    1.600000e-02    1.508915e+01    2.814043e-02
    1.800000e-02    1.697914e+01    3.361051e-02
    2.000000e-02    1.886976e+01    3.965060e-02
    2.200000e-02    2.076101e+01    4.624070e-02
    2.400000e-02    2.265290e+01    5.348081e-02
    2.600000e-02    2.454541e+01    6.133093e-02
    2.800000e-02    2.643855e+01    6.988106e-02
    3.000000e-02    2.833233e+01    7.906120e-02
    3.200000e-02    3.022674e+01    8.895135e-02
    3.400000e-02    3.212179e+01    9.948151e-02
    3.600000e-02    3.401748e+01    1.107217e-01
    3.800000e-02    3.591381e+01    1.225919e-01
    4.000000e-02    3.781078e+01    1.351421e-01
    4.200000e-02    3.970840e+01    1.483423e-01
    4.400000e-02    4.160666e+01    1.621125e-01
    4.600000e-02    4.350556e+01    1.765227e-01
    4.800000e-02    4.540510e+01    1.915029e-01
    5.000000e-02    4.730528e+01    2.070631e-01
    5.200000e-02    4.920608e+01    2.230934e-01
    5.400000e-02    5.110752e+01    2.396936e-01
    5.600000e-02    5.300958e+01    2.568239e-01
    5.800000e-02    5.491227e+01    2.743742e-01
    6.000000e-02    5.681556e+01    2.923844e-01
    6.200000e-02    5.871946e+01    3.101247e-01
    6.400000e-02    6.062394e+01    3.290350e-01
    6.600000e-02    6.252904e+01    3.483353e-01
    6.800000e-02    6.443473e+01    3.679756e-01
    7.000000e-02    6.634095e+01    3.861259e-01
    7.200000e-02    6.824779e+01    4.067662e-01
    7.300000e-02    6.919567e+01    4.128470e-01
    7.875000e-02    7.468109e+01    4.802718e-01
    8.450000e-02    8.017165e+01    5.538296e-01
    9.025000e-02    8.566744e+01    6.343994e-01
    9.600000e-02    9.116862e+01    7.231157e-01
    1.017500e-01    9.667538e+01    8.213613e-01
    1.075000e-01    1.021880e+02    9.307544e-01
    1.132500e-01    1.077068e+02    1.052737e+00
    1.190000e-01    1.132321e+02    1.186261e+00
    1.247500e-01    1.187642e+02    1.335186e+00
    1.305000e-01    1.243036e+02    1.502552e+00
    1.362500e-01    1.298508e+02    1.691149e+00
    1.420000e-01    1.354064e+02    1.903753e+00
    1.477500e-01    1.409712e+02    2.143178e+00
    1.535000e-01    1.465459e+02    2.412279e+00
    1.592500e-01    1.521312e+02    2.713943e+00
    1.650000e-01    1.577281e+02    3.051082e+00
    1.707500e-01    1.633373e+02    3.426617e+00
    1.765000e-01    1.689599e+02    3.843464e+00
    1.822500e-01    1.745968e+02    4.304520e+00
    1.880000e-01    1.802489e+02    4.812647e+00
    1.937500e-01    1.859174e+02    5.370659e+00
    1.995000e-01    1.916032e+02    5.981308e+00
    2.052500e-01    1.973073e+02    6.647272e+00
    2.110000e-01    2.030310e+02    7.371144e+00
    2.167500e-01    2.087751e+02    8.155421e+00
    2.225000e-01    2.145409e+02    9.002493e+00
    2.282500e-01    2.203294e+02    9.914639e+00
    2.340000e-01    2.261417e+02    1.089402e+01
    2.397500e-01    2.319790e+02    1.194266e+01
    2.455000e-01    2.378422e+02    1.306246e+01
    2.512500e-01    2.437325e+02    1.425521e+01
    2.570000e-01    2.496509e+02    1.552253e+01
    2.627500e-01    2.555986e+02    1.686593e+01
    2.685000e-01    2.615765e+02    1.828678e+01
    2.742500e-01    2.675856e+02    1.978632e+01
    2.800000e-01    2.736270e+02    2.136567e+01
    2.857500e-01    2.797017e+02    2.302580e+01
    2.915000e-01    2.858106e+02    2.476759e+01
    2.972500e-01    2.919547e+02    2.659179e+01
    3.030000e-01    2.981348e+02    2.849903e+01
    3.087500e-01    3.043520e+02    3.048985e+01
    3.145000e-01    3.106070e+02    3.256469e+01
    3.202500e-01    3.169007e+02    3.472389e+01
    3.260000e-01    3.232339e+02    3.696770e+01
    3.317500e-01    3.296074e+02    3.929631e+01
    3.375000e-01    3.360221e+02    4.170980e+01
    3.432500e-01    3.424767e+02    4.390725e+01
    3.490000e-01    3.489663e+02    4.593778e+01
    3.547500e-01    3.554890e+02    4.794131e+01
    3.605000e-01    3.620442e+02    4.994515e+01
    3.662500e-01    3.686314e+02    5.196164e+01
    3.720000e-01    3.752492e+02    5.379561e+01
    3.777500e-01    3.818944e+02    5.555072e+01
    3.835000e-01    3.885663e+02    5.731861e+01
    3.892500e-01    3.952648e+02    5.910983e+01
    3.950000e-01    4.019900e+02    6.092876e+01
    4.007500e-01    4.087418e+02    6.277608e+01
    4.065000e-01    4.155201e+02    6.464516e+01
    4.122500e-01    4.223251e+02    6.654393e+01
    4.180000e-01    4.291566e+02    6.847511e+01
    4.237500e-01    4.360149e+02    7.043999e+01
    4.295000e-01    4.429000e+02    7.243935e+01
    4.352500e-01    4.498120e+02    7.447373e+01
    4.410000e-01    4.567510e+02    7.654351e+01
    4.467500e-01    4.637171e+02    7.864898e+01
    4.525000e-01    4.707104e+02    8.079037e+01
    4.582500e-01    4.777311e+02    8.296784e+01
    4.640000e-01    4.847792e+02    8.518155e+01
    4.697500e-01    4.918549e+02    8.743160e+01
    4.755000e-01    4.989582e+02    8.971809e+01
    4.812500e-01    5.060892e+02    9.204110e+01
    4.870000e-01    5.132481e+02    9.440068e+01
    4.927500e-01    5.204350e+02    9.679690e+01
    4.985000e-01    5.276499e+02    9.922979e+01
    5.042500e-01    5.348929e+02    1.016994e+02
    5.100000e-01    5.421642e+02    1.042057e+02
    5.157500e-01    5.494639e+02    1.067488e+02
    5.215000e-01    5.567919e+02    1.093287e+02
    5.272500e-01    5.641485e+02    1.119453e+02
    5.330000e-01    5.715337e+02    1.145988e+02
    5.387500e-01    5.789476e+02    1.172890e+02
    5.445000e-01    5.863902e+02    1.200161e+02
    5.502500e-01    5.938618e+02    1.227799e+02
    5.560000e-01    6.013622e+02    1.255806e+02
    5.617500e-01    6.088917e+02    1.284181e+02
    5.675000e-01    6.164503e+02    1.312924e+02
    5.732500e-01    6.240380e+02    1.342034e+02
    5.790000e-01    6.316550e+02    1.371513e+02
    5.847500e-01    6.393013e+02    1.401359e+02
    5.905000e-01    6.469771e+02    1.431573e+02
    5.962500e-01    6.546823e+02    1.462155e+02
    6.020000e-01    6.624170e+02    1.493104e+02
    6.077500e-01    6.701813e+02    1.524420e+02
    6.135000e-01    6.779753e+02    1.556103e+02
    6.192500e-01    6.857991e+02    1.588153e+02
    6.250000e-01    6.936526e+02    1.620570e+02
    6.307500e-01    7.015360e+02    1.653354e+02
    6.365000e-01    7.094493e+02    1.686504e+02
    6.422500e-01    7.173926e+02    1.720020e+02
    6.480000e-01    7.253660e+02    1.753903e+02
    6.537500e-01    7.333695e+02    1.788151e+02
    6.595000e-01    7.414031e+02    1.822765e+02
    6.652500e-01    7.494669e+02    1.857745e+02
    6.710000e-01    7.575610e+02    1.893090e+02
    6.767500e-01    7.656854e+02    1.928799e+02
    6.825000e-01    7.738402e+02    1.964874e+02
    6.882500e-01    7.820254e+02    2.001314e+02
    6.940000e-01    7.902411e+02    2.038117e+02
    6.997500e-01    7.984873e+02    2.075285e+02
    7.055000e-01    8.067641e+02    2.112817e+02
    7.112500e-01    8.150715e+02    2.150713e+02
    7.170000e-01    8.234096e+02    2.188972e+02
    7.227500e-01    8.317784e+02    2.227594e+02
    7.285000e-01    8.401780e+02    2.266580e+02
    7.342500e-01    8.486083e+02    2.305928e+02
    7.400000e-01    8.570695e+02    2.345639e+02
    7.457500e-01    8.655616e+02    2.385712e+02
    7.515000e-01    8.740846e+02    2.426148e+02
    7.572500e-01    8.826385e+02    2.466945e+02
    7.630000e-01    8.912235e+02    2.508104e+02
    7.687500e-01    8.998395e+02    2.549624e+02
    7.745000e-01    9.084867e+02    2.591506e+02
    7.802500e-01    9.171649e+02    2.633749e+02
    7.860000e-01    9.258743e+02    2.676353e+02
    7.917500e-01    9.346149e+02    2.719317e+02
    7.975000e-01    9.433867e+02    2.762642e+02
    8.032500e-01    9.521898e+02    2.806327e+02
    8.090000e-01    9.610241e+02    2.850372e+02
    8.147500e-01    9.698899e+02    2.894778e+02
    8.205000e-01    9.787869e+02    2.939543e+02
    8.262500e-01    9.877154e+02    2.984669e+02
    8.320000e-01    9.966754e+02    3.030155e+02
    8.377500e-01    1.005667e+03    3.076001e+02
    8.435000e-01    1.014690e+03    3.122209e+02
    8.492500e-01    1.023744e+03    3.168779e+02
    8.550000e-01    1.032830e+03    3.215714e+02
    8.607500e-01    1.041948e+03    3.263020e+02
    8.665000e-01    1.051097e+03    3.310679e+02
    8.722500e-01    1.060278e+03    3.358691e+02
    8.780000e-01    1.069490e+03    3.407055e+02
    8.837500e-01    1.078734e+03    3.455771e+02
    8.895000e-01    1.088010e+03    3.504838e+02
    8.952500e-01    1.097318e+03    3.554257e+02
    9.010000e-01    1.106658e+03    3.604027e+02
    9.067500e-01    1.116029e+03    3.654148e+02
    9.125000e-01    1.125432e+03    3.704618e+02
    9.182500e-01    1.134867e+03    3.755439e+02
    9.240000e-01    1.144334e+03    3.806610e+02
    9.297500e-01    1.153832e+03    3.858129e+02
    9.355000e-01    1.163363e+03    3.909998e+02
    9.412500e-01    1.172925e+03    3.962215e+02
    9.470000e-01    1.182519e+03    4.014781e+02
    9.527500e-01    1.192146e+03    4.067695e+02
    9.585000e-01    1.201804e+03    4.120956e+02
    9.642500e-01    1.211494e+03    4.174565e+02
    9.700000e-01    1.221217e+03    4.228521e+02
    9.757500e-01    1.230971e+03    4.282824e+02
    9.815000e-01    1.240757e+03    4.337473e+02
    9.872500e-01    1.250575e+03    4.392468e+02
    9.930000e-01    1.260426e+03    4.447809e+02
    9.987500e-01    1.270308e+03    4.503496e+02
    1.004500e+00    1.280223e+03    4.559528e+02
    1.010250e+00    1.290169e+03    4.615905e+02
    1.016000e+00    1.300148e+03    4.672626e+02
    1.021750e+00    1.310159e+03    4.729692e+02
    1.027500e+00    1.320202e+03    4.787102e+02
    1.033250e+00    1.330277e+03    4.844855e+02
    1.039000e+00    1.340385e+03    4.902952e+02
    1.044750e+00    1.350524e+03    4.961392e+02
    1.050500e+00    1.360696e+03    5.020175e+02
    1.056250e+00    1.370900e+03    5.079301e+02
    1.062000e+00    1.381136e+03    5.138769e+02
    1.067750e+00    1.391405e+03    5.198579e+02
    1.073500e+00    1.401705e+03    5.258730e+02
    1.079250e+00    1.412038e+03    5.319223e+02
    1.085000e+00    1.422403e+03    5.380057e+02
    1.090750e+00    1.432801e+03    5.441232e+02
    1.096500e+00    1.443230e+03    5.502748e+02
    1.102250e+00    1.453692e+03    5.564604e+02
    1.108000e+00    1.464187e+03    5.626801e+02
    1.113750e+00    1.474713e+03    5.689337e+02
    1.119500e+00    1.485272e+03    5.751689e+02
    1.125250e+00    1.495863e+03    5.813357e+02
    1.131000e+00    1.506485e+03    5.874939e+02
    1.136750e+00    1.517138e+03    5.936576e+02
    1.142500e+00    1.527822e+03    5.998333e+02
    1.148250e+00    1.538538e+03    6.060249e+02
    1.154000e+00    1.549284e+03    6.122351e+02
    1.159750e+00    1.560062e+03    6.184655e+02
    1.165500e+00    1.570870e+03    6.247178e+02
    1.171250e+00    1.581709e+03    6.309929e+02
    1.177000e+00    1.592579e+03    6.372917e+02
    1.182750e+00    1.603480e+03    6.436150e+02
    1.188500e+00    1.614411e+03    6.499633e+02
    1.194250e+00    1.625373e+03    6.563372e+02
    1.200000e+00    1.636366e+03    6.627370e+02
