    1.000000e-07    9.306426e-05    2.125941e-08
    1.023293e-07    9.523251e-05    2.193172e-08
    1.047129e-07    9.745128e-05    2.262565e-08
    1.071519e-07    9.972175e-05    2.334072e-08
    1.096478e-07    1.020451e-04    2.407878e-08
    1.122018e-07    1.044226e-04    2.483933e-08
    1.148154e-07    1.068555e-04    2.562431e-08
    1.174898e-07    1.093451e-04    2.643320e-08
    1.202264e-07    1.118927e-04    2.726482e-08
    1.230269e-07    1.144997e-04    2.812834e-08
    1.258925e-07    1.171674e-04    2.901280e-08
    1.288250e-07    1.198973e-04    2.993116e-08
    1.318257e-07    1.226907e-04    3.087178e-08
    1.348963e-07    1.255493e-04    3.184548e-08
    1.380384e-07    1.284745e-04    3.284879e-08
    1.412538e-07    1.314678e-04    3.388428e-08
    1.445440e-07    1.345309e-04    3.495126e-08
    1.479108e-07    1.376653e-04    3.605245e-08
    1.513561e-07    1.408728e-04    3.718364e-08
    1.548817e-07    1.441551e-04    3.835181e-08
    1.584893e-07    1.475138e-04    3.956107e-08
    1.621810e-07    1.509507e-04    4.080141e-08
    1.659587e-07    1.544678e-04    4.208531e-08
    1.698244e-07    1.580668e-04    4.340414e-08
    1.737801e-07    1.617497e-04    4.476928e-08
    1.778279e-07    1.655184e-04    4.617371e-08
    1.819701e-07    1.693749e-04    4.762187e-08
    1.862087e-07    1.733213e-04    4.911861e-08
    1.905461e-07    1.773596e-04    5.065601e-08
    1.949845e-07    1.814920e-04    5.224743e-08
    1.995262e-07    1.857208e-04    5.388206e-08
    2.041738e-07    1.900480e-04    5.556747e-08
    2.089296e-07    1.944761e-04    5.731196e-08
    2.137962e-07    1.990074e-04    5.910387e-08
    2.187762e-07    2.036443e-04    6.095147e-08
    2.238721e-07    2.083892e-04    6.286380e-08
    2.290868e-07    2.132447e-04    6.482802e-08
    2.344229e-07    2.182134e-04    6.685324e-08
    2.398833e-07    2.232978e-04    6.894301e-08
    2.454709e-07    2.285007e-04    7.109592e-08
    2.511886e-07    2.338248e-04    7.331562e-08
    2.570396e-07    2.392731e-04    7.561310e-08
    2.630268e-07    2.448482e-04    7.796562e-08
    2.691535e-07    2.505533e-04    8.039840e-08
    2.754229e-07    2.563914e-04    8.291640e-08
    2.818383e-07    2.623654e-04    8.550269e-08
    2.884032e-07    2.684787e-04    8.816091e-08
    2.951209e-07    2.747345e-04    9.092051e-08
    3.019952e-07    2.811360e-04    9.374614e-08
    3.090295e-07    2.876868e-04    9.666813e-08
    3.162278e-07    2.943901e-04    9.968066e-08
    3.235937e-07    3.012497e-04    1.027890e-07
    3.311311e-07    3.082692e-04    1.059912e-07
    3.388442e-07    3.154522e-04    1.092824e-07
    3.467369e-07    3.228026e-04    1.126857e-07
    3.548134e-07    3.303243e-04    1.161973e-07
    3.630781e-07    3.380213e-04    1.198036e-07
    3.715352e-07    3.458977e-04    1.235328e-07
    3.801894e-07    3.539576e-04    1.273655e-07
    3.890451e-07    3.622053e-04    1.313320e-07
    3.981072e-07    3.706453e-04    1.354181e-07
    4.073803e-07    3.792819e-04    1.396177e-07
    4.168694e-07    3.881198e-04    1.439468e-07
    4.265795e-07    3.971637e-04    1.484164e-07
    4.365158e-07    4.064183e-04    1.530242e-07
    4.466836e-07    4.158887e-04    1.577855e-07
    4.570882e-07    4.255797e-04    1.626751e-07
    4.677351e-07    4.354966e-04    1.677155e-07
    4.786301e-07    4.456446e-04    1.729113e-07
    4.897788e-07    4.560290e-04    1.782674e-07
    5.011872e-07    4.666555e-04    1.837886e-07
    5.128614e-07    4.775297e-04    1.895025e-07
    5.248075e-07    4.886573e-04    1.953701e-07
    5.370318e-07    5.000442e-04    2.014186e-07
    5.495409e-07    5.116965e-04    2.076536e-07
    5.623413e-07    5.236203e-04    2.140808e-07
    5.754399e-07    5.358221e-04    2.207060e-07
    5.888437e-07    5.483082e-04    2.275140e-07
    6.025596e-07    5.610853e-04    2.345533e-07
    6.165950e-07    5.741603e-04    2.418380e-07
    6.309573e-07    5.875399e-04    2.492951e-07
    6.456542e-07    6.012313e-04    2.570054e-07
    6.606934e-07    6.152419e-04    2.649534e-07
    6.760830e-07    6.295790e-04    2.731204e-07
    6.918310e-07    6.442502e-04    2.815647e-07
    7.079458e-07    6.592634e-04    2.902691e-07
    7.244360e-07    6.746265e-04    2.992134e-07
    7.413102e-07    6.903477e-04    3.084615e-07
    7.585776e-07    7.064352e-04    3.179642e-07
    7.762471e-07    7.228977e-04    3.277897e-07
    7.943282e-07    7.397440e-04    3.378858e-07
    8.128305e-07    7.569828e-04    3.482917e-07
    8.317638e-07    7.746234e-04    3.590509e-07
    8.511380e-07    7.926752e-04    3.701064e-07
    8.709636e-07    8.111478e-04    3.815012e-07
    8.912509e-07    8.300509e-04    3.932455e-07
    9.120108e-07    8.493945e-04    4.053886e-07
    9.332543e-07    8.691891e-04    4.178659e-07
    9.549926e-07    8.894450e-04    4.307260e-07
    9.772372e-07    9.101730e-04    4.439807e-07
    1.000000e-06    9.313842e-04    4.575877e-07
    1.023293e-06    9.530897e-04    4.716663e-07
    1.047129e-06    9.753012e-04    4.861767e-07
    1.071519e-06    9.980304e-04    5.011322e-07
    1.096478e-06    1.021289e-03    5.165463e-07
    1.122018e-06    1.045090e-03    5.324325e-07
    1.148154e-06    1.069446e-03    5.488072e-07
    1.174898e-06    1.094370e-03    5.656289e-07
    1.202264e-06    1.119875e-03    5.830208e-07
    1.230269e-06    1.145974e-03    6.008749e-07
    1.258925e-06    1.172681e-03    6.193475e-07
    1.288250e-06    1.200011e-03    6.383256e-07
    1.318257e-06    1.227978e-03    6.579464e-07
    1.348963e-06    1.256597e-03    6.781686e-07
    1.380384e-06    1.285883e-03    6.988613e-07
    1.412538e-06    1.315851e-03    7.203377e-07
    1.445440e-06    1.346518e-03    7.424015e-07
    1.479108e-06    1.377900e-03    7.652124e-07
    1.513561e-06    1.410014e-03    7.886472e-07
    1.548817e-06    1.442876e-03    8.127790e-07
    1.584893e-06    1.476504e-03    8.376668e-07
    1.621810e-06    1.510916e-03    8.633147e-07
    1.659587e-06    1.546130e-03    8.896404e-07
    1.698244e-06    1.582165e-03    9.169633e-07
    1.737801e-06    1.619040e-03    9.450331e-07
    1.778279e-06    1.656775e-03    9.739601e-07
    1.819701e-06    1.695389e-03    1.003651e-06
    1.862087e-06    1.734904e-03    1.034368e-06
    1.905461e-06    1.775339e-03    1.066023e-06
    1.949845e-06    1.816718e-03    1.098514e-06
    1.995262e-06    1.859060e-03    1.132127e-06
    2.041738e-06    1.902390e-03    1.166655e-06
    2.089296e-06    1.946730e-03    1.202321e-06
    2.137962e-06    1.992104e-03    1.238985e-06
    2.187762e-06    2.038535e-03    1.276735e-06
    2.238721e-06    2.086049e-03    1.315789e-06
    2.290868e-06    2.134671e-03    1.355905e-06
    2.344229e-06    2.184426e-03    1.397207e-06
    2.398833e-06    2.235341e-03    1.439869e-06
    2.454709e-06    2.287442e-03    1.483654e-06
    2.511886e-06    2.340759e-03    1.529024e-06
    2.570396e-06    2.395318e-03    1.575438e-06
    2.630268e-06    2.451150e-03    1.623453e-06
    2.691535e-06    2.508283e-03    1.672889e-06
    2.754229e-06    2.566748e-03    1.723867e-06
    2.818383e-06    2.626576e-03    1.776355e-06
    2.884032e-06    2.687799e-03    1.830480e-06
    2.951209e-06    2.750449e-03    1.886025e-06
    3.019952e-06    2.814560e-03    1.943253e-06
    3.090295e-06    2.880165e-03    2.002452e-06
    3.162278e-06    2.947300e-03    2.063206e-06
    3.235937e-06    3.016001e-03    2.126053e-06
    3.311311e-06    3.086303e-03    2.190548e-06
    3.388442e-06    3.158244e-03    2.256997e-06
    3.467369e-06    3.231862e-03    2.325736e-06
    3.548134e-06    3.307197e-03    2.396278e-06
    3.630781e-06    3.384288e-03    2.469011e-06
    3.715352e-06    3.463177e-03    2.543885e-06
    3.801894e-06    3.543905e-03    2.621031e-06
    3.890451e-06    3.626515e-03    2.700512e-06
    3.981072e-06    3.711051e-03    2.782461e-06
    4.073803e-06    3.797559e-03    2.866829e-06
    4.168694e-06    3.886083e-03    2.953462e-06
    4.265795e-06    3.976672e-03    3.043073e-06
    4.365158e-06    4.069372e-03    3.135328e-06
    4.466836e-06    4.164234e-03    3.230060e-06
    4.570882e-06    4.261308e-03    3.327974e-06
    4.677351e-06    4.360646e-03    3.428515e-06
    4.786301e-06    4.462299e-03    3.532514e-06
    4.897788e-06    4.566323e-03    3.639224e-06
    5.011872e-06    4.672773e-03    3.749151e-06
    5.128614e-06    4.781704e-03    3.862385e-06
    5.248075e-06    4.893176e-03    3.979042e-06
    5.370318e-06    5.007247e-03    4.099215e-06
    5.495409e-06    5.123978e-03    4.223012e-06
    5.623413e-06    5.243431e-03    4.350542e-06
    5.754399e-06    5.365669e-03    4.481916e-06
    5.888437e-06    5.490757e-03    4.616795e-06
    6.025596e-06    5.618763e-03    4.756770e-06
    6.165950e-06    5.749753e-03    4.899906e-06
    6.309573e-06    5.883798e-03    5.047840e-06
    6.456542e-06    6.020969e-03    5.199605e-06
    6.606934e-06    6.161339e-03    5.356042e-06
    6.760830e-06    6.304981e-03    5.517451e-06
    6.918310e-06    6.451974e-03    5.683703e-06
    7.079458e-06    6.602394e-03    5.854679e-06
    7.244360e-06    6.756323e-03    6.030790e-06
    7.413102e-06    6.913840e-03    6.212188e-06
    7.585776e-06    7.075031e-03    6.399034e-06
    7.762471e-06    7.239982e-03    6.591490e-06
    7.943282e-06    7.408779e-03    6.789725e-06
    8.128305e-06    7.581512e-03    6.993759e-06
    8.317638e-06    7.758274e-03    7.203352e-06
    8.511380e-06    7.939158e-03    7.419956e-06
    8.709636e-06    8.124260e-03    7.643044e-06
    8.912509e-06    8.313680e-03    7.872059e-06
    9.120108e-06    8.507516e-03    8.107748e-06
    9.332543e-06    8.705874e-03    8.351500e-06
    9.549926e-06    8.908858e-03    8.601705e-06
    9.772372e-06    9.116575e-03    8.859201e-06
    1.000000e-05    9.329137e-03    9.124589e-06
    1.023293e-05    9.546657e-03    9.397913e-06
    1.047129e-05    9.769250e-03    9.679175e-06
    1.071519e-05    9.997034e-03    9.969082e-06
    1.096478e-05    1.023013e-02    1.026766e-05
    1.122018e-05    1.046866e-02    1.057440e-05
    1.148154e-05    1.071276e-02    1.089052e-05
    1.174898e-05    1.096255e-02    1.121640e-05
    1.202264e-05    1.121817e-02    1.155109e-05
    1.230269e-05    1.147975e-02    1.189550e-05
    1.258925e-05    1.174743e-02    1.225163e-05
    1.288250e-05    1.202135e-02    1.261688e-05
    1.318257e-05    1.230166e-02    1.299328e-05
    1.348963e-05    1.258851e-02    1.338061e-05
    1.380384e-05    1.288205e-02    1.377975e-05
    1.412538e-05    1.318244e-02    1.419048e-05
    1.445440e-05    1.348983e-02    1.461342e-05
    1.479108e-05    1.380440e-02    1.504922e-05
    1.513561e-05    1.412630e-02    1.549613e-05
    1.548817e-05    1.445571e-02    1.595791e-05
    1.584893e-05    1.479281e-02    1.643209e-05
    1.621810e-05    1.513777e-02    1.692171e-05
    1.659587e-05    1.549077e-02    1.742411e-05
    1.698244e-05    1.585201e-02    1.794133e-05
    1.737801e-05    1.622168e-02    1.847432e-05
    1.778279e-05    1.659996e-02    1.902272e-05
    1.819701e-05    1.698708e-02    1.958735e-05
    1.862087e-05    1.738322e-02    2.016872e-05
    1.905461e-05    1.778861e-02    2.076730e-05
    1.949845e-05    1.820345e-02    2.138133e-05
    1.995262e-05    1.862797e-02    2.201583e-05
    2.041738e-05    1.906239e-02    2.266959e-05
    2.089296e-05    1.950695e-02    2.333981e-05
    2.137962e-05    1.996188e-02    2.403230e-05
    2.187762e-05    2.042742e-02    2.474264e-05
    2.238721e-05    2.090382e-02    2.547401e-05
    2.290868e-05    2.139133e-02    2.622695e-05
    2.344229e-05    2.189022e-02    2.700153e-05
    2.398833e-05    2.240075e-02    2.779952e-05
    2.454709e-05    2.292319e-02    2.861793e-05
    2.511886e-05    2.345782e-02    2.946357e-05
    2.570396e-05    2.400492e-02    3.033414e-05
    2.630268e-05    2.456479e-02    3.122709e-05
    2.691535e-05    2.513771e-02    3.214965e-05
    2.754229e-05    2.572401e-02    3.309511e-05
    2.818383e-05    2.632398e-02    3.406912e-05
    2.884032e-05    2.693795e-02    3.507173e-05
    2.951209e-05    2.756625e-02    3.610758e-05
    3.019952e-05    2.820921e-02    3.716519e-05
    3.090295e-05    2.886693e-02    3.810692e-05
    3.162278e-05    2.954023e-02    3.922669e-05
    3.235937e-05    3.022924e-02    4.037629e-05
    3.311311e-05    3.093432e-02    4.156033e-05
    3.388442e-05    3.165586e-02    4.277583e-05
    3.467369e-05    3.239423e-02    4.403236e-05
    3.548134e-05    3.314984e-02    4.531992e-05
    3.630781e-05    3.392307e-02    4.664595e-05
    3.715352e-05    3.471434e-02    4.800968e-05
    3.801894e-05    3.552408e-02    4.941415e-05
    3.890451e-05    3.635272e-02    5.085854e-05
    3.981072e-05    3.720069e-02    5.234502e-05
    4.073803e-05    3.806844e-02    5.387587e-05
    4.168694e-05    3.895645e-02    5.544423e-05
    4.265795e-05    3.986517e-02    5.705809e-05
    4.365158e-05    4.079510e-02    5.872628e-05
    4.466836e-05    4.174674e-02    6.043532e-05
    4.570882e-05    4.272058e-02    6.219390e-05
    4.677351e-05    4.371714e-02    6.400346e-05
    4.786301e-05    4.473696e-02    6.586678e-05
    4.897788e-05    4.578058e-02    6.778280e-05
    5.011872e-05    4.684855e-02    6.975435e-05
    5.128614e-05    4.794145e-02    7.177514e-05
    5.248075e-05    4.905985e-02    7.386235e-05
    5.370318e-05    5.020435e-02    7.600166e-05
    5.495409e-05    5.137556e-02    7.820267e-05
    5.623413e-05    5.257411e-02    8.047604e-05
    5.754399e-05    5.380063e-02    8.280608e-05
    5.888437e-05    5.505577e-02    8.520330e-05
    6.025596e-05    5.634020e-02    8.766961e-05
    6.165950e-05    5.765461e-02    9.019699e-05
    6.309573e-05    5.899970e-02    9.280720e-05
    6.456542e-05    6.037618e-02    9.549263e-05
    6.606934e-05    6.178478e-02    9.824255e-05
    6.760830e-05    6.322627e-02    1.010732e-04
    6.918310e-05    6.470139e-02    1.039966e-04
    7.079458e-05    6.621095e-02    1.069923e-04
    7.244360e-05    6.775573e-02    1.100718e-04
    7.413102e-05    6.933658e-02    1.132416e-04
    7.585776e-05    7.095432e-02    1.164891e-04
    7.762471e-05    7.260982e-02    1.198404e-04
    7.943282e-05    7.430396e-02    1.232901e-04
    8.128305e-05    7.603765e-02    1.268218e-04
    8.317638e-05    7.781180e-02    1.304566e-04
    8.511380e-05    7.962737e-02    1.341924e-04
    8.709636e-05    8.148531e-02    1.380529e-04
    8.912509e-05    8.338662e-02    1.419889e-04
    9.120108e-05    8.533231e-02    1.460558e-04
    9.332543e-05    8.732342e-02    1.502358e-04
    9.549926e-05    8.936101e-02    1.545376e-04
    9.772372e-05    9.144616e-02    1.589406e-04
    1.000000e-04    9.357998e-02    1.634871e-04
    1.023293e-04    9.576362e-02    1.681435e-04
    1.047129e-04    9.799823e-02    1.729350e-04
    1.071519e-04    1.002850e-01    1.778588e-04
    1.096478e-04    1.026252e-01    1.829218e-04
    1.122018e-04    1.050199e-01    1.881282e-04
    1.148154e-04    1.074706e-01    1.934853e-04
    1.174898e-04    1.099785e-01    1.989670e-04
    1.202264e-04    1.125450e-01    2.046270e-04
    1.230269e-04    1.151714e-01    2.104221e-04
    1.258925e-04    1.178590e-01    2.163803e-04
    1.288250e-04    1.206095e-01    2.225322e-04
    1.318257e-04    1.234241e-01    2.288308e-04
    1.348963e-04    1.263044e-01    2.352785e-04
    1.380384e-04    1.292520e-01    2.419351e-04
    1.412538e-04    1.322684e-01    2.487788e-04
    1.445440e-04    1.353553e-01    2.557838e-04
    1.479108e-04    1.385142e-01    2.630114e-04
    1.513561e-04    1.417468e-01    2.704142e-04
    1.548817e-04    1.450549e-01    2.780238e-04
    1.584893e-04    1.484403e-01    2.858457e-04
    1.621810e-04    1.519047e-01    2.938858e-04
    1.659587e-04    1.554500e-01    3.021448e-04
    1.698244e-04    1.590781e-01    3.106396e-04
    1.737801e-04    1.627909e-01    3.193324e-04
    1.778279e-04    1.665903e-01    3.283004e-04
    1.819701e-04    1.704785e-01    3.374829e-04
    1.862087e-04    1.744575e-01    3.469199e-04
    1.905461e-04    1.785293e-01    3.566121e-04
    1.949845e-04    1.826963e-01    3.665789e-04
    1.995262e-04    1.869605e-01    3.768150e-04
    2.041738e-04    1.913243e-01    3.873411e-04
    2.089296e-04    1.957901e-01    3.981023e-04
    2.137962e-04    2.003600e-01    4.092171e-04
    2.187762e-04    2.050367e-01    4.205797e-04
    2.238721e-04    2.098226e-01    4.322614e-04
    2.290868e-04    2.147203e-01    4.442570e-04
    2.344229e-04    2.197323e-01    4.565899e-04
    2.398833e-04    2.248614e-01    4.692534e-04
    2.454709e-04    2.301102e-01    4.822727e-04
    2.511886e-04    2.354817e-01    4.955782e-04
    2.570396e-04    2.409785e-01    5.093108e-04
    2.630268e-04    2.466039e-01    5.129891e-04
    2.691535e-04    2.523604e-01    5.190260e-04
    2.754229e-04    2.582513e-01    5.247126e-04
    2.818383e-04    2.642794e-01    5.298760e-04
    2.884032e-04    2.704481e-01    5.352156e-04
    2.951209e-04    2.767607e-01    5.402268e-04
    3.019952e-04    2.832204e-01    5.455552e-04
    3.090295e-04    2.898307e-01    5.505352e-04
    3.162278e-04    2.965951e-01    5.555697e-04
    3.235937e-04    3.035172e-01    5.602650e-04
    3.311311e-04    3.106006e-01    5.653249e-04
    3.388442e-04    3.178492e-01    5.705684e-04
    3.467369e-04    3.252667e-01    5.755362e-04
    3.548134e-04    3.328572e-01    5.807843e-04
    3.630781e-04    3.406245e-01    5.863243e-04
    3.715352e-04    3.485729e-01    5.913914e-04
    3.801894e-04    3.567066e-01    5.968082e-04
    3.890451e-04    3.650299e-01    6.023912e-04
    3.981072e-04    3.735472e-01    6.077778e-04
    4.073803e-04    3.822630e-01    6.138331e-04
    4.168694e-04    3.911820e-01    6.194492e-04
    4.265795e-04    4.003089e-01    6.252108e-04
    4.365158e-04    4.096485e-01    6.316484e-04
    4.466836e-04    4.192058e-01    6.376319e-04
    4.570882e-04    4.289859e-01    6.437858e-04
    4.677351e-04    4.389939e-01    6.506483e-04
    4.786301e-04    4.492352e-01    6.571000e-04
    4.897788e-04    4.597152e-01    6.636634e-04
    5.011872e-04    4.704395e-01    6.710291e-04
    5.128614e-04    4.814138e-01    6.779124e-04
    5.248075e-04    4.926438e-01    6.850257e-04
    5.370318e-04    5.041356e-01    6.928546e-04
    5.495409e-04    5.158953e-01    7.003155e-04
    5.623413e-04    5.279291e-01    7.080623e-04
    5.754399e-04    5.402433e-01    7.163499e-04
    5.888437e-04    5.528446e-01    7.243836e-04
    6.025596e-04    5.657396e-01    7.332113e-04
    6.165950e-04    5.789352e-01    7.416605e-04
    6.309573e-04    5.924384e-01    7.507810e-04
    6.456542e-04    6.062563e-01    7.598630e-04
    6.606934e-04    6.203963e-01    7.689759e-04
    6.760830e-04    6.348658e-01    7.789486e-04
    6.918310e-04    6.496727e-01    7.885940e-04
    7.079458e-04    6.648247e-01    7.990697e-04
    7.244360e-04    6.803298e-01    8.092378e-04
    7.413102e-04    6.961964e-01    8.202882e-04
    7.585776e-04    7.124328e-01    8.315974e-04
    7.762471e-04    7.290477e-01    8.426219e-04
    7.943282e-04    7.460498e-01    8.545415e-04
    8.128305e-04    7.634483e-01    8.661783e-04
    8.317638e-04    7.812523e-01    8.787167e-04
    8.511380e-04    7.994713e-01    8.916301e-04
    8.709636e-04    8.181150e-01    9.042387e-04
    8.912509e-04    8.371933e-01    9.178342e-04
    9.120108e-04    8.567163e-01    9.318005e-04
    9.332543e-04    8.766944e-01    9.461262e-04
    9.549926e-04    8.971381e-01    9.605164e-04
    9.772372e-04    9.180584e-01    9.753666e-04
    1.000000e-03    9.394664e-01    9.908788e-04
    1.023293e-03    9.613734e-01    1.006846e-03
    1.047129e-03    9.837910e-01    1.023254e-03
    1.071519e-03    1.006731e+00    1.040093e-03
    1.096478e-03    1.030206e+00    1.057377e-03
    1.122018e-03    1.054228e+00    1.075191e-03
    1.148154e-03    1.078810e+00    1.093489e-03
    1.174898e-03    1.103966e+00    1.112257e-03
    1.202264e-03    1.129707e+00    1.131547e-03
    1.230269e-03    1.156049e+00    1.151415e-03
    1.258925e-03    1.183005e+00    1.171775e-03
    1.288250e-03    1.210589e+00    1.192756e-03
    1.318257e-03    1.238816e+00    1.214308e-03
    1.348963e-03    1.267701e+00    1.237125e-03
    1.380384e-03    1.297259e+00    1.259897e-03
    1.412538e-03    1.327507e+00    1.283346e-03
    1.445440e-03    1.358459e+00    1.307414e-03
    1.479108e-03    1.390133e+00    1.332776e-03
    1.513561e-03    1.422546e+00    1.358253e-03
    1.548817e-03    1.455714e+00    1.384421e-03
    1.584893e-03    1.489655e+00    1.412004e-03
    1.621810e-03    1.524388e+00    1.439644e-03
    1.659587e-03    1.559930e+00    1.468784e-03
    1.698244e-03    1.596301e+00    1.498003e-03
    1.737801e-03    1.633520e+00    1.528760e-03
    1.778279e-03    1.671606e+00    1.559669e-03
    1.819701e-03    1.710580e+00    1.592157e-03
    1.862087e-03    1.750463e+00    1.624850e-03
    1.905461e-03    1.791276e+00    1.659162e-03
    1.949845e-03    1.833040e+00    1.693735e-03
    1.995262e-03    1.875778e+00    1.729968e-03
    2.041738e-03    1.919512e+00    1.767218e-03
    2.089296e-03    1.964266e+00    1.805518e-03
    2.137962e-03    2.010063e+00    1.844177e-03
    2.187762e-03    2.056927e+00    1.884638e-03
    2.238721e-03    2.104885e+00    1.926224e-03
    2.290868e-03    2.153960e+00    1.968974e-03
    2.344229e-03    2.204179e+00    2.012924e-03
    2.398833e-03    2.255570e+00    2.058080e-03
    2.454709e-03    2.308158e+00    2.104516e-03
    2.511886e-03    2.361973e+00    2.151725e-03
    2.570396e-03    2.417042e+00    2.200593e-03
    2.630268e-03    2.473395e+00    2.251452e-03
    2.691535e-03    2.531061e+00    2.303649e-03
    2.754229e-03    2.590073e+00    2.356982e-03
    2.818383e-03    2.650460e+00    2.411782e-03
    2.884032e-03    2.712255e+00    2.468138e-03
    2.951209e-03    2.775490e+00    2.526101e-03
    3.019952e-03    2.840200e+00    2.585637e-03
    3.090295e-03    2.906419e+00    2.646883e-03
    3.162278e-03    2.974182e+00    2.710661e-03
    3.235937e-03    3.043524e+00    2.775379e-03
    3.311311e-03    3.114484e+00    2.841978e-03
    3.388442e-03    3.187097e+00    2.911197e-03
    3.467369e-03    3.261404e+00    2.981618e-03
    3.548134e-03    3.337443e+00    3.054009e-03
    3.630781e-03    3.415256e+00    3.129316e-03
    3.715352e-03    3.494882e+00    3.205862e-03
    3.801894e-03    3.576365e+00    3.285449e-03
    3.890451e-03    3.659748e+00    3.366485e-03
    3.981072e-03    3.745075e+00    3.450639e-03
    4.073803e-03    3.832391e+00    3.536710e-03
    4.092607e-03    3.850097e+00    3.554452e-03
    4.111497e-03    3.867885e+00    3.571879e-03
    4.130475e-03    3.885755e+00    3.589328e-03
    4.149540e-03    3.903708e+00    3.607758e-03
    4.168694e-03    3.921744e+00    3.625444e-03
    4.187936e-03    3.939863e+00    3.643216e-03
    4.207266e-03    3.958065e+00    3.661920e-03
    4.226686e-03    3.976352e+00    3.679932e-03
    4.246196e-03    3.994723e+00    3.697971e-03
    4.265795e-03    4.013180e+00    3.717016e-03
    4.285485e-03    4.031721e+00    3.735362e-03
    4.305266e-03    4.050348e+00    3.753735e-03
    4.325138e-03    4.069061e+00    3.773067e-03
    4.345102e-03    4.087861e+00    3.791689e-03
    4.365158e-03    4.106747e+00    3.810770e-03
    4.385307e-03    4.125721e+00    3.830091e-03
    4.405549e-03    4.144783e+00    3.849027e-03
    4.425884e-03    4.163932e+00    3.868090e-03
    4.446313e-03    4.183170e+00    3.888109e-03
    4.466836e-03    4.202497e+00    3.907398e-03
    4.487454e-03    4.221913e+00    3.926803e-03
    4.508167e-03    4.241419e+00    3.947108e-03
    4.528976e-03    4.261015e+00    3.966726e-03
    4.549881e-03    4.280701e+00    3.987291e-03
    4.570882e-03    4.300479e+00    4.007176e-03
    4.591980e-03    4.320348e+00    4.027129e-03
    4.613176e-03    4.340309e+00    4.048042e-03
    4.634469e-03    4.360361e+00    4.068234e-03
    4.655861e-03    4.380507e+00    4.088562e-03
    4.677351e-03    4.400746e+00    4.109866e-03
    4.698941e-03    4.421078e+00    4.130405e-03
    4.720630e-03    4.441504e+00    4.151082e-03
    4.742420e-03    4.462024e+00    4.172716e-03
    4.764310e-03    4.482640e+00    4.193643e-03
    4.786301e-03    4.503350e+00    4.215537e-03
    4.808393e-03    4.524157e+00    4.236682e-03
    4.830588e-03    4.545059e+00    4.258006e-03
    4.852885e-03    4.566058e+00    4.280277e-03
    4.875285e-03    4.587154e+00    4.301789e-03
    4.897788e-03    4.608348e+00    4.323484e-03
    4.920395e-03    4.629639e+00    4.346139e-03
    4.943107e-03    4.651029e+00    4.368062e-03
    4.965923e-03    4.672517e+00    4.390955e-03
    4.988845e-03    4.694105e+00    4.413182e-03
    5.011872e-03    4.715793e+00    4.435489e-03
    5.035006e-03    4.737581e+00    4.458780e-03
    5.058247e-03    4.759470e+00    4.481397e-03
    5.081594e-03    4.781459e+00    4.504132e-03
    5.105050e-03    4.803551e+00    4.527830e-03
    5.128614e-03    4.825744e+00    4.550808e-03
    5.152286e-03    4.848040e+00    4.574796e-03
    5.176068e-03    4.870439e+00    4.598058e-03
    5.199960e-03    4.892941e+00    4.621518e-03
    5.223962e-03    4.915548e+00    4.645890e-03
    5.248075e-03    4.938259e+00    4.669602e-03
    5.272299e-03    4.961074e+00    4.694274e-03
    5.296634e-03    4.983996e+00    4.718281e-03
    5.321083e-03    5.007023e+00    4.742377e-03
    5.345644e-03    5.030156e+00    4.767525e-03
    5.370318e-03    5.053397e+00    4.791921e-03
    5.395106e-03    5.076745e+00    4.817381e-03
    5.420009e-03    5.100200e+00    4.842083e-03
    5.445027e-03    5.123765e+00    4.866917e-03
    5.470160e-03    5.147438e+00    4.892791e-03
    5.495409e-03    5.171220e+00    4.917978e-03
    5.520774e-03    5.195112e+00    4.944134e-03
    5.546257e-03    5.219115e+00    4.969598e-03
    5.571857e-03    5.243229e+00    4.996081e-03
    5.597576e-03    5.267454e+00    5.021907e-03
    5.623413e-03    5.291791e+00    5.047833e-03
    5.649370e-03    5.316240e+00    5.074795e-03
    5.675446e-03    5.340802e+00    5.101049e-03
    5.701643e-03    5.365478e+00    5.128351e-03
    5.727960e-03    5.390268e+00    5.154898e-03
    5.754399e-03    5.415173e+00    5.181674e-03
    5.780960e-03    5.440192e+00    5.209430e-03
    5.807644e-03    5.465327e+00    5.236507e-03
    5.834451e-03    5.490579e+00    5.264657e-03
    5.861382e-03    5.515947e+00    5.292038e-03
    5.888437e-03    5.541432e+00    5.320504e-03
    5.915616e-03    5.567035e+00    5.348238e-03
    5.942922e-03    5.592756e+00    5.377067e-03
    5.970353e-03    5.618596e+00    5.405159e-03
    5.997911e-03    5.644556e+00    5.433408e-03
    6.025596e-03    5.670635e+00    5.462725e-03
    6.053409e-03    5.696835e+00    5.491340e-03
    6.081350e-03    5.723156e+00    5.521035e-03
    6.109420e-03    5.749599e+00    5.550022e-03
    6.137620e-03    5.776164e+00    5.580056e-03
    6.165950e-03    5.802852e+00    5.609376e-03
    6.194411e-03    5.829663e+00    5.639844e-03
    6.223003e-03    5.856598e+00    5.669549e-03
    6.251727e-03    5.883657e+00    5.700049e-03
    6.280584e-03    5.910841e+00    5.730416e-03
    6.309573e-03    5.938151e+00    5.761590e-03
    6.338697e-03    5.965587e+00    5.792035e-03
    6.367955e-03    5.993150e+00    5.822748e-03
    6.397348e-03    6.020841e+00    5.854465e-03
    6.426877e-03    6.048659e+00    5.885537e-03
    6.456542e-03    6.076606e+00    5.917718e-03
    6.486344e-03    6.104682e+00    5.949157e-03
    6.516284e-03    6.132888e+00    5.981715e-03
    6.546362e-03    6.161224e+00    6.013573e-03
    6.576578e-03    6.189691e+00    6.046514e-03
    6.606934e-03    6.218289e+00    6.078799e-03
    6.637431e-03    6.247020e+00    6.112178e-03
    6.668068e-03    6.275884e+00    6.144847e-03
    6.698846e-03    6.304881e+00    6.178672e-03
    6.729767e-03    6.334011e+00    6.211733e-03
    6.760830e-03    6.363277e+00    6.245961e-03
    6.792036e-03    6.392678e+00    6.279519e-03
    6.823387e-03    6.422214e+00    6.314158e-03
    6.854882e-03    6.451887e+00    6.348171e-03
    6.886523e-03    6.481698e+00    6.383276e-03
    6.918310e-03    6.511646e+00    6.417703e-03
    6.950243e-03    6.541732e+00    6.453234e-03
    6.982324e-03    6.571957e+00    6.488131e-03
    7.014553e-03    6.602322e+00    6.524145e-03
    7.046931e-03    6.632828e+00    6.559471e-03
    7.079458e-03    6.663474e+00    6.595975e-03
    7.112135e-03    6.694262e+00    6.631788e-03
    7.144963e-03    6.725193e+00    6.668740e-03
    7.177943e-03    6.756266e+00    6.705049e-03
    7.211075e-03    6.787483e+00    6.742457e-03
    7.244360e-03    6.818844e+00    6.779523e-03
    7.277798e-03    6.850350e+00    6.817142e-03
    7.311391e-03    6.882001e+00    6.855303e-03
    7.345139e-03    6.913799e+00    6.892865e-03
    7.379042e-03    6.945744e+00    6.931503e-03
    7.413102e-03    6.977837e+00    6.969538e-03
    7.447320e-03    7.010077e+00    7.008768e-03
    7.481695e-03    7.042467e+00    7.047285e-03
    7.516229e-03    7.075007e+00    7.087009e-03
    7.550922e-03    7.107697e+00    7.126072e-03
    7.585776e-03    7.140537e+00    7.166300e-03
    7.620790e-03    7.173530e+00    7.206839e-03
    7.655966e-03    7.206675e+00    7.246712e-03
    7.691304e-03    7.239974e+00    7.287714e-03
    7.726806e-03    7.273426e+00    7.328157e-03
    7.762471e-03    7.307033e+00    7.369741e-03
    7.798301e-03    7.340795e+00    7.410764e-03
    7.834296e-03    7.374713e+00    7.452885e-03
    7.870458e-03    7.408788e+00    7.495337e-03
    7.906786e-03    7.443020e+00    7.537223e-03
    7.943282e-03    7.477411e+00    7.580227e-03
    7.979947e-03    7.511961e+00    7.622607e-03
    8.016781e-03    7.546670e+00    7.666288e-03
    8.053784e-03    7.581539e+00    7.710140e-03
    8.090959e-03    7.616570e+00    7.753482e-03
    8.128305e-03    7.651763e+00    7.798029e-03
    8.165824e-03    7.687118e+00    7.841948e-03
    8.203515e-03    7.722637e+00    7.887085e-03
    8.241381e-03    7.758320e+00    7.932523e-03
    8.279422e-03    7.794168e+00    7.977448e-03
    8.317638e-03    7.830181e+00    8.023494e-03
    8.356030e-03    7.866361e+00    8.069968e-03
    8.394600e-03    7.902708e+00    8.115749e-03
    8.433348e-03    7.939223e+00    8.162788e-03
    8.472274e-03    7.975907e+00    8.209313e-03
    8.511380e-03    8.012761e+00    8.257050e-03
    8.550667e-03    8.049784e+00    8.305112e-03
    8.590135e-03    8.086979e+00    8.352598e-03
    8.629785e-03    8.124346e+00    8.401378e-03
    8.669619e-03    8.161886e+00    8.450493e-03
    8.709636e-03    8.199599e+00    8.499030e-03
    8.749838e-03    8.237486e+00    8.548821e-03
    8.790225e-03    8.275548e+00    8.598957e-03
    8.830799e-03    8.313787e+00    8.648639e-03
    8.871560e-03    8.352202e+00    8.699534e-03
    8.912509e-03    8.390794e+00    8.750784e-03
    8.953648e-03    8.429565e+00    8.801456e-03
    8.994976e-03    8.468515e+00    8.853487e-03
    9.036495e-03    8.507646e+00    8.905820e-03
    9.078205e-03    8.546957e+00    8.957703e-03
    9.120108e-03    8.586449e+00    9.010840e-03
    9.162205e-03    8.626125e+00    9.064418e-03
    9.204496e-03    8.665983e+00    9.117420e-03
    9.246982e-03    8.706026e+00    9.171761e-03
    9.289664e-03    8.746254e+00    9.226491e-03
    9.332543e-03    8.786668e+00    9.280711e-03
    9.375620e-03    8.827269e+00    9.336293e-03
    9.418896e-03    8.868057e+00    9.392210e-03
    9.462372e-03    8.909034e+00    9.448598e-03
    9.506048e-03    8.950200e+00    9.504480e-03
    9.549926e-03    8.991557e+00    9.561754e-03
    9.594006e-03    9.033105e+00    9.619379e-03
    9.638290e-03    9.074845e+00    9.677426e-03
    9.682779e-03    9.116777e+00    9.735105e-03
    9.727472e-03    9.158904e+00    9.794073e-03
    9.772372e-03    9.201225e+00    9.853545e-03
    9.817479e-03    9.243742e+00    9.912450e-03
    9.862795e-03    9.286455e+00    9.972804e-03
    9.908319e-03    9.329366e+00    1.003361e-02
    9.954054e-03    9.372475e+00    1.009486e-02
    1.000000e-02    9.415784e+00    1.015646e-02
    1.004616e-02    9.459293e+00    1.021787e-02
    1.009253e-02    9.503002e+00    1.028059e-02
    1.013911e-02    9.546914e+00    1.034377e-02
    1.018591e-02    9.591029e+00    1.040744e-02
    1.023293e-02    9.635348e+00    1.047161e-02
    1.028016e-02    9.679871e+00    1.053540e-02
    1.032761e-02    9.724600e+00    1.060060e-02
    1.037528e-02    9.769537e+00    1.066630e-02
    1.042317e-02    9.814680e+00    1.073251e-02
    1.047129e-02    9.860033e+00    1.079922e-02
    1.051962e-02    9.905595e+00    1.086561e-02
    1.056818e-02    9.951368e+00    1.093336e-02
    1.061696e-02    9.997352e+00    1.100171e-02
    1.066596e-02    1.004355e+01    1.107059e-02
    1.071519e-02    1.008996e+01    1.114008e-02
    1.076465e-02    1.013659e+01    1.120919e-02
    1.081434e-02    1.018343e+01    1.127978e-02
    1.086426e-02    1.023048e+01    1.135084e-02
    1.091440e-02    1.027776e+01    1.142262e-02
    1.096478e-02    1.032525e+01    1.149482e-02
    1.101539e-02    1.037296e+01    1.156774e-02
    1.106624e-02    1.042090e+01    1.164125e-02
    1.111732e-02    1.046905e+01    1.171447e-02
    1.116863e-02    1.051743e+01    1.178915e-02
    1.122018e-02    1.056603e+01    1.186444e-02
    1.127197e-02    1.061486e+01    1.194033e-02
    1.132400e-02    1.066391e+01    1.201684e-02
    1.137627e-02    1.071319e+01    1.209404e-02
    1.142878e-02    1.076269e+01    1.217187e-02
    1.148154e-02    1.081243e+01    1.225034e-02
    1.153453e-02    1.086239e+01    1.232945e-02
    1.158777e-02    1.091259e+01    1.240928e-02
    1.164126e-02    1.096302e+01    1.248978e-02
    1.169499e-02    1.101368e+01    1.257086e-02
    1.174898e-02    1.106457e+01    1.265269e-02
    1.180321e-02    1.111570e+01    1.273437e-02
    1.185769e-02    1.116707e+01    1.281757e-02
    1.191242e-02    1.121868e+01    1.290146e-02
    1.196741e-02    1.127052e+01    1.298621e-02
    1.202264e-02    1.132260e+01    1.307151e-02
    1.207814e-02    1.137493e+01    1.315769e-02
    1.213389e-02    1.142749e+01    1.324444e-02
    1.218990e-02    1.148030e+01    1.333208e-02
    1.224616e-02    1.153335e+01    1.342047e-02
    1.230269e-02    1.158665e+01    1.350961e-02
    1.235947e-02    1.164019e+01    1.359951e-02
    1.241652e-02    1.169399e+01    1.369018e-02
    1.247384e-02    1.174803e+01    1.378163e-02
    1.253141e-02    1.180232e+01    1.387387e-02
    1.258925e-02    1.185686e+01    1.396755e-02
    1.264736e-02    1.191165e+01    1.406103e-02
    1.270574e-02    1.196670e+01    1.415649e-02
    1.276439e-02    1.202200e+01    1.425206e-02
    1.282331e-02    1.207756e+01    1.434850e-02
    1.288250e-02    1.213337e+01    1.444579e-02
    1.294196e-02    1.218945e+01    1.454393e-02
    1.300170e-02    1.224578e+01    1.464297e-02
    1.306171e-02    1.230237e+01    1.474289e-02
    1.312200e-02    1.235922e+01    1.484370e-02
    1.318257e-02    1.241634e+01    1.494544e-02
    1.324342e-02    1.247372e+01    1.504809e-02
    1.330454e-02    1.253137e+01    1.515251e-02
    1.336596e-02    1.258928e+01    1.525701e-02
    1.342765e-02    1.264746e+01    1.536252e-02
    1.348963e-02    1.270591e+01    1.546894e-02
    1.355189e-02    1.276463e+01    1.557637e-02
    1.361445e-02    1.282362e+01    1.568477e-02
    1.367729e-02    1.288289e+01    1.579415e-02
    1.374042e-02    1.294242e+01    1.590539e-02
    1.380384e-02    1.300224e+01    1.601682e-02
    1.386756e-02    1.306233e+01    1.612926e-02
    1.393157e-02    1.312270e+01    1.624278e-02
    1.399587e-02    1.318334e+01    1.635735e-02
    1.406048e-02    1.324427e+01    1.647375e-02
    1.412538e-02    1.330548e+01    1.659048e-02
    1.419058e-02    1.336697e+01    1.670829e-02
    1.425608e-02    1.342875e+01    1.682725e-02
    1.432188e-02    1.349081e+01    1.694731e-02
    1.438799e-02    1.355316e+01    1.706922e-02
    1.445440e-02    1.361580e+01    1.719158e-02
    1.452112e-02    1.367873e+01    1.731505e-02
    1.458814e-02    1.374195e+01    1.743993e-02
    1.465548e-02    1.380546e+01    1.756635e-02
    1.472313e-02    1.386926e+01    1.769343e-02
    1.479108e-02    1.393336e+01    1.782167e-02
    1.485936e-02    1.399776e+01    1.795196e-02
    1.492794e-02    1.406245e+01    1.808274e-02
    1.499685e-02    1.412745e+01    1.821473e-02
    1.506607e-02    1.419274e+01    1.834880e-02
    1.513561e-02    1.425834e+01    1.848338e-02
    1.520548e-02    1.432424e+01    1.861935e-02
    1.527566e-02    1.439044e+01    1.875731e-02
    1.534617e-02    1.445695e+01    1.889586e-02
    1.541700e-02    1.452377e+01    1.903577e-02
    1.548817e-02    1.459090e+01    1.917784e-02
    1.555966e-02    1.465834e+01    1.932053e-02
    1.563148e-02    1.472609e+01    1.946532e-02
    1.570363e-02    1.479415e+01    1.961086e-02
    1.577611e-02    1.486253e+01    1.975803e-02
    1.584893e-02    1.493122e+01    1.990694e-02
    1.592209e-02    1.500023e+01    2.005686e-02
    1.599558e-02    1.506956e+01    2.020897e-02
    1.606941e-02    1.513922e+01    2.036186e-02
    1.614359e-02    1.520919e+01    2.051699e-02
    1.621810e-02    1.527949e+01    2.067298e-02
    1.629296e-02    1.535011e+01    2.083124e-02
    1.636817e-02    1.542106e+01    2.099041e-02
    1.644372e-02    1.549234e+01    2.115179e-02
    1.651962e-02    1.556395e+01    2.131421e-02
    1.659587e-02    1.563589e+01    2.147888e-02
    1.667247e-02    1.570816e+01    2.164459e-02
    1.674943e-02    1.578076e+01    2.181263e-02
    1.682674e-02    1.585371e+01    2.198172e-02
    1.690441e-02    1.592699e+01    2.215316e-02
    1.698244e-02    1.600060e+01    2.232575e-02
    1.706082e-02    1.607456e+01    2.250073e-02
    1.713957e-02    1.614887e+01    2.267749e-02
    1.721869e-02    1.622351e+01    2.285551e-02
    1.729816e-02    1.629850e+01    2.303590e-02
    1.737801e-02    1.637384e+01    2.321794e-02
    1.745822e-02    1.644953e+01    2.340170e-02
    1.753881e-02    1.652556e+01    2.358778e-02
    1.761976e-02    1.660195e+01    2.377517e-02
    1.770109e-02    1.667869e+01    2.396511e-02
    1.778279e-02    1.675579e+01    2.415701e-02
    1.786488e-02    1.683324e+01    2.435065e-02
    1.794734e-02    1.691105e+01    2.454626e-02
    1.803018e-02    1.698923e+01    2.474425e-02
    1.811340e-02    1.706776e+01    2.494426e-02
    1.819701e-02    1.714666e+01    2.514591e-02
    1.828100e-02    1.722592e+01    2.535017e-02
    1.836538e-02    1.730555e+01    2.555662e-02
    1.845015e-02    1.738555e+01    2.576523e-02
    1.853532e-02    1.746591e+01    2.597553e-02
    1.862087e-02    1.754665e+01    2.618861e-02
    1.870682e-02    1.762777e+01    2.640391e-02
    1.879317e-02    1.770926e+01    2.662149e-02
    1.887991e-02    1.779112e+01    2.684146e-02
    1.896706e-02    1.787337e+01    2.706323e-02
    1.905461e-02    1.795599e+01    2.728792e-02
    1.914256e-02    1.803900e+01    2.751495e-02
    1.923092e-02    1.812239e+01    2.774446e-02
    1.931968e-02    1.820617e+01    2.797643e-02
    1.940886e-02    1.829034e+01    2.821089e-02
    1.949845e-02    1.837489e+01    2.844875e-02
    1.958845e-02    1.845984e+01    2.868705e-02
    1.967886e-02    1.854518e+01    2.892925e-02
    1.976970e-02    1.863092e+01    2.917404e-02
    1.986095e-02    1.871705e+01    2.942149e-02
    1.995262e-02    1.880358e+01    2.967165e-02
    2.004472e-02    1.889051e+01    2.992454e-02
    2.013724e-02    1.897784e+01    3.018019e-02
    2.023019e-02    1.906558e+01    3.043862e-02
    2.032357e-02    1.915373e+01    3.069988e-02
    2.041738e-02    1.924228e+01    3.096408e-02
    2.051162e-02    1.933124e+01    3.123110e-02
    2.060630e-02    1.942062e+01    3.150114e-02
    2.070141e-02    1.951040e+01    3.177411e-02
    2.079697e-02    1.960061e+01    3.205009e-02
    2.089296e-02    1.969123e+01    3.232915e-02
    2.098940e-02    1.978227e+01    3.261131e-02
    2.108628e-02    1.987373e+01    3.289663e-02
    2.118361e-02    1.996562e+01    3.318512e-02
    2.128139e-02    2.005793e+01    3.347700e-02
    2.137962e-02    2.015067e+01    3.377194e-02
    2.147830e-02    2.024384e+01    3.407021e-02
    2.157744e-02    2.033744e+01    3.437177e-02
    2.167704e-02    2.043147e+01    3.467671e-02
    2.177710e-02    2.052594e+01    3.498510e-02
    2.187762e-02    2.062084e+01    3.529696e-02
    2.197860e-02    2.071619e+01    3.561251e-02
    2.208005e-02    2.081198e+01    3.593142e-02
    2.218196e-02    2.090821e+01    3.625397e-02
    2.228435e-02    2.100488e+01    3.658015e-02
    2.238721e-02    2.110201e+01    3.691007e-02
    2.249055e-02    2.119958e+01    3.724375e-02
    2.259436e-02    2.129761e+01    3.758118e-02
    2.269865e-02    2.139609e+01    3.792244e-02
    2.280342e-02    2.149503e+01    3.826759e-02
    2.290868e-02    2.159442e+01    3.861673e-02
    2.301442e-02    2.169427e+01    3.896979e-02
    2.312065e-02    2.179459e+01    3.932693e-02
    2.322737e-02    2.189537e+01    3.968813e-02
    2.333458e-02    2.199662e+01    4.005351e-02
    2.344229e-02    2.209834e+01    4.042306e-02
    2.355049e-02    2.220053e+01    4.079683e-02
    2.365920e-02    2.230319e+01    4.117496e-02
    2.376840e-02    2.240633e+01    4.155744e-02
    2.387811e-02    2.250995e+01    4.194427e-02
    2.398833e-02    2.261404e+01    4.233564e-02
    2.409905e-02    2.271862e+01    4.273141e-02
    2.421029e-02    2.282369e+01    4.313194e-02
    2.432204e-02    2.292924e+01    4.353711e-02
    2.443431e-02    2.303527e+01    4.394679e-02
    2.454709e-02    2.314180e+01    4.436143e-02
    2.466039e-02    2.324883e+01    4.478072e-02
    2.477422e-02    2.335635e+01    4.520508e-02
    2.488857e-02    2.346437e+01    4.563417e-02
    2.500345e-02    2.357289e+01    4.606853e-02
    2.511886e-02    2.368191e+01    4.650771e-02
    2.523481e-02    2.379143e+01    4.695230e-02
    2.535129e-02    2.390147e+01    4.740181e-02
    2.546830e-02    2.401201e+01    4.785692e-02
    2.558586e-02    2.412307e+01    4.831702e-02
    2.570396e-02    2.423464e+01    4.878290e-02
    2.582260e-02    2.434673e+01    4.925391e-02
    2.594179e-02    2.445934e+01    4.973086e-02
    2.606154e-02    2.457247e+01    5.021303e-02
    2.618183e-02    2.468612e+01    5.070089e-02
    2.630268e-02    2.480031e+01    5.119496e-02
    2.642409e-02    2.491502e+01    5.169444e-02
    2.654606e-02    2.503026e+01    5.220031e-02
    2.666859e-02    2.514604e+01    5.271170e-02
    2.679168e-02    2.526235e+01    5.322915e-02
    2.691535e-02    2.537920e+01    5.375330e-02
    2.703958e-02    2.549660e+01    5.428313e-02
    2.716439e-02    2.561454e+01    5.481986e-02
    2.728978e-02    2.573302e+01    5.536241e-02
    2.741574e-02    2.585206e+01    5.591142e-02
    2.754229e-02    2.597165e+01    5.646764e-02
    2.766942e-02    2.609179e+01    5.702988e-02
    2.779713e-02    2.621249e+01    5.759883e-02
    2.792544e-02    2.633375e+01    5.817531e-02
    2.805434e-02    2.645557e+01    5.875800e-02
    2.818383e-02    2.657796e+01    5.934769e-02
    2.831392e-02    2.670091e+01    5.994523e-02
    2.844461e-02    2.682443e+01    6.054920e-02
    2.857591e-02    2.694853e+01    6.116044e-02
    2.870781e-02    2.707321e+01    6.177988e-02
    2.884032e-02    2.719846e+01    6.240596e-02
    2.897344e-02    2.732429e+01    6.303960e-02
    2.910717e-02    2.745071e+01    6.368090e-02
    2.924152e-02    2.757771e+01    6.433090e-02
    2.937650e-02    2.770530e+01    6.498784e-02
    2.951209e-02    2.783348e+01    6.565274e-02
    2.964831e-02    2.796226e+01    6.632671e-02
    2.978516e-02    2.809164e+01    6.700787e-02
    2.992265e-02    2.822162e+01    6.769731e-02
    3.006076e-02    2.835219e+01    6.839513e-02
    3.019952e-02    2.848338e+01    6.910255e-02
    3.033891e-02    2.861518e+01    6.981751e-02
    3.047895e-02    2.874758e+01    7.054117e-02
    3.061963e-02    2.888060e+01    7.127370e-02
    3.076097e-02    2.901424e+01    7.201634e-02
    3.090295e-02    2.914850e+01    7.276690e-02
    3.104560e-02    2.928338e+01    7.352665e-02
    3.118890e-02    2.941889e+01    7.429571e-02
    3.133286e-02    2.955502e+01    7.507548e-02
    3.147748e-02    2.969179e+01    7.586357e-02
    3.162278e-02    2.982920e+01    7.666129e-02
    3.176874e-02    2.996724e+01    7.747022e-02
    3.191538e-02    3.010592e+01    7.828773e-02
    3.206269e-02    3.024525e+01    7.911530e-02
    3.221069e-02    3.038522e+01    7.995309e-02
    3.235937e-02    3.052584e+01    8.080265e-02
    3.250873e-02    3.066712e+01    8.166125e-02
    3.265878e-02    3.080905e+01    8.253046e-02
    3.280953e-02    3.095165e+01    8.341199e-02
    3.296097e-02    3.109490e+01    8.430284e-02
    3.311311e-02    3.123882e+01    8.520474e-02
    3.326596e-02    3.138341e+01    8.611946e-02
    3.341950e-02    3.152867e+01    8.704386e-02
    3.357376e-02    3.167460e+01    8.797980e-02
    3.372873e-02    3.182121e+01    8.892905e-02
    3.388442e-02    3.196851e+01    8.988834e-02
    3.404082e-02    3.211648e+01    9.085957e-02
    3.419794e-02    3.226515e+01    9.184478e-02
    3.435579e-02    3.241450e+01    9.284042e-02
    3.451437e-02    3.256456e+01    9.385030e-02
    3.467369e-02    3.271530e+01    9.487085e-02
    3.483373e-02    3.286675e+01    9.590496e-02
    3.499452e-02    3.301890e+01    9.695251e-02
    3.515604e-02    3.317176e+01    9.801194e-02
    3.531832e-02    3.332533e+01    9.908654e-02
    3.548134e-02    3.347961e+01    1.001727e-01
    3.564511e-02    3.363461e+01    1.012744e-01
    3.580964e-02    3.379034e+01    1.023901e-01
    3.597493e-02    3.394678e+01    1.035175e-01
    3.614099e-02    3.410395e+01    1.046614e-01
    3.630781e-02    3.426186e+01    1.058174e-01
    3.647539e-02    3.442049e+01    1.069902e-01
    3.664376e-02    3.457987e+01    1.081755e-01
    3.681290e-02    3.473999e+01    1.093781e-01
    3.698282e-02    3.490085e+01    1.105956e-01
    3.715352e-02    3.506246e+01    1.118278e-01
    3.732502e-02    3.522482e+01    1.130750e-01
    3.850591e-02    3.634426e+01    1.130074e-01
    3.941914e-02    3.720898e+01    1.194630e-01
    4.035457e-02    3.809488e+01    1.263291e-01
    4.131277e-02    3.900251e+01    1.336330e-01
    4.229432e-02    3.993243e+01    1.414039e-01
    4.329982e-02    4.088524e+01    1.496724e-01
    4.432989e-02    4.186154e+01    1.584717e-01
    4.538518e-02    4.286195e+01    1.678370e-01
    4.646633e-02    4.388710e+01    1.778057e-01
    4.757400e-02    4.493766e+01    1.884180e-01
    4.870890e-02    4.601430e+01    1.997168e-01
    4.987174e-02    4.711772e+01    2.117478e-01
    5.106323e-02    4.824862e+01    2.245595e-01
    5.228416e-02    4.940778e+01    2.382043e-01
    5.353527e-02    5.059593e+01    2.527378e-01
    5.481736e-02    5.181387e+01    2.682191e-01
    5.613127e-02    5.306240e+01    2.847119e-01
    5.747782e-02    5.434237e+01    3.022838e-01
    5.885788e-02    5.565464e+01    3.210072e-01
    6.027237e-02    5.700008e+01    3.409594e-01
    6.172217e-02    5.837963e+01    3.622230e-01
    6.320824e-02    5.979421e+01    3.848863e-01
    6.473156e-02    6.124482e+01    4.090436e-01
    6.629313e-02    6.273245e+01    4.347959e-01
    6.789397e-02    6.425814e+01    4.622507e-01
    6.953515e-02    6.582294e+01    4.915235e-01
    7.121776e-02    6.742799e+01    5.227376e-01
    7.294291e-02    6.907440e+01    5.560246e-01
    7.471177e-02    7.076336e+01    5.915258e-01
    7.652552e-02    7.249608e+01    6.293919e-01
    7.838540e-02    7.427379e+01    6.697843e-01
    8.029264e-02    7.609782e+01    7.128759e-01
    8.224857e-02    7.796947e+01    7.588516e-01
    8.425451e-02    7.989015e+01    8.079092e-01
    8.631183e-02    8.186125e+01    8.602609e-01
    8.842194e-02    8.388427e+01    9.161334e-01
    9.058630e-02    8.596070e+01    9.757698e-01
    9.280640e-02    8.809212e+01    1.039431e+00
    9.508378e-02    9.028014e+01    1.107394e+00
    9.742003e-02    9.252645e+01    1.179961e+00
    9.981677e-02    9.483276e+01    1.257449e+00
    1.022757e-01    9.720086e+01    1.340203e+00
    1.047984e-01    9.963260e+01    1.428591e+00
    1.073869e-01    1.021299e+02    1.523006e+00
    1.087064e-01    1.034039e+02    1.572598e+00
    1.100532e-01    1.047047e+02    1.623302e+00
    1.114248e-01    1.060301e+02    1.675326e+00
    1.128191e-01    1.073783e+02    1.728869e+00
    1.142356e-01    1.087486e+02    1.784046e+00
    1.156739e-01    1.101407e+02    1.840954e+00
    1.171342e-01    1.115547e+02    1.899682e+00
    1.186163e-01    1.129906e+02    1.960315e+00
    1.201205e-01    1.144486e+02    2.022940e+00
    1.216467e-01    1.159289e+02    2.087642e+00
    1.231953e-01    1.174317e+02    2.154511e+00
    1.247664e-01    1.189572e+02    2.223637e+00
    1.263601e-01    1.205056e+02    2.295110e+00
    1.279768e-01    1.220773e+02    2.369026e+00
    1.296168e-01    1.236724e+02    2.445483e+00
    1.312802e-01    1.252915e+02    2.524583e+00
    1.329673e-01    1.269345e+02    2.606429e+00
    1.346783e-01    1.286021e+02    2.691131e+00
    1.364137e-01    1.302944e+02    2.778800e+00
    1.381737e-01    1.320118e+02    2.869550e+00
    1.399585e-01    1.337547e+02    2.963504e+00
    1.417684e-01    1.355233e+02    3.060785e+00
    1.436037e-01    1.373181e+02    3.161523e+00
    1.454650e-01    1.391394e+02    3.265851e+00
    1.473522e-01    1.409877e+02    3.373907e+00
    1.492659e-01    1.428633e+02    3.485836e+00
    1.512063e-01    1.447665e+02    3.601787e+00
    1.531738e-01    1.466979e+02    3.721914e+00
    1.551687e-01    1.486577e+02    3.846379e+00
    1.571914e-01    1.506465e+02    3.975346e+00
    1.592421e-01    1.526646e+02    4.108990e+00
    1.613214e-01    1.547125e+02    4.247488e+00
    1.634295e-01    1.567907e+02    4.391027e+00
    1.655667e-01    1.588995e+02    4.539800e+00
    1.677335e-01    1.610394e+02    4.694006e+00
    1.699303e-01    1.632110e+02    4.853852e+00
    1.721573e-01    1.654146e+02    5.019553e+00
    1.744150e-01    1.676509e+02    5.191334e+00
    1.767037e-01    1.699202e+02    5.369424e+00
    1.790240e-01    1.722231e+02    5.554064e+00
    1.813761e-01    1.745600e+02    5.745501e+00
    1.837604e-01    1.769316e+02    5.943995e+00
    1.861774e-01    1.793383e+02    6.149812e+00
    1.886275e-01    1.817807e+02    6.363230e+00
    1.911110e-01    1.842594e+02    6.584536e+00
    1.936285e-01    1.867747e+02    6.814029e+00
    1.961803e-01    1.893275e+02    7.052017e+00
    1.987667e-01    1.919183e+02    7.298821e+00
    2.013884e-01    1.945476e+02    7.554773e+00
    2.040457e-01    1.972160e+02    7.820218e+00
    2.067391e-01    1.999242e+02    8.095510e+00
    2.094689e-01    2.026729e+02    8.381023e+00
    2.122357e-01    2.054626e+02    8.677136e+00
    2.150400e-01    2.082939e+02    8.984249e+00
    2.178820e-01    2.111676e+02    9.302773e+00
    2.207624e-01    2.140845e+02    9.633134e+00
    2.236816e-01    2.170450e+02    9.975775e+00
    2.266400e-01    2.200500e+02    1.033115e+01
    2.296382e-01    2.231001e+02    1.069974e+01
    2.326767e-01    2.261961e+02    1.108203e+01
    2.357558e-01    2.293387e+02    1.147853e+01
    2.388762e-01    2.325287e+02    1.188977e+01
    2.420383e-01    2.357669e+02    1.231629e+01
    2.452425e-01    2.390542e+02    1.275867e+01
    2.484896e-01    2.423912e+02    1.321747e+01
    2.517798e-01    2.457788e+02    1.369332e+01
    2.551137e-01    2.492179e+02    1.418683e+01
    2.584919e-01    2.527091e+02    1.469867e+01
    2.619149e-01    2.562538e+02    1.522949e+01
    2.653832e-01    2.598524e+02    1.578000e+01
    2.688974e-01    2.635060e+02    1.635091e+01
    2.724580e-01    2.672156e+02    1.694298e+01
    2.760655e-01    2.709820e+02    1.755697e+01
    2.797204e-01    2.748063e+02    1.819368e+01
    2.834234e-01    2.786894e+02    1.885394e+01
    2.871751e-01    2.826325e+02    1.953860e+01
    2.909759e-01    2.866364e+02    2.024856e+01
    2.948264e-01    2.907024e+02    2.098471e+01
    2.987273e-01    2.948313e+02    2.174803e+01
    3.026791e-01    2.990244e+02    2.253945e+01
    3.066823e-01    3.032828e+02    2.336003e+01
    3.107376e-01    3.076076e+02    2.421079e+01
    3.148455e-01    3.120000e+02    2.509282e+01
    3.190068e-01    3.164612e+02    2.600724e+01
    3.232218e-01    3.209926e+02    2.695522e+01
    3.274914e-01    3.255952e+02    2.793792e+01
    3.318160e-01    3.302704e+02    2.895662e+01
    3.361964e-01    3.350195e+02    3.001257e+01
    3.406330e-01    3.398439e+02    3.110711e+01
    3.451268e-01    3.447450e+02    3.224159e+01
    3.496780e-01    3.497240e+02    3.341743e+01
    3.542875e-01    3.547826e+02    3.463607e+01
    3.589559e-01    3.599222e+02    3.589904e+01
    3.636838e-01    3.651442e+02    3.720790e+01
    3.684719e-01    3.704503e+02    3.856424e+01
    3.733208e-01    3.758419e+02    3.996972e+01
    3.782313e-01    3.813208e+02    4.142606e+01
    3.832040e-01    3.868885e+02    4.293504e+01
    3.882395e-01    3.925468e+02    4.449848e+01
    3.933386e-01    3.982975e+02    4.611827e+01
    3.985018e-01    4.041421e+02    4.779636e+01
    4.037299e-01    4.100826e+02    4.953477e+01
    4.090237e-01    4.161209e+02    5.133556e+01
    4.143838e-01    4.222589e+02    5.320089e+01
    4.198109e-01    4.284984e+02    5.513296e+01
    4.253057e-01    4.348415e+02    5.713408e+01
    4.308689e-01    4.412902e+02    5.920658e+01
    4.365012e-01    4.478467e+02    6.135291e+01
    4.422034e-01    4.545129e+02    6.357557e+01
    4.479763e-01    4.612913e+02    6.587715e+01
    4.538204e-01    4.681839e+02    6.826031e+01
    4.597365e-01    4.751932e+02    7.072783e+01
    4.657255e-01    4.823215e+02    7.328252e+01
    4.717881e-01    4.895710e+02    7.592732e+01
    4.779249e-01    4.969445e+02    7.866525e+01
    4.841367e-01    5.044443e+02    8.149942e+01
    4.904244e-01    5.120731e+02    8.443304e+01
    4.967887e-01    5.198335e+02    8.746941e+01
    5.032302e-01    5.277282e+02    9.061195e+01
    5.097499e-01    5.357600e+02    9.386417e+01
    5.163484e-01    5.439319e+02    9.722967e+01
    5.230266e-01    5.522467e+02    1.007122e+02
    5.297851e-01    5.607074e+02    1.043156e+02
    5.366249e-01    5.693170e+02    1.080438e+02
    5.435468e-01    5.780788e+02    1.119009e+02
    5.505513e-01    5.869959e+02    1.158911e+02
    5.576395e-01    5.960718e+02    1.200187e+02
    5.648121e-01    6.053097e+02    1.242881e+02
    5.720697e-01    6.147130e+02    1.287040e+02
    5.794135e-01    6.242854e+02    1.332711e+02
    5.868440e-01    6.340304e+02    1.379941e+02
    5.943621e-01    6.439519e+02    1.428781e+02
    6.019687e-01    6.540537e+02    1.479283e+02
    6.096643e-01    6.643395e+02    1.531498e+02
    6.174501e-01    6.748136e+02    1.585483e+02
    6.253267e-01    6.854798e+02    1.641291e+02
    6.332950e-01    6.963424e+02    1.698982e+02
    6.413557e-01    7.074059e+02    1.758613e+02
    6.495098e-01    7.186745e+02    1.820247e+02
    6.577580e-01    7.301526e+02    1.883944e+02
    6.661011e-01    7.418451e+02    1.949771e+02
    6.745401e-01    7.537566e+02    2.017791e+02
    6.830756e-01    7.658919e+02    2.088074e+02
    6.917086e-01    7.782561e+02    2.160688e+02
    7.004397e-01    7.908541e+02    2.235707e+02
    7.092700e-01    8.036911e+02    2.313202e+02
    7.182002e-01    8.167726e+02    2.393250e+02
    7.272310e-01    8.301039e+02    2.475928e+02
    7.363634e-01    8.436906e+02    2.561315e+02
    7.455982e-01    8.575383e+02    2.649494e+02
    7.549361e-01    8.716530e+02    2.740547e+02
    7.643781e-01    8.860406e+02    2.834562e+02
    7.739247e-01    9.007073e+02    2.931626e+02
    7.835771e-01    9.156590e+02    3.031830e+02
    7.933358e-01    9.309026e+02    3.135266e+02
    8.032017e-01    9.464441e+02    3.242030e+02
    8.131757e-01    9.622906e+02    3.352219e+02
    8.232584e-01    9.784488e+02    3.465933e+02
    8.334508e-01    9.949255e+02    3.583274e+02
    8.437534e-01    1.011728e+03    3.704347e+02
    8.541674e-01    1.028864e+03    3.829261e+02
    8.646931e-01    1.046340e+03    3.958124e+02
    8.753315e-01    1.064164e+03    4.091049e+02
    8.860835e-01    1.082343e+03    4.228154e+02
    8.969495e-01    1.100888e+03    4.369553e+02
    9.079306e-01    1.119803e+03    4.515369e+02
    9.190272e-01    1.139099e+03    4.665725e+02
    9.302403e-01    1.158784e+03    4.820747e+02
    9.415704e-01    1.178866e+03    4.980565e+02
    9.530184e-01    1.199354e+03    5.145312e+02
    9.645847e-01    1.220257e+03    5.315121e+02
    9.762703e-01    1.241584e+03    5.490130e+02
    9.880758e-01    1.263345e+03    5.670479e+02
    1.000002e+00    1.285549e+03    5.856314e+02
    1.012049e+00    1.308206e+03    6.047781e+02
    1.024217e+00    1.331325e+03    6.245029e+02
    1.036509e+00    1.354916e+03    6.448211e+02
    1.048922e+00    1.378992e+03    6.657483e+02
    1.061460e+00    1.403560e+03    6.873004e+02
    1.074122e+00    1.428632e+03    7.094936e+02
    1.086908e+00    1.454220e+03    7.323443e+02
    1.099820e+00    1.480332e+03    7.558693e+02
    1.112857e+00    1.506983e+03    7.800860e+02
    1.126020e+00    1.534181e+03    8.050114e+02
    1.139310e+00    1.561940e+03    8.306634e+02
    1.152726e+00    1.590270e+03    8.570601e+02
    1.166271e+00    1.619184e+03    8.842197e+02
    1.179943e+00    1.648694e+03    9.121609e+02
    1.193743e+00    1.678813e+03    9.409026e+02
    1.207672e+00    1.709551e+03    9.704640e+02
    1.221730e+00    1.740924e+03    1.000865e+03
    1.235918e+00    1.772942e+03    1.032124e+03
    1.250234e+00    1.805620e+03    1.064263e+03
    1.264680e+00    1.838972e+03    1.097301e+03
    1.279257e+00    1.873008e+03    1.131260e+03
    1.293963e+00    1.907745e+03    1.166158e+03
    1.308799e+00    1.943193e+03    1.202019e+03
    1.323766e+00    1.979370e+03    1.238864e+03
    1.338863e+00    2.016289e+03    1.276714e+03
    1.354092e+00    2.053962e+03    1.315590e+03
    1.369450e+00    2.092405e+03    1.355517e+03
    1.384940e+00    2.131633e+03    1.396514e+03
    1.400559e+00    2.171660e+03    1.438605e+03
    1.416309e+00    2.212500e+03    1.481813e+03
    1.432189e+00    2.254169e+03    1.526160e+03
    1.448200e+00    2.296683e+03    1.571671e+03
    1.464341e+00    2.340056e+03    1.618367e+03
    1.480610e+00    2.384302e+03    1.666273e+03
    1.497011e+00    2.429439e+03    1.715411e+03
