    1.000000e-03    9.396400e-01    8.800000e-04
    2.000000e-03    1.880460e+00    1.680000e-03
    3.000000e-03    2.821730e+00    2.570000e-03
    4.000000e-03    3.763280e+00    3.460000e-03
    5.000000e-03    4.705070e+00    4.350000e-03
    6.000000e-03    5.647040e+00    5.200000e-03
    7.000000e-03    6.589150e+00    6.020000e-03
    8.000000e-03    7.531370e+00    6.790000e-03
    9.000000e-03    8.473680e+00    7.520000e-03
    1.000000e-02    9.416070e+00    8.200000e-03
    1.100000e-02    1.035853e+01    8.840000e-03
    1.200000e-02    1.130105e+01    9.450000e-03
    1.300000e-02    1.224361e+01    1.004000e-02
    1.400000e-02    1.318623e+01    1.059000e-02
    1.500000e-02    1.412888e+01    1.113000e-02
    1.600000e-02    1.507156e+01    1.168000e-02
    1.700000e-02    1.601428e+01    1.222000e-02
    1.800000e-02    1.695702e+01    1.278000e-02
    1.900000e-02    1.789981e+01    1.339000e-02
    2.000000e-02    1.884263e+01    1.402000e-02
    2.100000e-02    1.978548e+01    1.471000e-02
    2.200000e-02    2.072836e+01    1.548000e-02
    2.300000e-02    2.167129e+01    1.632000e-02
    2.400000e-02    2.261424e+01    1.726000e-02
    2.500000e-02    2.355724e+01    1.829000e-02
    2.600000e-02    2.450028e+01    1.946000e-02
    2.700000e-02    2.544337e+01    2.074000e-02
    2.800000e-02    2.638652e+01    2.216000e-02
    2.900000e-02    2.732971e+01    2.375000e-02
    3.000000e-02    2.827296e+01    2.548000e-02
    3.100000e-02    2.921627e+01    2.741000e-02
    3.200000e-02    3.015965e+01    2.950000e-02
    3.300000e-02    3.110310e+01    3.182000e-02
    3.400000e-02    3.204662e+01    3.431000e-02
    3.500000e-02    3.299022e+01    3.702000e-02
    3.600000e-02    3.393388e+01    3.998000e-02
    3.700000e-02    3.487765e+01    4.315000e-02
    3.800000e-02    3.582150e+01    4.661000e-02
    3.900000e-02    3.676545e+01    5.027000e-02
    4.000000e-02    3.770949e+01    5.425000e-02
    4.100000e-02    3.865364e+01    5.846000e-02
    4.200000e-02    3.959789e+01    6.299000e-02
    4.300000e-02    4.054225e+01    6.777000e-02
    4.400000e-02    4.148672e+01    7.285000e-02
    4.500000e-02    4.243132e+01    7.828000e-02
    4.600000e-02    4.337604e+01    8.398000e-02
    4.700000e-02    4.432089e+01    9.006000e-02
    4.800000e-02    4.526587e+01    9.640000e-02
    4.900000e-02    4.621099e+01    1.031500e-01
    5.000000e-02    4.715625e+01    1.101700e-01
    5.100000e-02    4.810164e+01    1.176100e-01
    5.200000e-02    4.904719e+01    1.253400e-01
    5.300000e-02    4.999290e+01    1.334900e-01
    5.400000e-02    5.093876e+01    1.419400e-01
    5.500000e-02    5.188478e+01    1.508200e-01
    5.600000e-02    5.283097e+01    1.600000e-01
    5.700000e-02    5.377731e+01    1.696300e-01
    5.800000e-02    5.472370e+01    1.759200e-01
    5.900000e-02    5.567039e+01    1.862300e-01
    6.000000e-02    5.661727e+01    1.970300e-01
    6.100000e-02    5.756435e+01    2.081900e-01
    6.200000e-02    5.851159e+01    2.195700e-01
    6.300000e-02    5.945901e+01    2.312800e-01
    6.400000e-02    6.040667e+01    2.434200e-01
    6.500000e-02    6.132059e+01    2.594087e-01
    6.600000e-02    6.226808e+01    2.733198e-01
    6.700000e-02    6.321579e+01    2.877314e-01
    6.800000e-02    6.416371e+01    3.026512e-01
    6.900000e-02    6.511186e+01    3.180870e-01
    7.000000e-02    6.606023e+01    3.340462e-01
    7.100000e-02    6.700884e+01    3.505366e-01
    7.200000e-02    6.795768e+01    3.675655e-01
    7.300000e-02    6.890676e+01    3.851406e-01
    7.400000e-02    6.985609e+01    4.032690e-01
    7.500000e-02    7.080567e+01    4.219583e-01
    7.600000e-02    7.175550e+01    4.412157e-01
    7.700000e-02    7.270558e+01    4.610484e-01
    7.800000e-02    7.365593e+01    4.814636e-01
    7.900000e-02    7.460654e+01    5.024685e-01
    8.000000e-02    7.555742e+01    5.240702e-01
    8.100000e-02    7.650858e+01    5.462757e-01
    8.200000e-02    7.746002e+01    5.690920e-01
    8.300000e-02    7.841173e+01    5.925261e-01
    8.400000e-02    7.936373e+01    6.165849e-01
    8.500000e-02    8.031603e+01    6.412753e-01
    8.600000e-02    8.126861e+01    6.666040e-01
    8.700000e-02    8.222150e+01    6.925780e-01
    8.800000e-02    8.317468e+01    7.192040e-01
    8.900000e-02    8.412818e+01    7.464886e-01
    9.000000e-02    8.508198e+01    7.744385e-01
    9.100000e-02    8.603610e+01    8.030605e-01
    9.200000e-02    8.699054e+01    8.323610e-01
    9.300000e-02    8.794529e+01    8.623468e-01
    9.400000e-02    8.890038e+01    8.930242e-01
    9.500000e-02    8.985579e+01    9.243999e-01
    9.600000e-02    9.081154e+01    9.564803e-01
    9.700000e-02    9.176763e+01    9.892718e-01
    9.800000e-02    9.272406e+01    1.022781e+00
    9.900000e-02    9.368083e+01    1.057014e+00
    1.000000e-01    9.463795e+01    1.091977e+00
    1.010000e-01    9.559543e+01    1.127677e+00
    1.020000e-01    9.655326e+01    1.164120e+00
    1.030000e-01    9.751146e+01    1.201312e+00
    1.040000e-01    9.847002e+01    1.239260e+00
    1.050000e-01    9.942895e+01    1.277969e+00
    1.060000e-01    1.003882e+02    1.317446e+00
    1.070000e-01    1.013479e+02    1.357697e+00
    1.080000e-01    1.023080e+02    1.398728e+00
    1.090000e-01    1.032684e+02    1.440546e+00
    1.100000e-01    1.042292e+02    1.483156e+00
    1.110000e-01    1.051905e+02    1.526564e+00
    1.120000e-01    1.061521e+02    1.570778e+00
    1.130000e-01    1.071141e+02    1.615802e+00
    1.140000e-01    1.080765e+02    1.661642e+00
    1.150000e-01    1.090393e+02    1.708305e+00
    1.160000e-01    1.100025e+02    1.755797e+00
    1.170000e-01    1.109662e+02    1.804124e+00
    1.180000e-01    1.119302e+02    1.853291e+00
    1.190000e-01    1.128947e+02    1.903304e+00
    1.200000e-01    1.138596e+02    1.954170e+00
    1.210000e-01    1.148250e+02    2.005895e+00
    1.220000e-01    1.157907e+02    2.058484e+00
    1.230000e-01    1.167569e+02    2.111942e+00
    1.240000e-01    1.177235e+02    2.166277e+00
    1.250000e-01    1.186906e+02    2.221494e+00
    1.260000e-01    1.196581e+02    2.277599e+00
    1.270000e-01    1.206261e+02    2.334597e+00
    1.280000e-01    1.215945e+02    2.392060e+00
    1.290000e-01    1.225634e+02    2.449858e+00
    1.300000e-01    1.235327e+02    2.508239e+00
    1.310000e-01    1.245025e+02    2.567275e+00
    1.320000e-01    1.254727e+02    2.627009e+00
    1.330000e-01    1.264434e+02    2.687470e+00
    1.340000e-01    1.274145e+02    2.748681e+00
    1.350000e-01    1.283861e+02    2.810658e+00
    1.360000e-01    1.293582e+02    2.873418e+00
    1.370000e-01    1.303307e+02    2.936975e+00
    1.380000e-01    1.313037e+02    3.001341e+00
    1.390000e-01    1.322772e+02    3.066526e+00
    1.400000e-01    1.332511e+02    3.132542e+00
    1.410000e-01    1.342255e+02    3.199397e+00
    1.420000e-01    1.352004e+02    3.267102e+00
    1.430000e-01    1.361758e+02    3.335665e+00
    1.440000e-01    1.371516e+02    3.405095e+00
    1.450000e-01    1.381279e+02    3.475399e+00
    1.460000e-01    1.391047e+02    3.546586e+00
    1.470000e-01    1.400821e+02    3.618663e+00
    1.480000e-01    1.410599e+02    3.691638e+00
    1.490000e-01    1.420382e+02    3.765519e+00
    1.500000e-01    1.430170e+02    3.840312e+00
    1.510000e-01    1.439963e+02    3.916025e+00
    1.520000e-01    1.449761e+02    3.992664e+00
    1.530000e-01    1.459564e+02    4.070237e+00
    1.540000e-01    1.469372e+02    4.148750e+00
    1.550000e-01    1.479185e+02    4.228211e+00
    1.560000e-01    1.489004e+02    4.308625e+00
    1.570000e-01    1.498827e+02    4.390000e+00
    1.580000e-01    1.508656e+02    4.472342e+00
    1.590000e-01    1.518491e+02    4.555658e+00
    1.600000e-01    1.528330e+02    4.639954e+00
    1.610000e-01    1.538175e+02    4.725236e+00
    1.620000e-01    1.548025e+02    4.811511e+00
    1.630000e-01    1.557880e+02    4.898786e+00
    1.640000e-01    1.567741e+02    4.987066e+00
    1.650000e-01    1.577607e+02    5.076359e+00
    1.660000e-01    1.587479e+02    5.166669e+00
    1.670000e-01    1.597356e+02    5.258004e+00
    1.680000e-01    1.607238e+02    5.350370e+00
    1.690000e-01    1.617127e+02    5.443773e+00
    1.700000e-01    1.627020e+02    5.538220e+00
    1.710000e-01    1.636920e+02    5.633715e+00
    1.720000e-01    1.646824e+02    5.730266e+00
    1.730000e-01    1.656735e+02    5.827879e+00
    1.740000e-01    1.666651e+02    5.926560e+00
    1.750000e-01    1.676573e+02    6.026315e+00
    1.760000e-01    1.686501e+02    6.127150e+00
    1.770000e-01    1.696434e+02    6.229071e+00
    1.780000e-01    1.706373e+02    6.332084e+00
    1.790000e-01    1.716318e+02    6.436196e+00
    1.800000e-01    1.726269e+02    6.541412e+00
    1.810000e-01    1.736226e+02    6.647739e+00
    1.820000e-01    1.746189e+02    6.755183e+00
    1.830000e-01    1.756157e+02    6.863749e+00
    1.840000e-01    1.766132e+02    6.973443e+00
    1.850000e-01    1.776112e+02    7.084273e+00
    1.860000e-01    1.786099e+02    7.196243e+00
    1.870000e-01    1.796091e+02    7.309361e+00
    1.880000e-01    1.806090e+02    7.423631e+00
    1.890000e-01    1.816095e+02    7.539059e+00
    1.900000e-01    1.826106e+02    7.655653e+00
    1.910000e-01    1.836123e+02    7.773418e+00
    1.920000e-01    1.846146e+02    7.892359e+00
    1.930000e-01    1.856176e+02    8.012484e+00
    1.940000e-01    1.866212e+02    8.133797e+00
    1.950000e-01    1.876254e+02    8.256305e+00
    1.960000e-01    1.886302e+02    8.380013e+00
    1.970000e-01    1.896357e+02    8.504929e+00
    1.980000e-01    1.906418e+02    8.631057e+00
    1.990000e-01    1.916485e+02    8.758404e+00
    2.000000e-01    1.926559e+02    8.886976e+00
    2.010000e-01    1.936640e+02    9.016779e+00
    2.020000e-01    1.946726e+02    9.147818e+00
    2.030000e-01    1.956820e+02    9.280099e+00
    2.040000e-01    1.966920e+02    9.413629e+00
    2.050000e-01    1.977026e+02    9.548414e+00
    2.060000e-01    1.987139e+02    9.684459e+00
    2.070000e-01    1.997259e+02    9.821770e+00
    2.080000e-01    2.007386e+02    9.960353e+00
    2.090000e-01    2.017519e+02    1.010022e+01
    2.100000e-01    2.027659e+02    1.024136e+01
    2.110000e-01    2.037805e+02    1.038380e+01
    2.120000e-01    2.047958e+02    1.052753e+01
    2.130000e-01    2.058119e+02    1.067256e+01
    2.140000e-01    2.068286e+02    1.081890e+01
    2.150000e-01    2.078460e+02    1.096656e+01
    2.160000e-01    2.088640e+02    1.111553e+01
    2.170000e-01    2.098828e+02    1.126583e+01
    2.180000e-01    2.109023e+02    1.141746e+01
    2.190000e-01    2.119224e+02    1.157043e+01
    2.200000e-01    2.129433e+02    1.172474e+01
    2.210000e-01    2.139649e+02    1.188040e+01
    2.220000e-01    2.149872e+02    1.203742e+01
    2.230000e-01    2.160101e+02    1.219579e+01
    2.240000e-01    2.170338e+02    1.235553e+01
    2.250000e-01    2.180583e+02    1.251665e+01
    2.260000e-01    2.190834e+02    1.267914e+01
    2.270000e-01    2.201093e+02    1.284302e+01
    2.280000e-01    2.211358e+02    1.300828e+01
    2.290000e-01    2.221632e+02    1.317494e+01
    2.300000e-01    2.231912e+02    1.334300e+01
    2.310000e-01    2.242200e+02    1.351247e+01
    2.320000e-01    2.252495e+02    1.368336e+01
    2.330000e-01    2.262797e+02    1.385566e+01
    2.340000e-01    2.273107e+02    1.402938e+01
    2.350000e-01    2.283425e+02    1.420454e+01
    2.360000e-01    2.293750e+02    1.438113e+01
    2.370000e-01    2.304082e+02    1.455916e+01
    2.380000e-01    2.314422e+02    1.473864e+01
    2.390000e-01    2.324770e+02    1.491957e+01
    2.400000e-01    2.335125e+02    1.510197e+01
    2.410000e-01    2.345487e+02    1.528582e+01
    2.420000e-01    2.355858e+02    1.547115e+01
    2.430000e-01    2.366236e+02    1.565795e+01
    2.440000e-01    2.376622e+02    1.584623e+01
    2.450000e-01    2.387015e+02    1.603601e+01
    2.460000e-01    2.397417e+02    1.622727e+01
    2.470000e-01    2.407826e+02    1.642003e+01
    2.480000e-01    2.418243e+02    1.661430e+01
    2.490000e-01    2.428668e+02    1.681007e+01
    2.500000e-01    2.439100e+02    1.700736e+01
    2.510000e-01    2.449541e+02    1.720617e+01
    2.520000e-01    2.459990e+02    1.740651e+01
    2.530000e-01    2.470446e+02    1.760838e+01
    2.540000e-01    2.480911e+02    1.781179e+01
    2.550000e-01    2.491384e+02    1.801673e+01
    2.560000e-01    2.501864e+02    1.822323e+01
    2.570000e-01    2.512353e+02    1.843128e+01
    2.580000e-01    2.522850e+02    1.864089e+01
    2.590000e-01    2.533355e+02    1.885207e+01
    2.600000e-01    2.543868e+02    1.906482e+01
    2.610000e-01    2.554390e+02    1.927914e+01
    2.620000e-01    2.564920e+02    1.949504e+01
    2.630000e-01    2.575458e+02    1.971253e+01
    2.640000e-01    2.586004e+02    1.993161e+01
    2.650000e-01    2.596558e+02    2.015228e+01
    2.660000e-01    2.607121e+02    2.037456e+01
    2.670000e-01    2.617693e+02    2.059845e+01
    2.680000e-01    2.628273e+02    2.082395e+01
    2.690000e-01    2.638861e+02    2.105107e+01
    2.700000e-01    2.649457e+02    2.127981e+01
    2.710000e-01    2.660063e+02    2.151019e+01
    2.720000e-01    2.670676e+02    2.174219e+01
    2.730000e-01    2.681299e+02    2.197584e+01
    2.740000e-01    2.691930e+02    2.221113e+01
    2.750000e-01    2.702569e+02    2.244807e+01
    2.760000e-01    2.713217e+02    2.268666e+01
    2.770000e-01    2.723874e+02    2.292691e+01
    2.780000e-01    2.734540e+02    2.316883e+01
    2.790000e-01    2.745214e+02    2.341242e+01
    2.800000e-01    2.755897e+02    2.365768e+01
    2.810000e-01    2.766589e+02    2.390463e+01
    2.820000e-01    2.777289e+02    2.415326e+01
    2.830000e-01    2.787999e+02    2.440358e+01
    2.840000e-01    2.798717e+02    2.465559e+01
    2.850000e-01    2.809444e+02    2.490930e+01
    2.860000e-01    2.820181e+02    2.516472e+01
    2.870000e-01    2.830926e+02    2.542185e+01
    2.880000e-01    2.841680e+02    2.568070e+01
    2.890000e-01    2.852443e+02    2.594126e+01
    2.900000e-01    2.863215e+02    2.620355e+01
    2.910000e-01    2.873996e+02    2.646757e+01
    2.920000e-01    2.884787e+02    2.673332e+01
    2.930000e-01    2.895586e+02    2.700081e+01
    2.940000e-01    2.906395e+02    2.727004e+01
    2.950000e-01    2.917213e+02    2.754102e+01
    2.960000e-01    2.928040e+02    2.781376e+01
    2.970000e-01    2.938876e+02    2.808825e+01
    2.980000e-01    2.949722e+02    2.836451e+01
    2.990000e-01    2.960577e+02    2.864253e+01
    3.000000e-01    2.971441e+02    2.892232e+01
    3.010000e-01    2.982314e+02    2.920389e+01
    3.020000e-01    2.993197e+02    2.948724e+01
    3.030000e-01    3.004090e+02    2.977237e+01
    3.040000e-01    3.014992e+02    3.005929e+01
    3.050000e-01    3.025903e+02    3.034801e+01
    3.060000e-01    3.036824e+02    3.063852e+01
    3.070000e-01    3.047754e+02    3.093084e+01
    3.080000e-01    3.058694e+02    3.122496e+01
    3.090000e-01    3.069643e+02    3.152090e+01
    3.100000e-01    3.080602e+02    3.181865e+01
    3.110000e-01    3.091571e+02    3.211822e+01
    3.120000e-01    3.102549e+02    3.241961e+01
    3.130000e-01    3.113537e+02    3.272283e+01
    3.140000e-01    3.124535e+02    3.302788e+01
    3.150000e-01    3.135542e+02    3.333477e+01
    3.160000e-01    3.146559e+02    3.364350e+01
    3.170000e-01    3.157587e+02    3.395408e+01
    3.180000e-01    3.168623e+02    3.426650e+01
    3.190000e-01    3.179670e+02    3.458078e+01
    3.200000e-01    3.190727e+02    3.489691e+01
    3.210000e-01    3.201793e+02    3.521490e+01
    3.220000e-01    3.212870e+02    3.553476e+01
    3.230000e-01    3.223956e+02    3.585648e+01
    3.240000e-01    3.235052e+02    3.618008e+01
    3.250000e-01    3.246159e+02    3.650555e+01
    3.260000e-01    3.257275e+02    3.683291e+01
    3.270000e-01    3.268402e+02    3.716214e+01
    3.280000e-01    3.279538e+02    3.749327e+01
    3.290000e-01    3.290685e+02    3.782628e+01
    3.300000e-01    3.301842e+02    3.816119e+01
    3.310000e-01    3.313009e+02    3.849799e+01
    3.320000e-01    3.324186e+02    3.883670e+01
    3.330000e-01    3.335374e+02    3.917732e+01
    3.340000e-01    3.346572e+02    3.951984e+01
    3.350000e-01    3.357780e+02    3.986427e+01
    3.360000e-01    3.368998e+02    4.021062e+01
    3.370000e-01    3.380227e+02    4.055889e+01
    3.380000e-01    3.391466e+02    4.090908e+01
    3.390000e-01    3.402715e+02    4.126120e+01
    3.400000e-01    3.413975e+02    4.161525e+01
    3.410000e-01    3.425246e+02    4.197123e+01
    3.420000e-01    3.436526e+02    4.232914e+01
    3.430000e-01    3.447818e+02    4.268899e+01
    3.440000e-01    3.459119e+02    4.305079e+01
    3.450000e-01    3.470432e+02    4.341453e+01
    3.460000e-01    3.481755e+02    4.378022e+01
    3.470000e-01    3.493088e+02    4.414786e+01
    3.480000e-01    3.504432e+02    4.450592e+01
    3.490000e-01    3.515786e+02    4.483454e+01
    3.500000e-01    3.527149e+02    4.515111e+01
    3.510000e-01    3.538521e+02    4.546011e+01
    3.520000e-01    3.549902e+02    4.576363e+01
    3.530000e-01    3.561291e+02    4.606292e+01
    3.540000e-01    3.572689e+02    4.635880e+01
    3.550000e-01    3.584095e+02    4.665190e+01
    3.560000e-01    3.595509e+02    4.694265e+01
    3.570000e-01    3.606932e+02    4.723143e+01
    3.580000e-01    3.618362e+02    4.751853e+01
    3.590000e-01    3.629801e+02    4.780418e+01
    3.600000e-01    3.641247e+02    4.808858e+01
    3.610000e-01    3.652701e+02    4.837191e+01
    3.620000e-01    3.664164e+02    4.865432e+01
    3.630000e-01    3.675633e+02    4.893592e+01
    3.640000e-01    3.687111e+02    4.921684e+01
    3.650000e-01    3.698597e+02    4.949717e+01
    3.660000e-01    3.710090e+02    4.977701e+01
    3.670000e-01    3.721590e+02    5.005643e+01
    3.680000e-01    3.733099e+02    5.033550e+01
    3.690000e-01    3.744614e+02    5.061428e+01
    3.700000e-01    3.756138e+02    5.089285e+01
    3.710000e-01    3.767669e+02    5.117124e+01
    3.720000e-01    3.779207e+02    5.144952e+01
    3.730000e-01    3.790753e+02    5.172772e+01
    3.740000e-01    3.802307e+02    5.200589e+01
    3.750000e-01    3.813868e+02    5.228407e+01
    3.760000e-01    3.825436e+02    5.256229e+01
    3.770000e-01    3.837011e+02    5.284059e+01
    3.780000e-01    3.848595e+02    5.311900e+01
    3.790000e-01    3.860185e+02    5.339754e+01
    3.800000e-01    3.871783e+02    5.367625e+01
    3.810000e-01    3.883388e+02    5.395515e+01
    3.820000e-01    3.895000e+02    5.423427e+01
    3.830000e-01    3.906620e+02    5.451363e+01
    3.840000e-01    3.918247e+02    5.479324e+01
    3.850000e-01    3.929881e+02    5.507314e+01
    3.860000e-01    3.941523e+02    5.535333e+01
    3.870000e-01    3.953172e+02    5.563385e+01
    3.880000e-01    3.964828e+02    5.591470e+01
    3.890000e-01    3.976491e+02    5.619590e+01
    3.900000e-01    3.988162e+02    5.647747e+01
    3.910000e-01    3.999840e+02    5.675942e+01
    3.920000e-01    4.011525e+02    5.704177e+01
    3.930000e-01    4.023217e+02    5.732454e+01
    3.940000e-01    4.034916e+02    5.760772e+01
    3.950000e-01    4.046623e+02    5.789134e+01
    3.960000e-01    4.058337e+02    5.817542e+01
    3.970000e-01    4.070058e+02    5.845995e+01
    3.980000e-01    4.081786e+02    5.874495e+01
    3.990000e-01    4.093521e+02    5.900535e+01
    4.000000e-01    4.105262e+02    5.923754e+01
    4.010000e-01    4.117009e+02    5.946046e+01
    4.020000e-01    4.128761e+02    5.967783e+01
    4.030000e-01    4.140519e+02    5.989134e+01
    4.040000e-01    4.152282e+02    6.010199e+01
    4.050000e-01    4.164050e+02    6.031041e+01
    4.060000e-01    4.175824e+02    6.051707e+01
    4.070000e-01    4.187602e+02    6.072230e+01
    4.080000e-01    4.199385e+02    6.092637e+01
    4.090000e-01    4.211174e+02    6.112947e+01
    4.100000e-01    4.222967e+02    6.133178e+01
    4.110000e-01    4.234765e+02    6.153342e+01
    4.120000e-01    4.246569e+02    6.173453e+01
    4.130000e-01    4.258377e+02    6.193520e+01
    4.140000e-01    4.270190e+02    6.213550e+01
    4.150000e-01    4.282007e+02    6.233552e+01
    4.160000e-01    4.293830e+02    6.253533e+01
    4.170000e-01    4.305657e+02    6.273497e+01
    4.180000e-01    4.317489e+02    6.293450e+01
    4.190000e-01    4.329326e+02    6.313396e+01
    4.200000e-01    4.341168e+02    6.333340e+01
    4.210000e-01    4.353014e+02    6.353286e+01
    4.220000e-01    4.364866e+02    6.373236e+01
    4.230000e-01    4.376721e+02    6.393194e+01
    4.240000e-01    4.388582e+02    6.413162e+01
    4.250000e-01    4.400447e+02    6.433144e+01
    4.260000e-01    4.412317e+02    6.453142e+01
    4.270000e-01    4.424192e+02    6.473158e+01
    4.280000e-01    4.436072e+02    6.493193e+01
    4.290000e-01    4.447956e+02    6.513251e+01
    4.300000e-01    4.459844e+02    6.533332e+01
    4.310000e-01    4.471738e+02    6.553439e+01
    4.320000e-01    4.483636e+02    6.573572e+01
    4.330000e-01    4.495539e+02    6.593735e+01
    4.340000e-01    4.507446e+02    6.613927e+01
    4.350000e-01    4.519358e+02    6.634150e+01
    4.360000e-01    4.531275e+02    6.654406e+01
    4.370000e-01    4.543196e+02    6.674696e+01
    4.380000e-01    4.555123e+02    6.695021e+01
    4.390000e-01    4.567053e+02    6.715381e+01
    4.400000e-01    4.578989e+02    6.735779e+01
    4.410000e-01    4.590928e+02    6.756214e+01
    4.420000e-01    4.602873e+02    6.776688e+01
    4.430000e-01    4.614822e+02    6.797202e+01
    4.440000e-01    4.626776e+02    6.817757e+01
    4.450000e-01    4.638735e+02    6.838353e+01
    4.460000e-01    4.650698e+02    6.858991e+01
    4.470000e-01    4.662666e+02    6.879672e+01
    4.480000e-01    4.674638e+02    6.900397e+01
    4.490000e-01    4.686615e+02    6.921166e+01
    4.500000e-01    4.698597e+02    6.941980e+01
    4.510000e-01    4.710583e+02    6.962840e+01
    4.520000e-01    4.722574e+02    6.983746e+01
    4.530000e-01    4.734570e+02    7.004699e+01
    4.540000e-01    4.746570e+02    7.025700e+01
    4.550000e-01    4.758575e+02    7.046748e+01
    4.560000e-01    4.770584e+02    7.067845e+01
    4.570000e-01    4.782598e+02    7.088992e+01
    4.580000e-01    4.794617e+02    7.110188e+01
    4.590000e-01    4.806640e+02    7.131434e+01
    4.600000e-01    4.818668e+02    7.152730e+01
    4.610000e-01    4.830701e+02    7.174078e+01
    4.620000e-01    4.842738e+02    7.195478e+01
    4.630000e-01    4.854780e+02    7.216929e+01
    4.640000e-01    4.866827e+02    7.238433e+01
    4.650000e-01    4.878878e+02    7.259989e+01
    4.660000e-01    4.890934e+02    7.281599e+01
    4.670000e-01    4.902994e+02    7.303263e+01
    4.680000e-01    4.915059e+02    7.324981e+01
    4.690000e-01    4.927129e+02    7.346753e+01
    4.700000e-01    4.939203e+02    7.368580e+01
    4.710000e-01    4.951282e+02    7.390462e+01
    4.720000e-01    4.963366e+02    7.412400e+01
    4.730000e-01    4.975454e+02    7.434393e+01
    4.740000e-01    4.987547e+02    7.456443e+01
    4.750000e-01    4.999645e+02    7.478550e+01
    4.760000e-01    5.011747e+02    7.500713e+01
    4.770000e-01    5.023854e+02    7.522934e+01
    4.780000e-01    5.035966e+02    7.545212e+01
    4.790000e-01    5.048082e+02    7.567548e+01
    4.800000e-01    5.060203e+02    7.589943e+01
    4.810000e-01    5.072329e+02    7.612396e+01
    4.820000e-01    5.084459e+02    7.634907e+01
    4.830000e-01    5.096594e+02    7.657478e+01
    4.840000e-01    5.108734e+02    7.680108e+01
    4.850000e-01    5.120878e+02    7.702798e+01
    4.860000e-01    5.133028e+02    7.725547e+01
    4.870000e-01    5.145181e+02    7.748357e+01
    4.880000e-01    5.157340e+02    7.771227e+01
    4.890000e-01    5.169503e+02    7.794158e+01
    4.900000e-01    5.181671e+02    7.817150e+01
    4.910000e-01    5.193843e+02    7.840203e+01
    4.920000e-01    5.206020e+02    7.863318e+01
    4.930000e-01    5.218202e+02    7.886494e+01
    4.940000e-01    5.230389e+02    7.909733e+01
    4.950000e-01    5.242580e+02    7.933033e+01
    4.960000e-01    5.254776e+02    7.956396e+01
    4.970000e-01    5.266977e+02    7.979822e+01
    4.980000e-01    5.279183e+02    8.003311e+01
    4.990000e-01    5.291393e+02    8.026863e+01
    5.000000e-01    5.303608e+02    8.050478e+01
    5.010000e-01    5.315828e+02    8.074157e+01
    5.020000e-01    5.328052e+02    8.097900e+01
    5.030000e-01    5.340281e+02    8.121707e+01
    5.040000e-01    5.352515e+02    8.145578e+01
    5.050000e-01    5.364754e+02    8.169513e+01
    5.060000e-01    5.376997e+02    8.193514e+01
    5.070000e-01    5.389245e+02    8.217579e+01
    5.080000e-01    5.401498e+02    8.241709e+01
    5.090000e-01    5.413756e+02    8.265905e+01
    5.100000e-01    5.426018e+02    8.290166e+01
    5.110000e-01    5.438285e+02    8.314493e+01
    5.120000e-01    5.450557e+02    8.338886e+01
    5.130000e-01    5.462834e+02    8.363345e+01
    5.140000e-01    5.475115e+02    8.387870e+01
    5.150000e-01    5.487401e+02    8.412462e+01
    5.160000e-01    5.499692e+02    8.437121e+01
    5.170000e-01    5.511988e+02    8.461846e+01
    5.180000e-01    5.524289e+02    8.486639e+01
    5.190000e-01    5.536594e+02    8.511499e+01
    5.200000e-01    5.548904e+02    8.536426e+01
    5.210000e-01    5.561219e+02    8.561421e+01
    5.220000e-01    5.573539e+02    8.586484e+01
    5.230000e-01    5.585864e+02    8.611614e+01
    5.240000e-01    5.598193e+02    8.636813e+01
    5.250000e-01    5.610528e+02    8.662081e+01
    5.260000e-01    5.622867e+02    8.687417e+01
    5.270000e-01    5.635210e+02    8.712821e+01
    5.280000e-01    5.647559e+02    8.738295e+01
    5.290000e-01    5.659913e+02    8.763837e+01
    5.300000e-01    5.672271e+02    8.789449e+01
    5.310000e-01    5.684634e+02    8.815130e+01
    5.320000e-01    5.697002e+02    8.840881e+01
    5.330000e-01    5.709375e+02    8.866701e+01
    5.340000e-01    5.721753e+02    8.892592e+01
    5.350000e-01    5.734136e+02    8.918552e+01
    5.360000e-01    5.746523e+02    8.944583e+01
    5.370000e-01    5.758915e+02    8.970684e+01
    5.380000e-01    5.771313e+02    8.996855e+01
    5.390000e-01    5.783715e+02    9.023098e+01
    5.400000e-01    5.796122e+02    9.049411e+01
    5.410000e-01    5.808533e+02    9.075795e+01
    5.420000e-01    5.820950e+02    9.102251e+01
    5.430000e-01    5.833372e+02    9.128777e+01
    5.440000e-01    5.845798e+02    9.155376e+01
    5.450000e-01    5.858229e+02    9.182046e+01
    5.460000e-01    5.870666e+02    9.208787e+01
    5.470000e-01    5.883107e+02    9.235601e+01
    5.480000e-01    5.895553e+02    9.262487e+01
    5.490000e-01    5.908004e+02    9.289445e+01
    5.500000e-01    5.920460e+02    9.316476e+01
    5.510000e-01    5.932921e+02    9.343579e+01
    5.520000e-01    5.945387e+02    9.370755e+01
    5.530000e-01    5.957857e+02    9.398003e+01
    5.540000e-01    5.970333e+02    9.425325e+01
    5.550000e-01    5.982813e+02    9.452720e+01
    5.560000e-01    5.995299e+02    9.480188e+01
    5.570000e-01    6.007789e+02    9.507729e+01
    5.580000e-01    6.020285e+02    9.535344e+01
    5.590000e-01    6.032785e+02    9.563033e+01
    5.600000e-01    6.045290e+02    9.590796e+01
    5.610000e-01    6.057801e+02    9.618633e+01
    5.620000e-01    6.070316e+02    9.646544e+01
    5.630000e-01    6.082836e+02    9.674529e+01
    5.640000e-01    6.095361e+02    9.702589e+01
    5.650000e-01    6.107892e+02    9.730723e+01
    5.660000e-01    6.120427e+02    9.758932e+01
    5.670000e-01    6.132967e+02    9.787215e+01
    5.680000e-01    6.145512e+02    9.815574e+01
    5.690000e-01    6.158062e+02    9.844008e+01
    5.700000e-01    6.170617e+02    9.872517e+01
    5.710000e-01    6.183178e+02    9.901102e+01
    5.720000e-01    6.195743e+02    9.929762e+01
    5.730000e-01    6.208313e+02    9.958497e+01
    5.740000e-01    6.220888e+02    9.987309e+01
    5.750000e-01    6.233468e+02    1.001620e+02
    5.760000e-01    6.246054e+02    1.004516e+02
    5.770000e-01    6.258644e+02    1.007420e+02
    5.780000e-01    6.271239e+02    1.010332e+02
    5.790000e-01    6.283840e+02    1.013251e+02
    5.800000e-01    6.296445e+02    1.016178e+02
    5.810000e-01    6.309056e+02    1.019112e+02
    5.820000e-01    6.321671e+02    1.022054e+02
    5.830000e-01    6.334292e+02    1.025004e+02
    5.840000e-01    6.346918e+02    1.027962e+02
    5.850000e-01    6.359548e+02    1.030927e+02
    5.860000e-01    6.372184e+02    1.033901e+02
    5.870000e-01    6.384825e+02    1.036881e+02
    5.880000e-01    6.397471e+02    1.039870e+02
    5.890000e-01    6.410122e+02    1.042866e+02
    5.900000e-01    6.422778e+02    1.045871e+02
    5.910000e-01    6.435440e+02    1.048883e+02
    5.920000e-01    6.448106e+02    1.051902e+02
    5.930000e-01    6.460778e+02    1.054930e+02
    5.940000e-01    6.473454e+02    1.057965e+02
    5.950000e-01    6.486136e+02    1.061009e+02
    5.960000e-01    6.498823e+02    1.064060e+02
    5.970000e-01    6.511515e+02    1.067119e+02
    5.980000e-01    6.524212e+02    1.070186e+02
    5.990000e-01    6.536914e+02    1.073260e+02
    6.000000e-01    6.549621e+02    1.076343e+02
    6.010000e-01    6.562334e+02    1.079434e+02
    6.020000e-01    6.575051e+02    1.082532e+02
    6.030000e-01    6.587774e+02    1.085639e+02
    6.040000e-01    6.600502e+02    1.088753e+02
    6.050000e-01    6.613235e+02    1.091875e+02
    6.060000e-01    6.625974e+02    1.095006e+02
    6.070000e-01    6.638717e+02    1.098144e+02
    6.080000e-01    6.651466e+02    1.101290e+02
    6.090000e-01    6.664220e+02    1.104445e+02
    6.100000e-01    6.676979e+02    1.107607e+02
    6.110000e-01    6.689743e+02    1.110778e+02
    6.120000e-01    6.702512e+02    1.113956e+02
    6.130000e-01    6.715287e+02    1.117143e+02
    6.140000e-01    6.728067e+02    1.120337e+02
    6.150000e-01    6.740852e+02    1.123540e+02
    6.160000e-01    6.753642e+02    1.126751e+02
    6.170000e-01    6.766437e+02    1.129969e+02
    6.180000e-01    6.779238e+02    1.133196e+02
    6.190000e-01    6.792044e+02    1.136431e+02
    6.200000e-01    6.804855e+02    1.139675e+02
    6.210000e-01    6.817672e+02    1.142926e+02
    6.220000e-01    6.830493e+02    1.146186e+02
    6.230000e-01    6.843320e+02    1.149453e+02
    6.240000e-01    6.856152e+02    1.152729e+02
    6.250000e-01    6.868990e+02    1.156013e+02
    6.260000e-01    6.881832e+02    1.159305e+02
    6.270000e-01    6.894680e+02    1.162606e+02
    6.280000e-01    6.907533e+02    1.165915e+02
    6.290000e-01    6.920392e+02    1.169232e+02
    6.300000e-01    6.933255e+02    1.172557e+02
    6.310000e-01    6.946124e+02    1.175890e+02
    6.320000e-01    6.958999e+02    1.179232e+02
    6.330000e-01    6.971878e+02    1.182582e+02
    6.340000e-01    6.984763e+02    1.185940e+02
    6.350000e-01    6.997653e+02    1.189307e+02
    6.360000e-01    7.010549e+02    1.192681e+02
    6.370000e-01    7.023450e+02    1.196065e+02
    6.380000e-01    7.036356e+02    1.199456e+02
    6.390000e-01    7.049267e+02    1.202856e+02
    6.400000e-01    7.062184e+02    1.206264e+02
    6.410000e-01    7.075106e+02    1.209681e+02
    6.420000e-01    7.088034e+02    1.213106e+02
    6.430000e-01    7.100967e+02    1.216539e+02
    6.440000e-01    7.113905e+02    1.219981e+02
    6.450000e-01    7.126848e+02    1.223431e+02
    6.460000e-01    7.139797e+02    1.226889e+02
    6.470000e-01    7.152751e+02    1.230356e+02
    6.480000e-01    7.165711e+02    1.233831e+02
    6.490000e-01    7.178676e+02    1.237315e+02
    6.500000e-01    7.191646e+02    1.240808e+02
    6.510000e-01    7.204622e+02    1.244308e+02
    6.520000e-01    7.217603e+02    1.247817e+02
    6.530000e-01    7.230589e+02    1.251335e+02
    6.540000e-01    7.243581e+02    1.254861e+02
    6.550000e-01    7.256578e+02    1.258396e+02
    6.560000e-01    7.269581e+02    1.261939e+02
    6.570000e-01    7.282589e+02    1.265491e+02
    6.580000e-01    7.295603e+02    1.269051e+02
    6.590000e-01    7.308622e+02    1.272620e+02
    6.600000e-01    7.321646e+02    1.276197e+02
    6.610000e-01    7.334676e+02    1.279783e+02
    6.620000e-01    7.347711e+02    1.283377e+02
    6.630000e-01    7.360751e+02    1.286980e+02
    6.640000e-01    7.373797e+02    1.290592e+02
    6.650000e-01    7.386849e+02    1.294212e+02
    6.660000e-01    7.399906e+02    1.297841e+02
    6.670000e-01    7.412968e+02    1.301478e+02
    6.680000e-01    7.426036e+02    1.305124e+02
    6.690000e-01    7.439109e+02    1.308779e+02
    6.700000e-01    7.452188e+02    1.312442e+02
    6.710000e-01    7.465273e+02    1.316114e+02
    6.720000e-01    7.478362e+02    1.319795e+02
    6.730000e-01    7.491458e+02    1.323484e+02
    6.740000e-01    7.504558e+02    1.327182e+02
    6.750000e-01    7.517665e+02    1.330889e+02
    6.760000e-01    7.530776e+02    1.334604e+02
    6.770000e-01    7.543893e+02    1.338328e+02
    6.780000e-01    7.557016e+02    1.342061e+02
    6.790000e-01    7.570144e+02    1.345803e+02
    6.800000e-01    7.583278e+02    1.349553e+02
    6.810000e-01    7.596417e+02    1.353312e+02
    6.820000e-01    7.609562e+02    1.357080e+02
    6.830000e-01    7.622713e+02    1.360856e+02
    6.840000e-01    7.635868e+02    1.364642e+02
    6.850000e-01    7.649030e+02    1.368436e+02
    6.860000e-01    7.662197e+02    1.372239e+02
    6.870000e-01    7.675369e+02    1.376051e+02
    6.880000e-01    7.688547e+02    1.379871e+02
    6.890000e-01    7.701731e+02    1.383700e+02
    6.900000e-01    7.714920e+02    1.387539e+02
    6.910000e-01    7.728115e+02    1.391385e+02
    6.920000e-01    7.741315e+02    1.395241e+02
    6.930000e-01    7.754521e+02    1.399106e+02
    6.940000e-01    7.767733e+02    1.402980e+02
    6.950000e-01    7.780950e+02    1.406862e+02
    6.960000e-01    7.794172e+02    1.410753e+02
    6.970000e-01    7.807401e+02    1.414654e+02
    6.980000e-01    7.820635e+02    1.418563e+02
    6.990000e-01    7.833874e+02    1.422481e+02
    7.000000e-01    7.847119e+02    1.426408e+02
    7.010000e-01    7.860370e+02    1.430343e+02
    7.020000e-01    7.873626e+02    1.434288e+02
    7.030000e-01    7.886888e+02    1.438242e+02
    7.040000e-01    7.900156e+02    1.442204e+02
    7.050000e-01    7.913429e+02    1.446158e+02
    7.060000e-01    7.926708e+02    1.449934e+02
    7.070000e-01    7.939992e+02    1.453620e+02
    7.080000e-01    7.953281e+02    1.457251e+02
    7.090000e-01    7.966575e+02    1.460842e+02
    7.100000e-01    7.979874e+02    1.464401e+02
    7.110000e-01    7.993179e+02    1.467934e+02
    7.120000e-01    8.006488e+02    1.471445e+02
    7.130000e-01    8.019802e+02    1.474938e+02
    7.140000e-01    8.033121e+02    1.478415e+02
    7.150000e-01    8.046445e+02    1.481879e+02
    7.160000e-01    8.059774e+02    1.485330e+02
    7.170000e-01    8.073107e+02    1.488771e+02
    7.180000e-01    8.086446e+02    1.492202e+02
    7.190000e-01    8.099789e+02    1.495626e+02
    7.200000e-01    8.113137e+02    1.499042e+02
    7.210000e-01    8.126489e+02    1.502451e+02
    7.220000e-01    8.139846e+02    1.505855e+02
    7.230000e-01    8.153209e+02    1.509254e+02
    7.240000e-01    8.166575e+02    1.512648e+02
    7.250000e-01    8.179947e+02    1.516039e+02
    7.260000e-01    8.193323e+02    1.519427e+02
    7.270000e-01    8.206704e+02    1.522811e+02
    7.280000e-01    8.220089e+02    1.526194e+02
    7.290000e-01    8.233479e+02    1.529574e+02
    7.300000e-01    8.246874e+02    1.532952e+02
    7.310000e-01    8.260273e+02    1.536330e+02
    7.320000e-01    8.273677e+02    1.539706e+02
    7.330000e-01    8.287086e+02    1.543082e+02
    7.340000e-01    8.300499e+02    1.546458e+02
    7.350000e-01    8.313917e+02    1.549833e+02
    7.360000e-01    8.327339e+02    1.553208e+02
    7.370000e-01    8.340766e+02    1.556584e+02
    7.380000e-01    8.354197e+02    1.559961e+02
    7.390000e-01    8.367634e+02    1.563338e+02
    7.400000e-01    8.381074e+02    1.566717e+02
    7.410000e-01    8.394519e+02    1.570096e+02
    7.420000e-01    8.407969e+02    1.573477e+02
    7.430000e-01    8.421424e+02    1.576860e+02
    7.440000e-01    8.434883e+02    1.580244e+02
    7.450000e-01    8.448346e+02    1.583630e+02
    7.460000e-01    8.461814e+02    1.587018e+02
    7.470000e-01    8.475287e+02    1.590408e+02
    7.480000e-01    8.488764e+02    1.593801e+02
    7.490000e-01    8.502245e+02    1.597196e+02
    7.500000e-01    8.515731e+02    1.600594e+02
    7.510000e-01    8.529222e+02    1.603994e+02
    7.520000e-01    8.542717e+02    1.607397e+02
    7.530000e-01    8.556217e+02    1.610803e+02
    7.540000e-01    8.569721e+02    1.614213e+02
    7.550000e-01    8.583230e+02    1.617625e+02
    7.560000e-01    8.596744e+02    1.621040e+02
    7.570000e-01    8.610261e+02    1.624459e+02
    7.580000e-01    8.623784e+02    1.627882e+02
    7.590000e-01    8.637311e+02    1.631308e+02
    7.600000e-01    8.650842e+02    1.634737e+02
    7.610000e-01    8.664378e+02    1.638170e+02
    7.620000e-01    8.677918e+02    1.641607e+02
    7.630000e-01    8.691463e+02    1.645048e+02
    7.640000e-01    8.705013e+02    1.648493e+02
    7.650000e-01    8.718567e+02    1.651942e+02
    7.660000e-01    8.732125e+02    1.655394e+02
    7.670000e-01    8.745688e+02    1.658852e+02
    7.680000e-01    8.759256e+02    1.662313e+02
    7.690000e-01    8.772828e+02    1.665778e+02
    7.700000e-01    8.786404e+02    1.669249e+02
    7.710000e-01    8.799985e+02    1.672723e+02
    7.720000e-01    8.813571e+02    1.676202e+02
    7.730000e-01    8.827161e+02    1.679685e+02
    7.740000e-01    8.840755e+02    1.683174e+02
    7.750000e-01    8.854354e+02    1.686667e+02
    7.760000e-01    8.867958e+02    1.690164e+02
    7.770000e-01    8.881566e+02    1.693667e+02
    7.780000e-01    8.895179e+02    1.697174e+02
    7.790000e-01    8.908796e+02    1.700686e+02
    7.800000e-01    8.922417e+02    1.704203e+02
    7.810000e-01    8.936044e+02    1.707725e+02
    7.820000e-01    8.949674e+02    1.711253e+02
    7.830000e-01    8.963309e+02    1.714785e+02
    7.840000e-01    8.976949e+02    1.718323e+02
    7.850000e-01    8.990593e+02    1.721865e+02
    7.860000e-01    9.004242e+02    1.725413e+02
    7.870000e-01    9.017895e+02    1.728967e+02
    7.880000e-01    9.031553e+02    1.732526e+02
    7.890000e-01    9.045215e+02    1.736090e+02
    7.900000e-01    9.058882e+02    1.739659e+02
    7.910000e-01    9.072553e+02    1.743234e+02
    7.920000e-01    9.086229e+02    1.746815e+02
    7.930000e-01    9.099909e+02    1.750401e+02
    7.940000e-01    9.113594e+02    1.753993e+02
    7.950000e-01    9.127284e+02    1.757590e+02
    7.960000e-01    9.140978e+02    1.761193e+02
    7.970000e-01    9.154676e+02    1.764802e+02
    7.980000e-01    9.168379e+02    1.768417e+02
    7.990000e-01    9.182087e+02    1.772037e+02
    8.000000e-01    9.195799e+02    1.775664e+02
    8.010000e-01    9.209515e+02    1.779296e+02
    8.020000e-01    9.223236e+02    1.782934e+02
    8.030000e-01    9.236962e+02    1.786578e+02
    8.040000e-01    9.250692e+02    1.790228e+02
    8.050000e-01    9.264427e+02    1.793884e+02
    8.060000e-01    9.278166e+02    1.797546e+02
    8.070000e-01    9.291910e+02    1.801214e+02
    8.080000e-01    9.305659e+02    1.804888e+02
    8.090000e-01    9.319412e+02    1.808569e+02
    8.100000e-01    9.333169e+02    1.812256e+02
    8.110000e-01    9.346931e+02    1.815949e+02
    8.120000e-01    9.360698e+02    1.819648e+02
    8.130000e-01    9.374469e+02    1.823353e+02
    8.140000e-01    9.388245e+02    1.827065e+02
    8.150000e-01    9.402025e+02    1.830783e+02
    8.160000e-01    9.415810e+02    1.834507e+02
    8.170000e-01    9.429599e+02    1.838238e+02
    8.180000e-01    9.443393e+02    1.841976e+02
    8.190000e-01    9.457192e+02    1.845719e+02
    8.200000e-01    9.470995e+02    1.849470e+02
    8.210000e-01    9.484803e+02    1.853226e+02
    8.220000e-01    9.498615e+02    1.856990e+02
    8.230000e-01    9.512432e+02    1.860760e+02
    8.240000e-01    9.526253e+02    1.864536e+02
    8.250000e-01    9.540079e+02    1.868319e+02
    8.260000e-01    9.553910e+02    1.872109e+02
    8.270000e-01    9.567745e+02    1.875906e+02
    8.280000e-01    9.581585e+02    1.879709e+02
    8.290000e-01    9.595430e+02    1.883519e+02
    8.300000e-01    9.609279e+02    1.887335e+02
    8.310000e-01    9.623132e+02    1.891159e+02
    8.320000e-01    9.636991e+02    1.894989e+02
    8.330000e-01    9.650853e+02    1.898826e+02
    8.340000e-01    9.664721e+02    1.902670e+02
    8.350000e-01    9.678593e+02    1.906521e+02
    8.360000e-01    9.692470e+02    1.910379e+02
    8.370000e-01    9.706351e+02    1.914244e+02
    8.380000e-01    9.720237e+02    1.918116e+02
    8.390000e-01    9.734128e+02    1.921995e+02
    8.400000e-01    9.748023e+02    1.925880e+02
    8.410000e-01    9.761923e+02    1.929773e+02
    8.420000e-01    9.775827e+02    1.933673e+02
    8.430000e-01    9.789736e+02    1.937580e+02
    8.440000e-01    9.803650e+02    1.941494e+02
    8.450000e-01    9.817568e+02    1.945416e+02
    8.460000e-01    9.831491e+02    1.949344e+02
    8.470000e-01    9.845419e+02    1.953280e+02
    8.480000e-01    9.859351e+02    1.957222e+02
    8.490000e-01    9.873288e+02    1.961173e+02
    8.500000e-01    9.887230e+02    1.965130e+02
    8.510000e-01    9.901176e+02    1.969094e+02
    8.520000e-01    9.915127e+02    1.973066e+02
    8.530000e-01    9.929083e+02    1.977046e+02
    8.540000e-01    9.943043e+02    1.981032e+02
    8.550000e-01    9.957008e+02    1.985026e+02
    8.560000e-01    9.970977e+02    1.989027e+02
    8.570000e-01    9.984952e+02    1.993036e+02
    8.580000e-01    9.998931e+02    1.997052e+02
    8.590000e-01    1.001291e+03    2.001076e+02
    8.600000e-01    1.002690e+03    2.005107e+02
    8.610000e-01    1.004090e+03    2.009146e+02
    8.620000e-01    1.005489e+03    2.013192e+02
    8.630000e-01    1.006890e+03    2.017246e+02
    8.640000e-01    1.008290e+03    2.021307e+02
    8.650000e-01    1.009692e+03    2.025376e+02
    8.660000e-01    1.011093e+03    2.029452e+02
    8.670000e-01    1.012495e+03    2.033537e+02
    8.680000e-01    1.013898e+03    2.037628e+02
    8.690000e-01    1.015301e+03    2.041728e+02
    8.700000e-01    1.016705e+03    2.045835e+02
    8.710000e-01    1.018109e+03    2.049950e+02
    8.720000e-01    1.019513e+03    2.054073e+02
    8.730000e-01    1.020918e+03    2.058203e+02
    8.740000e-01    1.022323e+03    2.062342e+02
    8.750000e-01    1.023729e+03    2.066488e+02
    8.760000e-01    1.025136e+03    2.070642e+02
    8.770000e-01    1.026543e+03    2.074804e+02
    8.780000e-01    1.027950e+03    2.078974e+02
    8.790000e-01    1.029358e+03    2.083151e+02
    8.800000e-01    1.030766e+03    2.087337e+02
    8.810000e-01    1.032175e+03    2.091531e+02
    8.820000e-01    1.033584e+03    2.095732e+02
    8.830000e-01    1.034994e+03    2.099942e+02
    8.840000e-01    1.036404e+03    2.104160e+02
    8.850000e-01    1.037815e+03    2.108386e+02
    8.860000e-01    1.039226e+03    2.112620e+02
    8.870000e-01    1.040637e+03    2.116862e+02
    8.880000e-01    1.042049e+03    2.121112e+02
    8.890000e-01    1.043462e+03    2.125371e+02
    8.900000e-01    1.044875e+03    2.129637e+02
    8.910000e-01    1.046289e+03    2.133912e+02
    8.920000e-01    1.047703e+03    2.138196e+02
    8.930000e-01    1.049117e+03    2.142487e+02
    8.940000e-01    1.050532e+03    2.146787e+02
    8.950000e-01    1.051948e+03    2.151096e+02
    8.960000e-01    1.053364e+03    2.155412e+02
    8.970000e-01    1.054780e+03    2.159738e+02
    8.980000e-01    1.056197e+03    2.164072e+02
    8.990000e-01    1.057614e+03    2.168414e+02
    9.000000e-01    1.059032e+03    2.172766e+02
    9.010000e-01    1.060451e+03    2.177125e+02
    9.020000e-01    1.061869e+03    2.181494e+02
    9.030000e-01    1.063289e+03    2.185872e+02
    9.040000e-01    1.064709e+03    2.190258e+02
    9.050000e-01    1.066129e+03    2.194654e+02
    9.060000e-01    1.067550e+03    2.199059e+02
    9.070000e-01    1.068971e+03    2.203473e+02
    9.080000e-01    1.070393e+03    2.207897e+02
    9.090000e-01    1.071815e+03    2.212332e+02
    9.100000e-01    1.073238e+03    2.216776e+02
    9.110000e-01    1.074661e+03    2.221235e+02
    9.120000e-01    1.076085e+03    2.225703e+02
    9.130000e-01    1.077509e+03    2.230178e+02
    9.140000e-01    1.078933e+03    2.234662e+02
    9.150000e-01    1.080359e+03    2.239153e+02
    9.160000e-01    1.081784e+03    2.243651e+02
    9.170000e-01    1.083211e+03    2.248158e+02
    9.180000e-01    1.084637e+03    2.252672e+02
    9.190000e-01    1.086064e+03    2.257194e+02
    9.200000e-01    1.087492e+03    2.261724e+02
    9.210000e-01    1.088920e+03    2.266261e+02
    9.220000e-01    1.090349e+03    2.270807e+02
    9.230000e-01    1.091778e+03    2.275360e+02
    9.240000e-01    1.093208e+03    2.279921e+02
    9.250000e-01    1.094638e+03    2.284489e+02
    9.260000e-01    1.096068e+03    2.289066e+02
    9.270000e-01    1.097499e+03    2.293650e+02
    9.280000e-01    1.098931e+03    2.298243e+02
    9.290000e-01    1.100363e+03    2.302843e+02
    9.300000e-01    1.101796e+03    2.307451e+02
    9.310000e-01    1.103229e+03    2.312067e+02
    9.320000e-01    1.104662e+03    2.316691e+02
    9.330000e-01    1.106096e+03    2.321322e+02
    9.340000e-01    1.107531e+03    2.325962e+02
    9.350000e-01    1.108966e+03    2.330610e+02
    9.360000e-01    1.110402e+03    2.335265e+02
    9.370000e-01    1.111838e+03    2.339929e+02
    9.380000e-01    1.113274e+03    2.344600e+02
    9.390000e-01    1.114711e+03    2.349280e+02
    9.400000e-01    1.116149e+03    2.353967e+02
    9.410000e-01    1.117587e+03    2.358663e+02
    9.420000e-01    1.119026e+03    2.363366e+02
    9.430000e-01    1.120465e+03    2.368077e+02
    9.440000e-01    1.121904e+03    2.372797e+02
    9.450000e-01    1.123344e+03    2.377524e+02
    9.460000e-01    1.124785e+03    2.382260e+02
    9.470000e-01    1.126226e+03    2.387004e+02
    9.480000e-01    1.127667e+03    2.391755e+02
    9.490000e-01    1.129109e+03    2.396515e+02
    9.500000e-01    1.130552e+03    2.401283e+02
    9.510000e-01    1.131995e+03    2.406059e+02
    9.520000e-01    1.133439e+03    2.410843e+02
    9.530000e-01    1.134883e+03    2.415636e+02
    9.540000e-01    1.136327e+03    2.420436e+02
    9.550000e-01    1.137772e+03    2.425244e+02
    9.560000e-01    1.139218e+03    2.430061e+02
    9.570000e-01    1.140664e+03    2.434886e+02
    9.580000e-01    1.142111e+03    2.439719e+02
    9.590000e-01    1.143558e+03    2.444560e+02
    9.600000e-01    1.145005e+03    2.449409e+02
    9.610000e-01    1.146454e+03    2.454267e+02
    9.620000e-01    1.147902e+03    2.459133e+02
    9.630000e-01    1.149351e+03    2.464007e+02
    9.640000e-01    1.150801e+03    2.468889e+02
    9.650000e-01    1.152251e+03    2.473779e+02
    9.660000e-01    1.153702e+03    2.478678e+02
    9.670000e-01    1.155153e+03    2.483585e+02
    9.680000e-01    1.156605e+03    2.488500e+02
    9.690000e-01    1.158057e+03    2.493424e+02
    9.700000e-01    1.159509e+03    2.498356e+02
    9.710000e-01    1.160963e+03    2.503296e+02
    9.720000e-01    1.162416e+03    2.508244e+02
    9.730000e-01    1.163870e+03    2.513201e+02
    9.740000e-01    1.165325e+03    2.518166e+02
    9.750000e-01    1.166780e+03    2.523139e+02
    9.760000e-01    1.168236e+03    2.528121e+02
    9.770000e-01    1.169692e+03    2.533111e+02
    9.780000e-01    1.171149e+03    2.538109e+02
    9.790000e-01    1.172606e+03    2.543116e+02
    9.800000e-01    1.174064e+03    2.548131e+02
    9.810000e-01    1.175523e+03    2.553155e+02
    9.820000e-01    1.176981e+03    2.558187e+02
    9.830000e-01    1.178441e+03    2.563227e+02
    9.840000e-01    1.179900e+03    2.568276e+02
    9.850000e-01    1.181361e+03    2.573333e+02
    9.860000e-01    1.182822e+03    2.578398e+02
    9.870000e-01    1.184283e+03    2.583472e+02
    9.880000e-01    1.185745e+03    2.588555e+02
    9.890000e-01    1.187207e+03    2.593646e+02
    9.900000e-01    1.188670e+03    2.598745e+02
    9.910000e-01    1.190134e+03    2.603853e+02
    9.920000e-01    1.191598e+03    2.608969e+02
    9.930000e-01    1.193062e+03    2.614094e+02
    9.940000e-01    1.194527e+03    2.619227e+02
    9.950000e-01    1.195993e+03    2.624369e+02
    9.960000e-01    1.197459e+03    2.629519e+02
    9.970000e-01    1.198925e+03    2.634678e+02
    9.980000e-01    1.200392e+03    2.639846e+02
    9.990000e-01    1.201860e+03    2.645021e+02
    1.000000e+00    1.203328e+03    2.650206e+02
    1.001000e+00    1.204796e+03    2.655399e+02
    1.002000e+00    1.206266e+03    2.660600e+02
    1.003000e+00    1.207735e+03    2.665811e+02
    1.004000e+00    1.209205e+03    2.671029e+02
    1.005000e+00    1.210676e+03    2.676257e+02
    1.006000e+00    1.212147e+03    2.681492e+02
    1.007000e+00    1.213619e+03    2.686737e+02
    1.008000e+00    1.215091e+03    2.691990e+02
    1.009000e+00    1.216564e+03    2.697252e+02
    1.010000e+00    1.218037e+03    2.702522e+02
    1.011000e+00    1.219511e+03    2.707801e+02
    1.012000e+00    1.220985e+03    2.713089e+02
    1.013000e+00    1.222460e+03    2.718385e+02
    1.014000e+00    1.223936e+03    2.723690e+02
    1.015000e+00    1.225412e+03    2.729003e+02
    1.016000e+00    1.226888e+03    2.734326e+02
    1.017000e+00    1.228365e+03    2.739657e+02
    1.018000e+00    1.229843e+03    2.744996e+02
    1.019000e+00    1.231321e+03    2.750345e+02
    1.020000e+00    1.232799e+03    2.755702e+02
    1.021000e+00    1.234278e+03    2.761067e+02
    1.022000e+00    1.235758e+03    2.766442e+02
    1.023000e+00    1.237238e+03    2.771825e+02
    1.024000e+00    1.238718e+03    2.777217e+02
    1.025000e+00    1.240200e+03    2.782618e+02
    1.026000e+00    1.241681e+03    2.788027e+02
    1.027000e+00    1.243163e+03    2.793445e+02
    1.028000e+00    1.244646e+03    2.798872e+02
    1.029000e+00    1.246130e+03    2.804308e+02
    1.030000e+00    1.247613e+03    2.809752e+02
    1.031000e+00    1.249098e+03    2.815206e+02
    1.032000e+00    1.250583e+03    2.820668e+02
    1.033000e+00    1.252068e+03    2.826139e+02
    1.034000e+00    1.253554e+03    2.831618e+02
    1.035000e+00    1.255040e+03    2.837107e+02
    1.036000e+00    1.256527e+03    2.842604e+02
    1.037000e+00    1.258015e+03    2.848110e+02
    1.038000e+00    1.259503e+03    2.853625e+02
    1.039000e+00    1.260991e+03    2.859149e+02
    1.040000e+00    1.262480e+03    2.864682e+02
    1.041000e+00    1.263970e+03    2.870223e+02
    1.042000e+00    1.265460e+03    2.875773e+02
    1.043000e+00    1.266951e+03    2.881333e+02
    1.044000e+00    1.268442e+03    2.886901e+02
    1.045000e+00    1.269934e+03    2.892478e+02
    1.046000e+00    1.271426e+03    2.898064e+02
    1.047000e+00    1.272919e+03    2.903659e+02
    1.048000e+00    1.274413e+03    2.909262e+02
    1.049000e+00    1.275906e+03    2.914875e+02
    1.050000e+00    1.277401e+03    2.920496e+02
    1.051000e+00    1.278896e+03    2.926127e+02
    1.052000e+00    1.280391e+03    2.931766e+02
    1.053000e+00    1.281887e+03    2.937415e+02
    1.054000e+00    1.283384e+03    2.943072e+02
    1.055000e+00    1.284881e+03    2.948738e+02
    1.056000e+00    1.286379e+03    2.954413e+02
    1.057000e+00    1.287877e+03    2.960098e+02
    1.058000e+00    1.289376e+03    2.965791e+02
    1.059000e+00    1.290875e+03    2.971493e+02
    1.060000e+00    1.292375e+03    2.977204e+02
    1.061000e+00    1.293875e+03    2.982924e+02
    1.062000e+00    1.295376e+03    2.988653e+02
    1.063000e+00    1.296878e+03    2.994391e+02
    1.064000e+00    1.298380e+03    3.000138e+02
    1.065000e+00    1.299882e+03    3.005894e+02
    1.066000e+00    1.301385e+03    3.011660e+02
    1.067000e+00    1.302889e+03    3.017434e+02
    1.068000e+00    1.304393e+03    3.023217e+02
    1.069000e+00    1.305898e+03    3.029009e+02
    1.070000e+00    1.307403e+03    3.034811e+02
    1.071000e+00    1.308909e+03    3.040621e+02
    1.072000e+00    1.310415e+03    3.046440e+02
    1.073000e+00    1.311922e+03    3.052269e+02
    1.074000e+00    1.313429e+03    3.058106e+02
    1.075000e+00    1.314937e+03    3.063953e+02
    1.076000e+00    1.316446e+03    3.069809e+02
    1.077000e+00    1.317955e+03    3.075674e+02
    1.078000e+00    1.319464e+03    3.081548e+02
    1.079000e+00    1.320974e+03    3.087431e+02
    1.080000e+00    1.322485e+03    3.093323e+02
    1.081000e+00    1.323996e+03    3.099224e+02
    1.082000e+00    1.325508e+03    3.105134e+02
    1.083000e+00    1.327020e+03    3.111054e+02
    1.084000e+00    1.328533e+03    3.116983e+02
    1.085000e+00    1.330047e+03    3.122920e+02
    1.086000e+00    1.331560e+03    3.128867e+02
    1.087000e+00    1.333075e+03    3.134824e+02
    1.088000e+00    1.334590e+03    3.140789e+02
    1.089000e+00    1.336106e+03    3.146763e+02
    1.090000e+00    1.337622e+03    3.152747e+02
    1.091000e+00    1.339138e+03    3.158740e+02
    1.092000e+00    1.340656e+03    3.164742e+02
    1.093000e+00    1.342173e+03    3.170753e+02
    1.094000e+00    1.343692e+03    3.176773e+02
    1.095000e+00    1.345211e+03    3.182803e+02
    1.096000e+00    1.346730e+03    3.188841e+02
    1.097000e+00    1.348250e+03    3.194889e+02
    1.098000e+00    1.349771e+03    3.200947e+02
    1.099000e+00    1.351292e+03    3.207013e+02
    1.100000e+00    1.352813e+03    3.213089e+02
    1.101000e+00    1.354336e+03    3.219173e+02
    1.102000e+00    1.355858e+03    3.225268e+02
    1.103000e+00    1.357382e+03    3.231371e+02
    1.104000e+00    1.358906e+03    3.237484e+02
    1.105000e+00    1.360430e+03    3.243605e+02
    1.106000e+00    1.361955e+03    3.249737e+02
    1.107000e+00    1.363481e+03    3.255877e+02
    1.108000e+00    1.365007e+03    3.262027e+02
    1.109000e+00    1.366533e+03    3.268186e+02
    1.110000e+00    1.368060e+03    3.274354e+02
    1.111000e+00    1.369588e+03    3.280531e+02
    1.112000e+00    1.371117e+03    3.286718e+02
    1.113000e+00    1.372645e+03    3.292914e+02
    1.114000e+00    1.374175e+03    3.299120e+02
    1.115000e+00    1.375705e+03    3.305334e+02
    1.116000e+00    1.377235e+03    3.311559e+02
    1.117000e+00    1.378766e+03    3.317792e+02
    1.118000e+00    1.380298e+03    3.324035e+02
    1.119000e+00    1.381830e+03    3.330287e+02
    1.120000e+00    1.383363e+03    3.336548e+02
    1.121000e+00    1.384896e+03    3.342819e+02
    1.122000e+00    1.386430e+03    3.349099e+02
    1.123000e+00    1.387965e+03    3.355388e+02
    1.124000e+00    1.389500e+03    3.361687e+02
    1.125000e+00    1.391035e+03    3.367995e+02
    1.126000e+00    1.392571e+03    3.374313e+02
    1.127000e+00    1.394108e+03    3.380640e+02
    1.128000e+00    1.395645e+03    3.386976e+02
    1.129000e+00    1.397183e+03    3.393321e+02
    1.130000e+00    1.398722e+03    3.399676e+02
    1.131000e+00    1.400261e+03    3.406041e+02
    1.132000e+00    1.401800e+03    3.412415e+02
    1.133000e+00    1.403340e+03    3.418798e+02
    1.134000e+00    1.404881e+03    3.425191e+02
    1.135000e+00    1.406422e+03    3.431593e+02
    1.136000e+00    1.407964e+03    3.438004e+02
    1.137000e+00    1.409506e+03    3.444425e+02
    1.138000e+00    1.411049e+03    3.450855e+02
    1.139000e+00    1.412592e+03    3.457295e+02
    1.140000e+00    1.414136e+03    3.463744e+02
    1.141000e+00    1.415681e+03    3.470203e+02
    1.142000e+00    1.417226e+03    3.476671e+02
    1.143000e+00    1.418772e+03    3.483149e+02
    1.144000e+00    1.420318e+03    3.489636e+02
    1.145000e+00    1.421865e+03    3.496132e+02
    1.146000e+00    1.423412e+03    3.502638e+02
    1.147000e+00    1.424960e+03    3.509153e+02
    1.148000e+00    1.426509e+03    3.515678e+02
    1.149000e+00    1.428058e+03    3.522213e+02
    1.150000e+00    1.429608e+03    3.528756e+02
    1.151000e+00    1.431158e+03    3.535310e+02
    1.152000e+00    1.432709e+03    3.541873e+02
    1.153000e+00    1.434260e+03    3.548445e+02
    1.154000e+00    1.435812e+03    3.555027e+02
    1.155000e+00    1.437365e+03    3.561618e+02
    1.156000e+00    1.438918e+03    3.568219e+02
    1.157000e+00    1.440472e+03    3.574829e+02
    1.158000e+00    1.442026e+03    3.581449e+02
    1.159000e+00    1.443581e+03    3.588079e+02
    1.160000e+00    1.445136e+03    3.594718e+02
    1.161000e+00    1.446692e+03    3.601366e+02
    1.162000e+00    1.448249e+03    3.608024e+02
    1.163000e+00    1.449806e+03    3.614692e+02
    1.164000e+00    1.451364e+03    3.621369e+02
    1.165000e+00    1.452922e+03    3.628056e+02
    1.166000e+00    1.454481e+03    3.634752e+02
    1.167000e+00    1.456040e+03    3.641458e+02
    1.168000e+00    1.457600e+03    3.648173e+02
    1.169000e+00    1.459161e+03    3.654898e+02
    1.170000e+00    1.460722e+03    3.661633e+02
    1.171000e+00    1.462284e+03    3.668377e+02
    1.172000e+00    1.463846e+03    3.675130e+02
    1.173000e+00    1.465409e+03    3.681894e+02
    1.174000e+00    1.466972e+03    3.688667e+02
    1.175000e+00    1.468536e+03    3.695449e+02
    1.176000e+00    1.470101e+03    3.702241e+02
    1.177000e+00    1.471666e+03    3.709043e+02
    1.178000e+00    1.473232e+03    3.715854e+02
    1.179000e+00    1.474798e+03    3.722675e+02
    1.180000e+00    1.476365e+03    3.729505e+02
    1.181000e+00    1.477933e+03    3.736346e+02
    1.182000e+00    1.479501e+03    3.743195e+02
    1.183000e+00    1.481069e+03    3.750055e+02
    1.184000e+00    1.482639e+03    3.756924e+02
    1.185000e+00    1.484209e+03    3.763802e+02
    1.186000e+00    1.485779e+03    3.770691e+02
    1.187000e+00    1.487350e+03    3.777589e+02
    1.188000e+00    1.488921e+03    3.784496e+02
    1.189000e+00    1.490494e+03    3.791414e+02
    1.190000e+00    1.492066e+03    3.798341e+02
    1.191000e+00    1.493640e+03    3.805277e+02
    1.192000e+00    1.495214e+03    3.812223e+02
    1.193000e+00    1.496788e+03    3.819179e+02
    1.194000e+00    1.498363e+03    3.826145e+02
    1.195000e+00    1.499939e+03    3.833120e+02
    1.196000e+00    1.501515e+03    3.840105e+02
    1.197000e+00    1.503092e+03    3.847100e+02
    1.198000e+00    1.504669e+03    3.854104e+02
    1.199000e+00    1.506247e+03    3.861118e+02
    1.200000e+00    1.507826e+03    3.868142e+02
    1.201000e+00    1.509405e+03    3.875175e+02
    1.202000e+00    1.510985e+03    3.882219e+02
    1.203000e+00    1.512565e+03    3.889271e+02
    1.204000e+00    1.514146e+03    3.896334e+02
    1.205000e+00    1.515727e+03    3.903406e+02
    1.206000e+00    1.517310e+03    3.910488e+02
    1.207000e+00    1.518892e+03    3.917580e+02
    1.208000e+00    1.520475e+03    3.924681e+02
    1.209000e+00    1.522059e+03    3.931793e+02
    1.210000e+00    1.523644e+03    3.938914e+02
    1.211000e+00    1.525229e+03    3.946044e+02
    1.212000e+00    1.526814e+03    3.953185e+02
    1.213000e+00    1.528401e+03    3.960335e+02
    1.214000e+00    1.529987e+03    3.967495e+02
    1.215000e+00    1.531575e+03    3.974664e+02
    1.216000e+00    1.533163e+03    3.981844e+02
    1.217000e+00    1.534751e+03    3.989033e+02
    1.218000e+00    1.536341e+03    3.996232e+02
    1.219000e+00    1.537930e+03    4.003441e+02
    1.220000e+00    1.539521e+03    4.010659e+02
    1.221000e+00    1.541112e+03    4.017887e+02
    1.222000e+00    1.542703e+03    4.025125e+02
    1.223000e+00    1.544295e+03    4.032373e+02
    1.224000e+00    1.545888e+03    4.039631e+02
    1.225000e+00    1.547481e+03    4.046898e+02
    1.226000e+00    1.549075e+03    4.054176e+02
    1.227000e+00    1.550670e+03    4.061463e+02
    1.228000e+00    1.552265e+03    4.068759e+02
    1.229000e+00    1.553861e+03    4.076066e+02
    1.230000e+00    1.555457e+03    4.083382e+02
    1.231000e+00    1.557054e+03    4.090709e+02
    1.232000e+00    1.558651e+03    4.098045e+02
    1.233000e+00    1.560249e+03    4.105390e+02
    1.234000e+00    1.561848e+03    4.112746e+02
    1.235000e+00    1.563447e+03    4.120112e+02
    1.236000e+00    1.565047e+03    4.127487e+02
    1.237000e+00    1.566647e+03    4.134872e+02
    1.238000e+00    1.568249e+03    4.142267e+02
    1.239000e+00    1.569850e+03    4.149672e+02
    1.240000e+00    1.571452e+03    4.157086e+02
    1.241000e+00    1.573055e+03    4.164511e+02
    1.242000e+00    1.574659e+03    4.171945e+02
    1.243000e+00    1.576263e+03    4.179390e+02
    1.244000e+00    1.577867e+03    4.186844e+02
    1.245000e+00    1.579473e+03    4.194307e+02
    1.246000e+00    1.581079e+03    4.201781e+02
    1.247000e+00    1.582685e+03    4.209265e+02
    1.248000e+00    1.584292e+03    4.216758e+02
    1.249000e+00    1.585900e+03    4.224262e+02
    1.250000e+00    1.587508e+03    4.231775e+02
    1.251000e+00    1.589117e+03    4.239298e+02
    1.252000e+00    1.590726e+03    4.246831e+02
    1.253000e+00    1.592336e+03    4.254374e+02
    1.254000e+00    1.593947e+03    4.261927e+02
    1.255000e+00    1.595558e+03    4.269489e+02
    1.256000e+00    1.597170e+03    4.277062e+02
    1.257000e+00    1.598782e+03    4.284644e+02
    1.258000e+00    1.600396e+03    4.292237e+02
    1.259000e+00    1.602009e+03    4.299839e+02
    1.260000e+00    1.603623e+03    4.307451e+02
    1.261000e+00    1.605238e+03    4.315073e+02
    1.262000e+00    1.606854e+03    4.322705e+02
    1.263000e+00    1.608470e+03    4.330347e+02
    1.264000e+00    1.610087e+03    4.337999e+02
    1.265000e+00    1.611704e+03    4.345660e+02
    1.266000e+00    1.613322e+03    4.353332e+02
    1.267000e+00    1.614940e+03    4.361014e+02
    1.268000e+00    1.616559e+03    4.368705e+02
    1.269000e+00    1.618179e+03    4.376406e+02
    1.270000e+00    1.619800e+03    4.384118e+02
    1.271000e+00    1.621420e+03    4.391839e+02
    1.272000e+00    1.623042e+03    4.399570e+02
    1.273000e+00    1.624664e+03    4.407311e+02
    1.274000e+00    1.626287e+03    4.415062e+02
    1.275000e+00    1.627910e+03    4.422823e+02
    1.276000e+00    1.629534e+03    4.430594e+02
    1.277000e+00    1.631159e+03    4.438375e+02
    1.278000e+00    1.632784e+03    4.446166e+02
    1.279000e+00    1.634410e+03    4.453967e+02
    1.280000e+00    1.636036e+03    4.461778e+02
    1.281000e+00    1.637663e+03    4.469599e+02
    1.282000e+00    1.639291e+03    4.477429e+02
    1.283000e+00    1.640919e+03    4.485270e+02
    1.284000e+00    1.642548e+03    4.493121e+02
    1.285000e+00    1.644178e+03    4.500981e+02
    1.286000e+00    1.645808e+03    4.508852e+02
    1.287000e+00    1.647438e+03    4.516733e+02
    1.288000e+00    1.649070e+03    4.524623e+02
    1.289000e+00    1.650702e+03    4.532524e+02
    1.290000e+00    1.652334e+03    4.540434e+02
    1.291000e+00    1.653967e+03    4.548355e+02
    1.292000e+00    1.655601e+03    4.556285e+02
    1.293000e+00    1.657236e+03    4.564226e+02
    1.294000e+00    1.658871e+03    4.572177e+02
    1.295000e+00    1.660506e+03    4.580137e+02
    1.296000e+00    1.662142e+03    4.588108e+02
    1.297000e+00    1.663779e+03    4.596088e+02
    1.298000e+00    1.665417e+03    4.604079e+02
    1.299000e+00    1.667055e+03    4.612079e+02
    1.300000e+00    1.668693e+03    4.620090e+02
