    1.000000e-07    9.306241e-05    2.141143e-08
    1.023293e-07    9.523061e-05    2.209110e-08
    1.047129e-07    9.744934e-05    2.278728e-08
    1.071519e-07    9.971977e-05    2.351018e-08
    1.096478e-07    1.020431e-04    2.425064e-08
    1.122018e-07    1.044206e-04    2.501717e-08
    1.148154e-07    1.068534e-04    2.580703e-08
    1.174898e-07    1.093430e-04    2.661911e-08
    1.202264e-07    1.118905e-04    2.746233e-08
    1.230269e-07    1.144974e-04    2.832600e-08
    1.258925e-07    1.171651e-04    2.922006e-08
    1.288250e-07    1.198949e-04    3.013850e-08
    1.318257e-07    1.226883e-04    3.109214e-08
    1.348963e-07    1.255469e-04    3.206889e-08
    1.380384e-07    1.284720e-04    3.307998e-08
    1.412538e-07    1.314653e-04    3.411861e-08
    1.445440e-07    1.345283e-04    3.519376e-08
    1.479108e-07    1.376627e-04    3.630158e-08
    1.513561e-07    1.408701e-04    3.744048e-08
    1.548817e-07    1.441523e-04    3.861940e-08
    1.584893e-07    1.475109e-04    3.983040e-08
    1.621810e-07    1.509479e-04    4.108396e-08
    1.659587e-07    1.544649e-04    4.237161e-08
    1.698244e-07    1.580638e-04    4.369930e-08
    1.737801e-07    1.617466e-04    4.507362e-08
    1.778279e-07    1.655152e-04    4.648531e-08
    1.819701e-07    1.693717e-04    4.794656e-08
    1.862087e-07    1.733180e-04    4.944753e-08
    1.905461e-07    1.773563e-04    5.099514e-08
    1.949845e-07    1.814886e-04    5.259216e-08
    1.995262e-07    1.857173e-04    5.423745e-08
    2.041738e-07    1.900445e-04    5.593384e-08
    2.089296e-07    1.944725e-04    5.768975e-08
    2.137962e-07    1.990037e-04    5.949330e-08
    2.187762e-07    2.036405e-04    6.134716e-08
    2.238721e-07    2.083854e-04    6.327178e-08
    2.290868e-07    2.132408e-04    6.524864e-08
    2.344229e-07    2.182093e-04    6.728855e-08
    2.398833e-07    2.232937e-04    6.939006e-08
    2.454709e-07    2.284965e-04    7.155677e-08
    2.511886e-07    2.338206e-04    7.378382e-08
    2.570396e-07    2.392687e-04    7.609584e-08
    2.630268e-07    2.448438e-04    7.846323e-08
    2.691535e-07    2.505488e-04    8.091136e-08
    2.754229e-07    2.563867e-04    8.343750e-08
    2.818383e-07    2.623607e-04    8.603986e-08
    2.884032e-07    2.684739e-04    8.871461e-08
    2.951209e-07    2.747296e-04    9.149140e-08
    3.019952e-07    2.811310e-04    9.433460e-08
    3.090295e-07    2.876816e-04    9.726565e-08
    3.162278e-07    2.943849e-04    1.002966e-07
    3.235937e-07    3.012444e-04    1.034241e-07
    3.311311e-07    3.082637e-04    1.066359e-07
    3.388442e-07    3.154466e-04    1.099571e-07
    3.467369e-07    3.227969e-04    1.133706e-07
    3.548134e-07    3.303185e-04    1.168896e-07
    3.630781e-07    3.380154e-04    1.205314e-07
    3.715352e-07    3.458916e-04    1.242714e-07
    3.801894e-07    3.539514e-04    1.281268e-07
    3.890451e-07    3.621990e-04    1.321136e-07
    3.981072e-07    3.706389e-04    1.362111e-07
    4.073803e-07    3.792754e-04    1.404450e-07
    4.168694e-07    3.881132e-04    1.448064e-07
    4.265795e-07    3.971569e-04    1.492955e-07
    4.365158e-07    4.064114e-04    1.539158e-07
    4.466836e-07    4.158816e-04    1.586785e-07
    4.570882e-07    4.255725e-04    1.635955e-07
    4.677351e-07    4.354892e-04    1.686841e-07
    4.786301e-07    4.456370e-04    1.739097e-07
    4.897788e-07    4.560214e-04    1.792965e-07
    5.011872e-07    4.666477e-04    1.848320e-07
    5.128614e-07    4.775217e-04    1.905555e-07
    5.248075e-07    4.886491e-04    1.964554e-07
    5.370318e-07    5.000359e-04    2.025371e-07
    5.495409e-07    5.116880e-04    2.087868e-07
    5.623413e-07    5.236117e-04    2.152742e-07
    5.754399e-07    5.358133e-04    2.219152e-07
    5.888437e-07    5.482992e-04    2.287817e-07
    6.025596e-07    5.610762e-04    2.358377e-07
    6.165950e-07    5.741509e-04    2.431332e-07
    6.309573e-07    5.875303e-04    2.506300e-07
    6.456542e-07    6.012216e-04    2.583813e-07
    6.606934e-07    6.152320e-04    2.663464e-07
    6.760830e-07    6.295689e-04    2.745560e-07
    6.918310e-07    6.442399e-04    2.830443e-07
    7.079458e-07    6.592529e-04    2.917666e-07
    7.244360e-07    6.746158e-04    3.007568e-07
    7.413102e-07    6.903367e-04    3.100228e-07
    7.585776e-07    7.064241e-04    3.196035e-07
    7.762471e-07    7.228863e-04    3.294481e-07
    7.943282e-07    7.397323e-04    3.395948e-07
    8.128305e-07    7.569709e-04    3.500530e-07
    8.317638e-07    7.746113e-04    3.608322e-07
    8.511380e-07    7.926629e-04    3.719421e-07
    8.709636e-07    8.111352e-04    3.833929e-07
    8.912509e-07    8.300380e-04    3.951951e-07
    9.120108e-07    8.493815e-04    4.073594e-07
    9.332543e-07    8.691757e-04    4.198470e-07
    9.549926e-07    8.894314e-04    4.327267e-07
    9.772372e-07    9.101591e-04    4.460424e-07
    1.000000e-06    9.313700e-04    4.597660e-07
    1.023293e-06    9.530753e-04    4.739110e-07
    1.047129e-06    9.752865e-04    4.884437e-07
    1.071519e-06    9.980154e-04    5.034683e-07
    1.096478e-06    1.021274e-03    5.188921e-07
    1.122018e-06    1.045075e-03    5.347998e-07
    1.148154e-06    1.069430e-03    5.512460e-07
    1.174898e-06    1.094354e-03    5.681426e-07
    1.202264e-06    1.119858e-03    5.855556e-07
    1.230269e-06    1.145957e-03    6.035581e-07
    1.258925e-06    1.172664e-03    6.219795e-07
    1.288250e-06    1.199993e-03    6.410986e-07
    1.318257e-06    1.227960e-03    6.607410e-07
    1.348963e-06    1.256578e-03    6.809836e-07
    1.380384e-06    1.285864e-03    7.017946e-07
    1.412538e-06    1.315832e-03    7.233258e-07
    1.445440e-06    1.346499e-03    7.454805e-07
    1.479108e-06    1.377881e-03    7.683120e-07
    1.513561e-06    1.409994e-03    7.917466e-07
    1.548817e-06    1.442856e-03    8.159902e-07
    1.584893e-06    1.476483e-03    8.409754e-07
    1.621810e-06    1.510895e-03    8.666205e-07
    1.659587e-06    1.546109e-03    8.931521e-07
    1.698244e-06    1.582143e-03    9.204060e-07
    1.737801e-06    1.619018e-03    9.484671e-07
    1.778279e-06    1.656752e-03    9.774981e-07
    1.819701e-06    1.695366e-03    1.007296e-06
    1.862087e-06    1.734880e-03    1.038024e-06
    1.905461e-06    1.775315e-03    1.069789e-06
    1.949845e-06    1.816693e-03    1.102393e-06
    1.995262e-06    1.859035e-03    1.136015e-06
    2.041738e-06    1.902365e-03    1.170633e-06
    2.089296e-06    1.946704e-03    1.206331e-06
    2.137962e-06    1.992077e-03    1.243087e-06
    2.187762e-06    2.038508e-03    1.280989e-06
    2.238721e-06    2.086021e-03    1.319886e-06
    2.290868e-06    2.134642e-03    1.360125e-06
    2.344229e-06    2.184397e-03    1.401555e-06
    2.398833e-06    2.235311e-03    1.444279e-06
    2.454709e-06    2.287412e-03    1.488124e-06
    2.511886e-06    2.340728e-03    1.533481e-06
    2.570396e-06    2.395287e-03    1.580029e-06
    2.630268e-06    2.451118e-03    1.628181e-06
    2.691535e-06    2.508250e-03    1.677597e-06
    2.754229e-06    2.566715e-03    1.728509e-06
    2.818383e-06    2.626542e-03    1.781177e-06
    2.884032e-06    2.687764e-03    1.835226e-06
    2.951209e-06    2.750414e-03    1.890909e-06
    3.019952e-06    2.814524e-03    1.948327e-06
    3.090295e-06    2.880129e-03    2.007438e-06
    3.162278e-06    2.947263e-03    2.068339e-06
    3.235937e-06    3.015962e-03    2.131133e-06
    3.311311e-06    3.086264e-03    2.195779e-06
    3.388442e-06    3.158204e-03    2.262163e-06
    3.467369e-06    3.231821e-03    2.330829e-06
    3.548134e-06    3.307155e-03    2.401521e-06
    3.630781e-06    3.384246e-03    2.474113e-06
    3.715352e-06    3.463134e-03    2.549142e-06
    3.801894e-06    3.543861e-03    2.626182e-06
    3.890451e-06    3.626470e-03    2.705876e-06
    3.981072e-06    3.711005e-03    2.787648e-06
    4.073803e-06    3.797512e-03    2.871888e-06
    4.168694e-06    3.886035e-03    2.958668e-06
    4.265795e-06    3.976623e-03    3.048065e-06
    4.365158e-06    4.069322e-03    3.140159e-06
    4.466836e-06    4.164183e-03    3.235030e-06
    4.570882e-06    4.261256e-03    3.332762e-06
    4.677351e-06    4.360593e-03    3.433434e-06
    4.786301e-06    4.462245e-03    3.536802e-06
    4.897788e-06    4.566268e-03    3.643633e-06
    5.011872e-06    4.672716e-03    3.753686e-06
    5.128614e-06    4.781647e-03    3.866678e-06
    5.248075e-06    4.893117e-03    3.983455e-06
    5.370318e-06    5.007187e-03    4.103350e-06
    5.495409e-06    5.123916e-03    4.226847e-06
    5.623413e-06    5.243368e-03    4.354482e-06
    5.754399e-06    5.365604e-03    4.485513e-06
    5.888437e-06    5.490692e-03    4.620490e-06
    6.025596e-06    5.618696e-03    4.759521e-06
    6.165950e-06    5.749685e-03    4.902728e-06
    6.309573e-06    5.883728e-03    5.050124e-06
    6.456542e-06    6.020897e-03    5.201801e-06
    6.606934e-06    6.161265e-03    5.358026e-06
    6.760830e-06    6.304906e-03    5.519194e-06
    6.918310e-06    6.451897e-03    5.685216e-06
    7.079458e-06    6.602316e-03    5.855511e-06
    7.244360e-06    6.756242e-03    6.031631e-06
    7.413102e-06    6.913758e-03    6.212421e-06
    7.585776e-06    7.074947e-03    6.398479e-06
    7.762471e-06    7.239896e-03    6.590244e-06
    7.943282e-06    7.408690e-03    6.788406e-06
    8.128305e-06    7.581422e-03    6.990983e-06
    8.317638e-06    7.758181e-03    7.201192e-06
    8.511380e-06    7.939063e-03    7.416064e-06
    8.709636e-06    8.124163e-03    7.638267e-06
    8.912509e-06    8.313580e-03    7.867117e-06
    9.120108e-06    8.507415e-03    8.101797e-06
    9.332543e-06    8.705770e-03    8.344326e-06
    9.549926e-06    8.908751e-03    8.594290e-06
    9.772372e-06    9.116466e-03    8.850644e-06
    1.000000e-05    9.329025e-03    9.114830e-06
    1.023293e-05    9.546542e-03    9.386681e-06
    1.047129e-05    9.769132e-03    9.667783e-06
    1.071519e-05    9.996913e-03    9.956095e-06
    1.096478e-05    1.023001e-02    1.025195e-05
    1.122018e-05    1.046854e-02    1.055895e-05
    1.148154e-05    1.071263e-02    1.087268e-05
    1.174898e-05    1.096242e-02    1.119682e-05
    1.202264e-05    1.121803e-02    1.152947e-05
    1.230269e-05    1.147960e-02    1.187344e-05
    1.258925e-05    1.174728e-02    1.222740e-05
    1.288250e-05    1.202120e-02    1.259060e-05
    1.318257e-05    1.230151e-02    1.296453e-05
    1.348963e-05    1.258835e-02    1.334958e-05
    1.380384e-05    1.288189e-02    1.374604e-05
    1.412538e-05    1.318227e-02    1.415426e-05
    1.445440e-05    1.348966e-02    1.457452e-05
    1.479108e-05    1.380422e-02    1.500729e-05
    1.513561e-05    1.412612e-02    1.545288e-05
    1.548817e-05    1.445553e-02    1.591167e-05
    1.584893e-05    1.479261e-02    1.638238e-05
    1.621810e-05    1.513757e-02    1.686865e-05
    1.659587e-05    1.549057e-02    1.736760e-05
    1.698244e-05    1.585180e-02    1.788312e-05
    1.737801e-05    1.622146e-02    1.841201e-05
    1.778279e-05    1.659974e-02    1.895644e-05
    1.819701e-05    1.698685e-02    1.951658e-05
    1.862087e-05    1.738298e-02    2.009367e-05
    1.905461e-05    1.778836e-02    2.068770e-05
    1.949845e-05    1.820320e-02    2.129823e-05
    1.995262e-05    1.862771e-02    2.192627e-05
    2.041738e-05    1.906212e-02    2.257444e-05
    2.089296e-05    1.950667e-02    2.323873e-05
    2.137962e-05    1.996159e-02    2.392310e-05
    2.187762e-05    2.042712e-02    2.463015e-05
    2.238721e-05    2.090351e-02    2.535488e-05
    2.290868e-05    2.139102e-02    2.609804e-05
    2.344229e-05    2.188990e-02    2.686921e-05
    2.398833e-05    2.240042e-02    2.765675e-05
    2.454709e-05    2.292285e-02    2.847076e-05
    2.511886e-05    2.345746e-02    2.930819e-05
    2.570396e-05    2.400455e-02    3.016701e-05
    2.630268e-05    2.456440e-02    3.105471e-05
    2.691535e-05    2.513732e-02    3.196456e-05
    2.754229e-05    2.572360e-02    3.290100e-05
    2.818383e-05    2.632356e-02    3.386465e-05
    2.884032e-05    2.693751e-02    3.486100e-05
    2.951209e-05    2.756580e-02    3.588205e-05
    3.019952e-05    2.820874e-02    3.693276e-05
    3.090295e-05    2.886668e-02    3.801026e-05
    3.162278e-05    2.953997e-02    3.912328e-05
    3.235937e-05    3.022897e-02    4.026431e-05
    3.311311e-05    3.093405e-02    4.144313e-05
    3.388442e-05    3.165558e-02    4.265160e-05
    3.467369e-05    3.239394e-02    4.389540e-05
    3.548134e-05    3.314953e-02    4.517445e-05
    3.630781e-05    3.392275e-02    4.649137e-05
    3.715352e-05    3.471402e-02    4.784677e-05
    3.801894e-05    3.552375e-02    4.924133e-05
    3.890451e-05    3.635237e-02    5.067665e-05
    3.981072e-05    3.720032e-02    5.214699e-05
    4.073803e-05    3.806807e-02    5.366645e-05
    4.168694e-05    3.895606e-02    5.522324e-05
    4.265795e-05    3.986477e-02    5.682585e-05
    4.365158e-05    4.079469e-02    5.847395e-05
    4.466836e-05    4.174630e-02    6.017711e-05
    4.570882e-05    4.272013e-02    6.191529e-05
    4.677351e-05    4.371667e-02    6.371137e-05
    4.786301e-05    4.473647e-02    6.555841e-05
    4.897788e-05    4.578008e-02    6.745141e-05
    5.011872e-05    4.684803e-02    6.940745e-05
    5.128614e-05    4.794090e-02    7.141114e-05
    5.248075e-05    4.905928e-02    7.348013e-05
    5.370318e-05    5.020376e-02    7.560092e-05
    5.495409e-05    5.137495e-02    7.778224e-05
    5.623413e-05    5.257347e-02    8.002179e-05
    5.754399e-05    5.379996e-02    8.232601e-05
    5.888437e-05    5.505508e-02    8.470051e-05
    6.025596e-05    5.633948e-02    8.714372e-05
    6.165950e-05    5.765386e-02    8.964659e-05
    6.309573e-05    5.899892e-02    9.222155e-05
    6.456542e-05    6.037537e-02    9.486774e-05
    6.606934e-05    6.178394e-02    9.760291e-05
    6.760830e-05    6.322538e-02    1.004047e-04
    6.918310e-05    6.470047e-02    1.032865e-04
    7.079458e-05    6.620999e-02    1.062374e-04
    7.244360e-05    6.775474e-02    1.092858e-04
    7.413102e-05    6.933554e-02    1.124072e-04
    7.585776e-05    7.095324e-02    1.156318e-04
    7.762471e-05    7.260869e-02    1.189327e-04
    7.943282e-05    7.430279e-02    1.223281e-04
    8.128305e-05    7.603642e-02    1.258191e-04
    8.317638e-05    7.781052e-02    1.294116e-04
    8.511380e-05    7.962603e-02    1.331046e-04
    8.709636e-05    8.148391e-02    1.368936e-04
    8.912509e-05    8.338516e-02    1.407899e-04
    9.120108e-05    8.533079e-02    1.447891e-04
    9.332543e-05    8.732183e-02    1.489173e-04
    9.549926e-05    8.935935e-02    1.531449e-04
    9.772372e-05    9.144443e-02    1.574918e-04
    1.000000e-04    9.357818e-02    1.619625e-04
    1.023293e-04    9.576174e-02    1.665551e-04
    1.047129e-04    9.799626e-02    1.712603e-04
    1.071519e-04    1.002830e-01    1.761180e-04
    1.096478e-04    1.026230e-01    1.810896e-04
    1.122018e-04    1.050177e-01    1.862244e-04
    1.148154e-04    1.074683e-01    1.914779e-04
    1.174898e-04    1.099761e-01    1.968821e-04
    1.202264e-04    1.125424e-01    2.024342e-04
    1.230269e-04    1.151687e-01    2.081434e-04
    1.258925e-04    1.178563e-01    2.140147e-04
    1.288250e-04    1.206066e-01    2.200203e-04
    1.318257e-04    1.234211e-01    2.262201e-04
    1.348963e-04    1.263013e-01    2.325656e-04
    1.380384e-04    1.292487e-01    2.390878e-04
    1.412538e-04    1.322650e-01    2.457914e-04
    1.445440e-04    1.353517e-01    2.526814e-04
    1.479108e-04    1.385104e-01    2.597586e-04
    1.513561e-04    1.417429e-01    2.670371e-04
    1.548817e-04    1.450508e-01    2.744847e-04
    1.584893e-04    1.484360e-01    2.821675e-04
    1.621810e-04    1.519002e-01    2.900334e-04
    1.659587e-04    1.554453e-01    2.981116e-04
    1.698244e-04    1.590732e-01    3.064553e-04
    1.737801e-04    1.627857e-01    3.149483e-04
    1.778279e-04    1.665850e-01    3.237140e-04
    1.819701e-04    1.704729e-01    3.327272e-04
    1.862087e-04    1.744517e-01    3.419832e-04
    1.905461e-04    1.785233e-01    3.514510e-04
    1.949845e-04    1.826899e-01    3.611784e-04
    1.995262e-04    1.869539e-01    3.712182e-04
    2.041738e-04    1.913174e-01    3.814335e-04
    2.089296e-04    1.957828e-01    3.919780e-04
    2.137962e-04    2.003525e-01    4.028152e-04
    2.187762e-04    2.050289e-01    4.139420e-04
    2.238721e-04    2.098144e-01    4.253801e-04
    2.290868e-04    2.147117e-01    4.370760e-04
    2.344229e-04    2.197178e-01    4.453804e-04
    2.398833e-04    2.248463e-01    4.575711e-04
    2.454709e-04    2.300945e-01    4.700931e-04
    2.511886e-04    2.354653e-01    4.829903e-04
    2.570396e-04    2.409614e-01    4.961671e-04
    2.630268e-04    2.465859e-01    5.097291e-04
    2.691535e-04    2.523418e-01    5.235915e-04
    2.754229e-04    2.582320e-01    5.378951e-04
    2.818383e-04    2.642598e-01    5.525012e-04
    2.884032e-04    2.704280e-01    5.444405e-04
    2.951209e-04    2.767402e-01    5.509775e-04
    3.019952e-04    2.831997e-01    5.574444e-04
    3.090295e-04    2.898097e-01    5.637829e-04
    3.162278e-04    2.965739e-01    5.702141e-04
    3.235937e-04    3.034958e-01    5.767204e-04
    3.311311e-04    3.105791e-01    5.833449e-04
    3.388442e-04    3.178276e-01    5.900927e-04
    3.467369e-04    3.252451e-01    5.964857e-04
    3.548134e-04    3.328355e-01    6.034873e-04
    3.630781e-04    3.406028e-01    6.106520e-04
    3.715352e-04    3.485513e-01    6.175333e-04
    3.801894e-04    3.566851e-01    6.249592e-04
    3.890451e-04    3.650085e-01    6.326067e-04
    3.981072e-04    3.735260e-01    6.400646e-04
    4.073803e-04    3.822420e-01    6.479502e-04
    4.168694e-04    3.911613e-01    6.561841e-04
    4.265795e-04    4.002885e-01    6.645948e-04
    4.365158e-04    4.096285e-01    6.728940e-04
    4.466836e-04    4.191863e-01    6.815998e-04
    4.570882e-04    4.289670e-01    6.907250e-04
    4.677351e-04    4.389756e-01    7.000706e-04
    4.786301e-04    4.492177e-01    7.096759e-04
    4.897788e-04    4.596985e-01    7.195543e-04
    5.011872e-04    4.704237e-01    7.297195e-04
    5.128614e-04    4.813990e-01    7.401260e-04
    5.248075e-04    4.926301e-01    7.512211e-04
    5.370318e-04    5.041231e-01    7.624665e-04
    5.495409e-04    5.158841e-01    7.738429e-04
    5.623413e-04    5.279194e-01    7.859775e-04
    5.754399e-04    5.402352e-01    7.981716e-04
    5.888437e-04    5.528382e-01    8.111104e-04
    6.025596e-04    5.657352e-01    8.239636e-04
    6.165950e-04    5.789328e-01    8.377131e-04
    6.309573e-04    5.924381e-01    8.518657e-04
    6.456542e-04    6.062584e-01    8.665129e-04
    6.606934e-04    6.204009e-01    8.815295e-04
    6.760830e-04    6.348732e-01    8.970454e-04
    6.918310e-04    6.496830e-01    9.130453e-04
    7.079458e-04    6.648382e-01    9.295907e-04
    7.244360e-04    6.803467e-01    9.466266e-04
    7.413102e-04    6.962169e-01    9.647035e-04
    7.585776e-04    7.124572e-01    9.828795e-04
    7.762471e-04    7.290762e-01    1.002165e-03
    7.943282e-04    7.460828e-01    1.022034e-03
    8.128305e-04    7.634860e-01    1.042557e-03
    8.317638e-04    7.812950e-01    1.063740e-03
    8.511380e-04    7.995194e-01    1.085610e-03
    8.709636e-04    8.181688e-01    1.108199e-03
    8.912509e-04    8.372532e-01    1.131561e-03
    9.120108e-04    8.567826e-01    1.156198e-03
    9.332543e-04    8.767675e-01    1.181117e-03
    9.549926e-04    8.972185e-01    1.207419e-03
    9.772372e-04    9.181465e-01    1.234574e-03
    1.000000e-03    9.395627e-01    1.262555e-03
    1.023293e-03    9.614783e-01    1.291633e-03
    1.047129e-03    9.839052e-01    1.321616e-03
    1.071519e-03    1.006855e+00    1.352603e-03
    1.096478e-03    1.030340e+00    1.385138e-03
    1.122018e-03    1.054373e+00    1.418325e-03
    1.148154e-03    1.078967e+00    1.453106e-03
    1.174898e-03    1.104134e+00    1.489084e-03
    1.202264e-03    1.129889e+00    1.526276e-03
    1.230269e-03    1.156244e+00    1.564764e-03
    1.258925e-03    1.183214e+00    1.604569e-03
    1.288250e-03    1.210813e+00    1.646262e-03
    1.318257e-03    1.239056e+00    1.689122e-03
    1.348963e-03    1.267958e+00    1.733460e-03
    1.380384e-03    1.297534e+00    1.779573e-03
    1.412538e-03    1.327801e+00    1.827302e-03
    1.445440e-03    1.358773e+00    1.877158e-03
    1.479108e-03    1.390468e+00    1.928288e-03
    1.513561e-03    1.422902e+00    1.981653e-03
    1.548817e-03    1.456093e+00    2.036880e-03
    1.584893e-03    1.490059e+00    2.094042e-03
    1.621810e-03    1.524817e+00    2.153215e-03
    1.659587e-03    1.560386e+00    2.214442e-03
    1.698244e-03    1.596786e+00    2.278273e-03
    1.737801e-03    1.634034e+00    2.343894e-03
    1.778279e-03    1.672152e+00    2.412295e-03
    1.819701e-03    1.711159e+00    2.483250e-03
    1.862087e-03    1.751076e+00    2.556794e-03
    1.905461e-03    1.791926e+00    2.632686e-03
    1.949845e-03    1.833728e+00    2.711667e-03
    1.995262e-03    1.876506e+00    2.793406e-03
    2.041738e-03    1.920282e+00    2.878089e-03
    2.089296e-03    1.965080e+00    2.965534e-03
    2.137962e-03    2.010923e+00    3.056848e-03
    2.187762e-03    2.057837e+00    3.151192e-03
    2.238721e-03    2.105846e+00    3.248864e-03
    2.290868e-03    2.154975e+00    3.350034e-03
    2.344229e-03    2.205250e+00    3.454533e-03
    2.398833e-03    2.256700e+00    3.563514e-03
    2.454709e-03    2.309350e+00    3.676132e-03
    2.511886e-03    2.363230e+00    3.792752e-03
    2.570396e-03    2.418367e+00    3.913694e-03
    2.630268e-03    2.474791e+00    4.038809e-03
    2.691535e-03    2.532533e+00    4.168545e-03
    2.754229e-03    2.591623e+00    4.302901e-03
    2.818383e-03    2.652092e+00    4.441999e-03
    2.884032e-03    2.713973e+00    4.586234e-03
    2.951209e-03    2.777299e+00    4.735504e-03
    3.019952e-03    2.842104e+00    4.890093e-03
    3.090295e-03    2.908421e+00    5.050212e-03
    3.162278e-03    2.976288e+00    5.216061e-03
    3.235937e-03    3.045738e+00    5.387732e-03
    3.311311e-03    3.116811e+00    5.565554e-03
    3.388442e-03    3.189544e+00    5.749553e-03
    3.467369e-03    3.263974e+00    5.940571e-03
    3.548134e-03    3.340144e+00    6.137331e-03
    3.630781e-03    3.418092e+00    6.341511e-03
    3.715352e-03    3.497860e+00    6.552523e-03
    3.801894e-03    3.579492e+00    6.771511e-03
    3.890451e-03    3.663030e+00    6.998245e-03
    3.981072e-03    3.748519e+00    7.231800e-03
    4.073803e-03    3.836006e+00    7.473962e-03
    5.511818e-03    5.192934e+00    7.477809e-03
    5.640610e-03    5.314452e+00    7.722838e-03
    5.772422e-03    5.438827e+00    7.975241e-03
    5.907326e-03    5.566124e+00    8.235205e-03
    6.045394e-03    5.696411e+00    8.502923e-03
    6.186699e-03    5.829762e+00    8.778590e-03
    6.331320e-03    5.966249e+00    9.062401e-03
    6.479335e-03    6.105944e+00    9.354558e-03
    6.630824e-03    6.248924e+00    9.655265e-03
    6.785869e-03    6.395269e+00    9.964727e-03
    6.944553e-03    6.545055e+00    1.028315e-02
    7.106963e-03    6.698367e+00    1.061075e-02
    7.273188e-03    6.855287e+00    1.094775e-02
    7.443316e-03    7.015901e+00    1.129436e-02
    7.617442e-03    7.180296e+00    1.165079e-02
    7.795659e-03    7.348563e+00    1.201728e-02
    7.978064e-03    7.520793e+00    1.239404e-02
    8.164758e-03    7.697081e+00    1.278130e-02
    8.355841e-03    7.877521e+00    1.317930e-02
    8.551417e-03    8.062215e+00    1.358825e-02
    8.751594e-03    8.251263e+00    1.400841e-02
    8.956478e-03    8.444768e+00    1.443999e-02
    9.166185e-03    8.642837e+00    1.488325e-02
    9.380827e-03    8.845576e+00    1.533842e-02
    9.600521e-03    9.053100e+00    1.580574e-02
    9.825387e-03    9.265520e+00    1.628546e-02
    1.005555e-02    9.482955e+00    1.677781e-02
    1.029113e-02    9.705522e+00    1.728305e-02
    1.053227e-02    9.933345e+00    1.780141e-02
    1.077908e-02    1.016655e+01    1.833317e-02
    1.103171e-02    1.040526e+01    1.887857e-02
    1.129030e-02    1.064961e+01    1.943784e-02
    1.155499e-02    1.089975e+01    2.001127e-02
    1.182592e-02    1.115579e+01    2.059910e-02
    1.210324e-02    1.141788e+01    2.120160e-02
    1.238711e-02    1.168618e+01    2.181903e-02
    1.267767e-02    1.196082e+01    2.245164e-02
    1.297510e-02    1.224196e+01    2.309973e-02
    1.327954e-02    1.252975e+01    2.376353e-02
    1.359118e-02    1.282436e+01    2.444336e-02
    1.391018e-02    1.312595e+01    2.513949e-02
    1.423672e-02    1.343467e+01    2.585219e-02
    1.457098e-02    1.375072e+01    2.658179e-02
    1.491313e-02    1.407424e+01    2.732855e-02
    1.526338e-02    1.440544e+01    2.809282e-02
    1.562192e-02    1.474449e+01    2.887490e-02
    1.598893e-02    1.509158e+01    2.967511e-02
    1.636463e-02    1.544690e+01    3.049384e-02
    1.674922e-02    1.581065e+01    3.133141e-02
    1.714292e-02    1.618303e+01    3.218822e-02
    1.754594e-02    1.656426e+01    3.306468e-02
    1.795851e-02    1.695453e+01    3.396118e-02
    1.838085e-02    1.735407e+01    3.487820e-02
    1.881320e-02    1.776310e+01    3.581621e-02
    1.925581e-02    1.818185e+01    3.677572e-02
    1.970890e-02    1.861055e+01    3.775729e-02
    2.017273e-02    1.904945e+01    3.876149e-02
    2.064758e-02    1.949877e+01    3.978899e-02
    2.113368e-02    1.995878e+01    4.084048e-02
    2.163133e-02    2.042973e+01    4.191672e-02
    2.214079e-02    2.091188e+01    4.301852e-02
    2.266234e-02    2.140551e+01    4.414681e-02
    2.319628e-02    2.191089e+01    4.530257e-02
    2.374290e-02    2.242831e+01    4.648689e-02
    2.430251e-02    2.295804e+01    4.770097e-02
    2.487541e-02    2.350039e+01    4.894613e-02
    2.546193e-02    2.405567e+01    5.022381e-02
    2.606241e-02    2.462417e+01    5.153561e-02
    2.667715e-02    2.520623e+01    5.288330e-02
    2.730652e-02    2.580216e+01    5.426882e-02
    2.795087e-02    2.641229e+01    5.569433e-02
    2.861053e-02    2.703699e+01    5.716219e-02
    2.928591e-02    2.767658e+01    5.867502e-02
    2.997735e-02    2.833144e+01    6.023573e-02
    3.068526e-02    2.900192e+01    6.184749e-02
    3.141002e-02    2.968841e+01    6.351385e-02
    3.215206e-02    3.039128e+01    6.523870e-02
    3.291177e-02    3.111094e+01    6.702632e-02
    3.368956e-02    3.184780e+01    6.888146e-02
    3.448591e-02    3.260225e+01    7.080937e-02
    3.530123e-02    3.337473e+01    7.281577e-02
    3.613598e-02    3.416568e+01    7.490705e-02
    3.699064e-02    3.497553e+01    7.709017e-02
    3.786567e-02    3.580475e+01    7.937285e-02
    3.876158e-02    3.665380e+01    8.176355e-02
    3.967885e-02    3.752316e+01    8.427157e-02
    4.061801e-02    3.841332e+01    8.690717e-02
    4.157958e-02    3.932479e+01    8.968159e-02
    4.256409e-02    4.025808e+01    9.260719e-02
    4.357210e-02    4.121370e+01    9.569751e-02
    4.460417e-02    4.219222e+01    9.896743e-02
    4.566089e-02    4.319417e+01    1.024333e-01
    4.674284e-02    4.422015e+01    1.061129e-01
    4.785062e-02    4.527070e+01    1.100259e-01
    4.898487e-02    4.634645e+01    1.141937e-01
    5.014620e-02    4.744799e+01    1.186397e-01
    5.133529e-02    4.857598e+01    1.233897e-01
    5.255279e-02    4.973101e+01    1.284715e-01
    5.379939e-02    5.091379e+01    1.339161e-01
    5.507579e-02    5.212497e+01    1.397567e-01
    5.638270e-02    5.336524e+01    1.460300e-01
    5.772085e-02    5.463533e+01    1.527759e-01
    5.909101e-02    5.593596e+01    1.600380e-01
    6.049395e-02    5.726788e+01    1.678636e-01
    6.193044e-02    5.863185e+01    1.763047e-01
    6.340131e-02    6.002868e+01    1.854175e-01
    6.490738e-02    6.145915e+01    1.952636e-01
    6.644951e-02    6.292412e+01    2.059096e-01
    6.802856e-02    6.442442e+01    2.174288e-01
    6.964544e-02    6.596095e+01    2.299001e-01
    7.130105e-02    6.753459e+01    2.434097e-01
    7.299633e-02    6.914628e+01    2.580514e-01
    7.473226e-02    7.079697e+01    2.739272e-01
    7.650980e-02    7.248763e+01    2.911476e-01
    7.833000e-02    7.421928e+01    3.098330e-01
    8.019386e-02    7.599294e+01    3.301141e-01
    8.210248e-02    7.780969e+01    3.521326e-01
    8.405694e-02    7.967062e+01    3.760425e-01
    8.605837e-02    8.157686e+01    4.020112e-01
    8.810790e-02    8.352958e+01    4.302196e-01
    9.020675e-02    8.552998e+01    4.608646e-01
    9.235612e-02    8.757927e+01    4.941594e-01
    9.455726e-02    8.967877e+01    5.303353e-01
    9.681145e-02    9.182976e+01    5.696430e-01
    9.912002e-02    9.403362e+01    6.123542e-01
    1.014843e-01    9.629174e+01    6.587633e-01
    1.039057e-01    9.860559e+01    7.091893e-01
    1.063857e-01    1.009766e+02    7.639777e-01
    1.076481e-01    1.021841e+02    7.931237e-01
    1.089258e-01    1.034064e+02    8.235030e-01
    1.102188e-01    1.046439e+02    8.551671e-01
    1.115273e-01    1.058967e+02    8.881702e-01
    1.128517e-01    1.071649e+02    9.225679e-01
    1.141920e-01    1.084488e+02    9.584184e-01
    1.155486e-01    1.097487e+02    9.957824e-01
    1.169215e-01    1.110649e+02    1.034723e+00
    1.183111e-01    1.123974e+02    1.075305e+00
    1.197174e-01    1.137464e+02    1.117598e+00
    1.211408e-01    1.151123e+02    1.161672e+00
    1.225814e-01    1.164954e+02    1.207600e+00
    1.240395e-01    1.178957e+02    1.255459e+00
    1.255214e-01    1.193196e+02    1.305105e+00
    1.270261e-01    1.207658e+02    1.356690e+00
    1.285520e-01    1.222332e+02    1.410362e+00
    1.300990e-01    1.237214e+02    1.466238e+00
    1.316670e-01    1.252306e+02    1.524428e+00
    1.332561e-01    1.267608e+02    1.585043e+00
    1.348665e-01    1.283121e+02    1.648196e+00
    1.364981e-01    1.298848e+02    1.714001e+00
    1.381513e-01    1.314791e+02    1.782576e+00
    1.398263e-01    1.330953e+02    1.854044e+00
    1.415234e-01    1.347335e+02    1.928534e+00
    1.432426e-01    1.363942e+02    2.006177e+00
    1.449845e-01    1.380776e+02    2.087108e+00
    1.467491e-01    1.397842e+02    2.171470e+00
    1.485369e-01    1.415140e+02    2.259412e+00
    1.503481e-01    1.432677e+02    2.351087e+00
    1.521829e-01    1.450454e+02    2.446655e+00
    1.540418e-01    1.468476e+02    2.546282e+00
    1.559250e-01    1.486746e+02    2.650141e+00
    1.578330e-01    1.505269e+02    2.758412e+00
    1.597659e-01    1.524049e+02    2.871283e+00
    1.617242e-01    1.543089e+02    2.988950e+00
    1.637083e-01    1.562393e+02    3.111615e+00
    1.657185e-01    1.581968e+02    3.239490e+00
    1.677551e-01    1.601817e+02    3.372796e+00
    1.698187e-01    1.621945e+02    3.511763e+00
    1.719096e-01    1.642357e+02    3.656629e+00
    1.740283e-01    1.663056e+02    3.807645e+00
    1.761750e-01    1.684051e+02    3.965070e+00
    1.783503e-01    1.705344e+02    4.129175e+00
    1.805546e-01    1.726942e+02    4.300241e+00
    1.827884e-01    1.748850e+02    4.478563e+00
    1.850521e-01    1.771075e+02    4.664448e+00
    1.873463e-01    1.793622e+02    4.858215e+00
    1.896713e-01    1.816496e+02    5.060196e+00
    1.920278e-01    1.839706e+02    5.270740e+00
    1.944163e-01    1.863258e+02    5.490207e+00
    1.968371e-01    1.887157e+02    5.718978e+00
    1.992911e-01    1.911411e+02    5.957443e+00
    2.017786e-01    1.936028e+02    6.206016e+00
    2.043003e-01    1.961015e+02    6.465124e+00
    2.068567e-01    1.986379e+02    6.735216e+00
    2.094485e-01    2.012129e+02    7.016756e+00
    2.120763e-01    2.038272e+02    7.310234e+00
    2.147407e-01    2.064817e+02    7.616158e+00
    2.174425e-01    2.091775e+02    7.935056e+00
    2.201823e-01    2.119152e+02    8.267486e+00
    2.229608e-01    2.146958e+02    8.614025e+00
    2.257787e-01    2.175204e+02    8.975279e+00
    2.286368e-01    2.203899e+02    9.351878e+00
    2.315359e-01    2.233054e+02    9.744483e+00
    2.344767e-01    2.262681e+02    1.015378e+01
    2.374601e-01    2.292790e+02    1.058050e+01
    2.404869e-01    2.323392e+02    1.102539e+01
    2.435580e-01    2.354500e+02    1.148923e+01
    2.466744e-01    2.386127e+02    1.197287e+01
    2.498369e-01    2.418284e+02    1.247714e+01
    2.530465e-01    2.450988e+02    1.300297e+01
    2.563042e-01    2.484251e+02    1.355128e+01
    2.596110e-01    2.518087e+02    1.412308e+01
    2.629680e-01    2.552514e+02    1.471939e+01
    2.663763e-01    2.587544e+02    1.534131e+01
    2.698371e-01    2.623197e+02    1.598996e+01
    2.733515e-01    2.659488e+02    1.666654e+01
    2.769208e-01    2.696437e+02    1.737230e+01
    2.805462e-01    2.734060e+02    1.810853e+01
    2.842291e-01    2.772378e+02    1.887663e+01
    2.879707e-01    2.811411e+02    1.967802e+01
    2.917725e-01    2.851180e+02    2.051421e+01
    2.956361e-01    2.891709e+02    2.138680e+01
    2.995628e-01    2.933018e+02    2.229745e+01
    3.035543e-01    2.975133e+02    2.324791e+01
    3.076124e-01    3.018079e+02    2.424001e+01
    3.117385e-01    3.061882e+02    2.527569e+01
    3.159345e-01    3.106569e+02    2.635699e+01
    3.202022e-01    3.152169e+02    2.748603e+01
    3.245438e-01    3.198714e+02    2.866509e+01
    3.289608e-01    3.246233e+02    2.989649e+01
    3.334556e-01    3.294761e+02    3.118278e+01
    3.380304e-01    3.344331e+02    3.252655e+01
    3.426872e-01    3.394981e+02    3.393058e+01
    3.474284e-01    3.446747e+02    3.539779e+01
    3.522565e-01    3.499670e+02    3.693127e+01
    3.571740e-01    3.553793e+02    3.853425e+01
    3.621836e-01    3.609158e+02    4.021017e+01
    3.672878e-01    3.665810e+02    4.196265e+01
    3.724897e-01    3.723801e+02    4.379551e+01
    3.777921e-01    3.783179e+02    4.571281e+01
    3.831981e-01    3.843997e+02    4.771881e+01
    3.887109e-01    3.906313e+02    4.981801e+01
    3.943338e-01    3.970184e+02    5.201522e+01
    4.000703e-01    4.035672e+02    5.431548e+01
    4.059240e-01    4.102842e+02    5.672415e+01
    4.118985e-01    4.171762e+02    5.924688e+01
    4.179978e-01    4.242503e+02    6.188970e+01
    4.242258e-01    4.315140e+02    6.465894e+01
    4.305867e-01    4.389753e+02    6.756136e+01
    4.370847e-01    4.466423e+02    7.060408e+01
    4.437243e-01    4.545237e+02    7.379467e+01
    4.505102e-01    4.626285e+02    7.714114e+01
    4.574469e-01    4.709663e+02    8.065198e+01
    4.645393e-01    4.795470e+02    8.433622e+01
    4.717923e-01    4.883811e+02    8.820337e+01
    4.792112e-01    4.974794e+02    9.226356e+01
    4.868011e-01    5.068533e+02    9.652747e+01
    4.945672e-01    5.165147e+02    1.010065e+02
    5.025151e-01    5.264760e+02    1.057126e+02
    5.106502e-01    5.367500e+02    1.106583e+02
    5.189779e-01    5.473500e+02    1.158573e+02
    5.275039e-01    5.582898e+02    1.213236e+02
    5.362337e-01    5.695840e+02    1.270723e+02
    5.451728e-01    5.812473e+02    1.331190e+02
    5.543266e-01    5.932949e+02    1.394803e+02
    5.637006e-01    6.057427e+02    1.461739e+02
    5.733001e-01    6.186065e+02    1.532179e+02
    5.831298e-01    6.319031e+02    1.606317e+02
    5.931949e-01    6.456493e+02    1.684354e+02
    6.034998e-01    6.598622e+02    1.766501e+02
    6.140488e-01    6.745589e+02    1.852980e+02
    6.248460e-01    6.897573e+02    1.944018e+02
    6.358946e-01    7.054751e+02    2.039853e+02
    6.471979e-01    7.217298e+02    2.140734e+02
    6.587585e-01    7.385395e+02    2.246916e+02
    6.705785e-01    7.559218e+02    2.358665e+02
    6.826595e-01    7.738945e+02    2.476253e+02
    6.950026e-01    7.924751e+02    2.599961e+02
    7.076083e-01    8.116810e+02    2.730077e+02
    7.204764e-01    8.315297e+02    2.866896e+02
    7.336066e-01    8.520378e+02    3.010722e+02
    7.469972e-01    8.732223e+02    3.161863e+02
    7.606471e-01    8.950998e+02    3.320634e+02
    7.745539e-01    9.176865e+02    3.487356e+02
    7.887151e-01    9.409986e+02    3.662356e+02
    8.031276e-01    9.650521e+02    3.845966e+02
    8.177881e-01    9.898630e+02    4.038525e+02
    8.326933e-01    1.015447e+03    4.240376e+02
    8.478391e-01    1.041820e+03    4.451867e+02
    8.632218e-01    1.068998e+03    4.673354e+02
    8.788372e-01    1.096997e+03    4.905198e+02
    8.946811e-01    1.125833e+03    5.147765e+02
    9.107497e-01    1.155525e+03    5.401430e+02
    9.270387e-01    1.186086e+03    5.666573e+02
    9.435443e-01    1.217537e+03    5.943584e+02
    9.602626e-01    1.249895e+03    6.232859e+02
    9.771901e-01    1.283179e+03    6.534805e+02
    9.943235e-01    1.317408e+03    6.849837e+02
    1.011659e+00    1.352602e+03    7.178381e+02
    1.029195e+00    1.388785e+03    7.520872e+02
    1.046928e+00    1.425975e+03    7.877759e+02
    1.064855e+00    1.464198e+03    8.249502e+02
    1.082975e+00    1.503476e+03    8.636573e+02
    1.101285e+00    1.543836e+03    9.039461e+02
    1.119785e+00    1.585303e+03    9.458664e+02
    1.138473e+00    1.627905e+03    9.894701e+02
    1.157348e+00    1.671670e+03    1.034810e+03
    1.176409e+00    1.716629e+03    1.081942e+03
    1.195655e+00    1.762812e+03    1.130920e+03
    1.215087e+00    1.810250e+03    1.181805e+03
    1.234705e+00    1.858979e+03    1.234657e+03
    1.254508e+00    1.909033e+03    1.289535e+03
    1.274497e+00    1.960449e+03    1.346508e+03
    1.294674e+00    2.013264e+03    1.405638e+03
    1.315037e+00    2.067517e+03    1.466996e+03
    1.335590e+00    2.123249e+03    1.530650e+03
    1.356332e+00    2.180503e+03    1.596674e+03
    1.377265e+00    2.239323e+03    1.665145e+03
    1.398391e+00    2.299752e+03    1.736138e+03
    1.419711e+00    2.361840e+03    1.809735e+03
    1.441227e+00    2.425633e+03    1.886018e+03
    1.462941e+00    2.491184e+03    1.965072e+03
    1.484855e+00    2.558543e+03    2.046986e+03
    1.506970e+00    2.627765e+03    2.131850e+03
    1.529290e+00    2.698905e+03    2.219760e+03
    1.551817e+00    2.772022e+03    2.310812e+03
    1.574552e+00    2.847173e+03    2.405106e+03
    1.597499e+00    2.924422e+03    2.502748e+03
    1.620660e+00    3.003833e+03    2.603841e+03
    1.644037e+00    3.085470e+03    2.708499e+03
    1.667634e+00    3.169401e+03    2.816832e+03
    1.691453e+00    3.255697e+03    2.928962e+03
    1.715497e+00    3.344429e+03    3.045007e+03
    1.739769e+00    3.435674e+03    3.165094e+03
