    1.000000e-07    9.306137e-05    2.120702e-08
    1.023293e-07    9.522955e-05    2.187758e-08
    1.047129e-07    9.744825e-05    2.256972e-08
    1.071519e-07    9.971865e-05    2.328073e-08
    1.096478e-07    1.020419e-04    2.401908e-08
    1.122018e-07    1.044194e-04    2.477828e-08
    1.148154e-07    1.068522e-04    2.555817e-08
    1.174898e-07    1.093417e-04    2.636554e-08
    1.202264e-07    1.118892e-04    2.719746e-08
    1.230269e-07    1.144961e-04    2.805613e-08
    1.258925e-07    1.171637e-04    2.893817e-08
    1.288250e-07    1.198935e-04    2.985128e-08
    1.318257e-07    1.226869e-04    3.078923e-08
    1.348963e-07    1.255454e-04    3.176022e-08
    1.380384e-07    1.284705e-04    3.275761e-08
    1.412538e-07    1.314637e-04    3.378606e-08
    1.445440e-07    1.345267e-04    3.485070e-08
    1.479108e-07    1.376610e-04    3.594428e-08
    1.513561e-07    1.408684e-04    3.707634e-08
    1.548817e-07    1.441505e-04    3.823917e-08
    1.584893e-07    1.475091e-04    3.944290e-08
    1.621810e-07    1.509460e-04    4.067933e-08
    1.659587e-07    1.544629e-04    4.195924e-08
    1.698244e-07    1.580618e-04    4.327391e-08
    1.737801e-07    1.617446e-04    4.463059e-08
    1.778279e-07    1.655132e-04    4.602829e-08
    1.819701e-07    1.693696e-04    4.747512e-08
    1.862087e-07    1.733158e-04    4.896121e-08
    1.905461e-07    1.773540e-04    5.049347e-08
    1.949845e-07    1.814863e-04    5.207465e-08
    1.995262e-07    1.857149e-04    5.370362e-08
    2.041738e-07    1.900420e-04    5.538980e-08
    2.089296e-07    1.944700e-04    5.711632e-08
    2.137962e-07    1.990011e-04    5.890182e-08
    2.187762e-07    2.036379e-04    6.074430e-08
    2.238721e-07    2.083826e-04    6.264241e-08
    2.290868e-07    2.132380e-04    6.460108e-08
    2.344229e-07    2.182064e-04    6.661887e-08
    2.398833e-07    2.232907e-04    6.869927e-08
    2.454709e-07    2.284934e-04    7.084600e-08
    2.511886e-07    2.338174e-04    7.305064e-08
    2.570396e-07    2.392654e-04    7.533955e-08
    2.630268e-07    2.448404e-04    7.768311e-08
    2.691535e-07    2.505453e-04    8.010288e-08
    2.754229e-07    2.563832e-04    8.260743e-08
    2.818383e-07    2.623571e-04    8.517560e-08
    2.884032e-07    2.684702e-04    8.782313e-08
    2.951209e-07    2.747257e-04    9.056329e-08
    3.019952e-07    2.811271e-04    9.338607e-08
    3.090295e-07    2.876776e-04    9.628723e-08
    3.162278e-07    2.943807e-04    9.928988e-08
    3.235937e-07    3.012401e-04    1.023734e-07
    3.311311e-07    3.082593e-04    1.055521e-07
    3.388442e-07    3.154420e-04    1.088289e-07
    3.467369e-07    3.227922e-04    1.122204e-07
    3.548134e-07    3.303137e-04    1.157031e-07
    3.630781e-07    3.380104e-04    1.192933e-07
    3.715352e-07    3.458865e-04    1.230090e-07
    3.801894e-07    3.539461e-04    1.268247e-07
    3.890451e-07    3.621936e-04    1.307582e-07
    3.981072e-07    3.706333e-04    1.348130e-07
    4.073803e-07    3.792696e-04    1.390095e-07
    4.168694e-07    3.881072e-04    1.433188e-07
    4.265795e-07    3.971508e-04    1.477471e-07
    4.365158e-07    4.064051e-04    1.523260e-07
    4.466836e-07    4.158751e-04    1.570649e-07
    4.570882e-07    4.255658e-04    1.619158e-07
    4.677351e-07    4.354824e-04    1.669316e-07
    4.786301e-07    4.456300e-04    1.721020e-07
    4.897788e-07    4.560141e-04    1.774151e-07
    5.011872e-07    4.666403e-04    1.829306e-07
    5.128614e-07    4.775140e-04    1.885764e-07
    5.248075e-07    4.886412e-04    1.944141e-07
    5.370318e-07    5.000277e-04    2.004127e-07
    5.495409e-07    5.116796e-04    2.066152e-07
    5.623413e-07    5.236031e-04    2.130140e-07
    5.754399e-07    5.358044e-04    2.195840e-07
    5.888437e-07    5.482901e-04    2.263772e-07
    6.025596e-07    5.610668e-04    2.333575e-07
    6.165950e-07    5.741412e-04    2.405522e-07
    6.309573e-07    5.875204e-04    2.479914e-07
    6.456542e-07    6.012113e-04    2.556539e-07
    6.606934e-07    6.152214e-04    2.635457e-07
    6.760830e-07    6.295580e-04    2.716672e-07
    6.918310e-07    6.442287e-04    2.800380e-07
    7.079458e-07    6.592413e-04    2.886658e-07
    7.244360e-07    6.746039e-04    2.975584e-07
    7.413102e-07    6.903245e-04    3.067239e-07
    7.585776e-07    7.064114e-04    3.161707e-07
    7.762471e-07    7.228734e-04    3.259074e-07
    7.943282e-07    7.397190e-04    3.359428e-07
    8.128305e-07    7.569572e-04    3.462861e-07
    8.317638e-07    7.745972e-04    3.569128e-07
    8.511380e-07    7.926483e-04    3.679436e-07
    8.709636e-07    8.111202e-04    3.792687e-07
    8.912509e-07    8.300226e-04    3.909038e-07
    9.120108e-07    8.493655e-04    4.029332e-07
    9.332543e-07    8.691593e-04    4.153315e-07
    9.549926e-07    8.894145e-04    4.280691e-07
    9.772372e-07    9.101417e-04    4.412383e-07
    1.000000e-06    9.313521e-04    4.547679e-07
    1.023293e-06    9.530568e-04    4.687558e-07
    1.047129e-06    9.752675e-04    4.831264e-07
    1.071519e-06    9.979958e-04    4.979361e-07
    1.096478e-06    1.021254e-03    5.132475e-07
    1.122018e-06    1.045054e-03    5.289777e-07
    1.148154e-06    1.069409e-03    5.451885e-07
    1.174898e-06    1.094332e-03    5.618810e-07
    1.202264e-06    1.119835e-03    5.790971e-07
    1.230269e-06    1.145933e-03    5.968392e-07
    1.258925e-06    1.172640e-03    6.151232e-07
    1.288250e-06    1.199968e-03    6.339658e-07
    1.318257e-06    1.227934e-03    6.533839e-07
    1.348963e-06    1.256552e-03    6.733951e-07
    1.380384e-06    1.285837e-03    6.940175e-07
    1.412538e-06    1.315804e-03    7.152698e-07
    1.445440e-06    1.346470e-03    7.371355e-07
    1.479108e-06    1.377851e-03    7.596497e-07
    1.513561e-06    1.409963e-03    7.828307e-07
    1.548817e-06    1.442824e-03    8.067950e-07
    1.584893e-06    1.476451e-03    8.314910e-07
    1.621810e-06    1.510861e-03    8.568583e-07
    1.659587e-06    1.546074e-03    8.830827e-07
    1.698244e-06    1.582108e-03    9.099541e-07
    1.737801e-06    1.618981e-03    9.377542e-07
    1.778279e-06    1.656715e-03    9.663547e-07
    1.819701e-06    1.695327e-03    9.959217e-07
    1.862087e-06    1.734840e-03    1.026292e-06
    1.905461e-06    1.775274e-03    1.057509e-06
    1.949845e-06    1.816650e-03    1.089806e-06
    1.995262e-06    1.858991e-03    1.123032e-06
    2.041738e-06    1.902320e-03    1.157268e-06
    2.089296e-06    1.946658e-03    1.192402e-06
    2.137962e-06    1.992029e-03    1.228748e-06
    2.187762e-06    2.038459e-03    1.266200e-06
    2.238721e-06    2.085971e-03    1.304632e-06
    2.290868e-06    2.134590e-03    1.344391e-06
    2.344229e-06    2.184343e-03    1.385360e-06
    2.398833e-06    2.235255e-03    1.427398e-06
    2.454709e-06    2.287355e-03    1.470893e-06
    2.511886e-06    2.340669e-03    1.515557e-06
    2.570396e-06    2.395226e-03    1.561542e-06
    2.630268e-06    2.451055e-03    1.609110e-06
    2.691535e-06    2.508186e-03    1.657964e-06
    2.754229e-06    2.566648e-03    1.708258e-06
    2.818383e-06    2.626473e-03    1.760116e-06
    2.884032e-06    2.687694e-03    1.813502e-06
    2.951209e-06    2.750341e-03    1.868548e-06
    3.019952e-06    2.814449e-03    1.925450e-06
    3.090295e-06    2.880051e-03    1.983645e-06
    3.162278e-06    2.947183e-03    2.043845e-06
    3.235937e-06    3.015880e-03    2.105818e-06
    3.311311e-06    3.086179e-03    2.169610e-06
    3.388442e-06    3.158117e-03    2.235279e-06
    3.467369e-06    3.231732e-03    2.303099e-06
    3.548134e-06    3.307063e-03    2.372683e-06
    3.630781e-06    3.384151e-03    2.444663e-06
    3.715352e-06    3.463035e-03    2.518515e-06
    3.801894e-06    3.543759e-03    2.594655e-06
    3.890451e-06    3.626366e-03    2.673029e-06
    3.981072e-06    3.710898e-03    2.753766e-06
    4.073803e-06    3.797401e-03    2.837283e-06
    4.168694e-06    3.885921e-03    2.922683e-06
    4.265795e-06    3.976505e-03    3.011313e-06
    4.365158e-06    4.069201e-03    3.101939e-06
    4.466836e-06    4.164058e-03    3.195605e-06
    4.570882e-06    4.261127e-03    3.292169e-06
    4.677351e-06    4.360460e-03    3.391399e-06
    4.786301e-06    4.462108e-03    3.493613e-06
    4.897788e-06    4.566127e-03    3.599165e-06
    5.011872e-06    4.672571e-03    3.707445e-06
    5.128614e-06    4.781497e-03    3.818976e-06
    5.248075e-06    4.892962e-03    3.934330e-06
    5.370318e-06    5.007027e-03    4.052674e-06
    5.495409e-06    5.123752e-03    4.174569e-06
    5.623413e-06    5.243198e-03    4.300125e-06
    5.754399e-06    5.365430e-03    4.429993e-06
    5.888437e-06    5.490512e-03    4.563215e-06
    6.025596e-06    5.618510e-03    4.699966e-06
    6.165950e-06    5.749493e-03    4.841291e-06
    6.309573e-06    5.883531e-03    4.986858e-06
    6.456542e-06    6.020694e-03    5.136911e-06
    6.606934e-06    6.161056e-03    5.291349e-06
    6.760830e-06    6.304690e-03    5.449874e-06
    6.918310e-06    6.451674e-03    5.613139e-06
    7.079458e-06    6.602086e-03    5.781867e-06
    7.244360e-06    6.756005e-03    5.955058e-06
    7.413102e-06    6.913514e-03    6.133426e-06
    7.585776e-06    7.074696e-03    6.317126e-06
    7.762471e-06    7.239636e-03    6.507121e-06
    7.943282e-06    7.408423e-03    6.701976e-06
    8.128305e-06    7.581146e-03    6.902670e-06
    8.317638e-06    7.757897e-03    7.109362e-06
    8.511380e-06    7.938770e-03    7.321489e-06
    8.709636e-06    8.123861e-03    7.540696e-06
    8.912509e-06    8.313269e-03    7.766455e-06
    9.120108e-06    8.507094e-03    7.998145e-06
    9.332543e-06    8.705439e-03    8.237572e-06
    9.549926e-06    8.908409e-03    8.483097e-06
    9.772372e-06    9.116114e-03    8.736121e-06
    1.000000e-05    9.328662e-03    8.996676e-06
    1.023293e-05    9.546168e-03    9.265932e-06
    1.047129e-05    9.768746e-03    9.542256e-06
    1.071519e-05    9.996515e-03    9.826802e-06
    1.096478e-05    1.022960e-02    1.011979e-05
    1.122018e-05    1.046811e-02    1.042152e-05
    1.148154e-05    1.071220e-02    1.073089e-05
    1.174898e-05    1.096197e-02    1.105080e-05
    1.202264e-05    1.121757e-02    1.137906e-05
    1.230269e-05    1.147913e-02    1.171826e-05
    1.258925e-05    1.174679e-02    1.206630e-05
    1.288250e-05    1.202069e-02    1.242438e-05
    1.318257e-05    1.230098e-02    1.279467e-05
    1.348963e-05    1.258781e-02    1.317460e-05
    1.380384e-05    1.288133e-02    1.356546e-05
    1.412538e-05    1.318170e-02    1.396823e-05
    1.445440e-05    1.348907e-02    1.438294e-05
    1.479108e-05    1.380361e-02    1.480806e-05
    1.513561e-05    1.412549e-02    1.524764e-05
    1.548817e-05    1.445488e-02    1.570024e-05
    1.584893e-05    1.479195e-02    1.616421e-05
    1.621810e-05    1.513688e-02    1.664395e-05
    1.659587e-05    1.548986e-02    1.713573e-05
    1.698244e-05    1.585107e-02    1.764419e-05
    1.737801e-05    1.622070e-02    1.816450e-05
    1.778279e-05    1.659896e-02    1.870248e-05
    1.819701e-05    1.698605e-02    1.925493e-05
    1.862087e-05    1.738216e-02    1.982409e-05
    1.905461e-05    1.778751e-02    2.040744e-05
    1.949845e-05    1.820232e-02    2.101058e-05
    1.995262e-05    1.862680e-02    2.163103e-05
    2.041738e-05    1.906119e-02    2.226781e-05
    2.089296e-05    1.950571e-02    2.292529e-05
    2.137962e-05    1.996060e-02    2.359964e-05
    2.187762e-05    2.042610e-02    2.429429e-05
    2.238721e-05    2.090246e-02    2.500879e-05
    2.290868e-05    2.138993e-02    2.574753e-05
    2.344229e-05    2.188878e-02    2.650456e-05
    2.398833e-05    2.239926e-02    2.728098e-05
    2.454709e-05    2.292165e-02    2.808306e-05
    2.511886e-05    2.345623e-02    2.890927e-05
    2.570396e-05    2.400328e-02    2.975591e-05
    2.630268e-05    2.456310e-02    3.063054e-05
    2.691535e-05    2.513597e-02    3.152743e-05
    2.754229e-05    2.572221e-02    3.245455e-05
    2.818383e-05    2.632212e-02    3.340468e-05
    2.884032e-05    2.693604e-02    3.438254e-05
    2.951209e-05    2.756427e-02    3.538894e-05
    3.019952e-05    2.820717e-02    3.642469e-05
    3.090295e-05    2.886506e-02    3.748647e-05
    3.162278e-05    2.953830e-02    3.858342e-05
    3.235937e-05    3.022725e-02    3.971236e-05
    3.311311e-05    3.093227e-02    4.086979e-05
    3.388442e-05    3.165375e-02    4.206628e-05
    3.467369e-05    3.239206e-02    4.329190e-05
    3.548134e-05    3.314759e-02    4.455328e-05
    3.630781e-05    3.392075e-02    4.585032e-05
    3.715352e-05    3.471195e-02    4.718597e-05
    3.801894e-05    3.552162e-02    4.856039e-05
    3.890451e-05    3.635017e-02    4.997449e-05
    3.981072e-05    3.719806e-02    5.142418e-05
    4.073803e-05    3.806573e-02    5.292158e-05
    4.168694e-05    3.895365e-02    5.445642e-05
    4.265795e-05    3.986229e-02    5.604153e-05
    4.365158e-05    4.079213e-02    5.766649e-05
    4.466836e-05    4.174367e-02    5.933838e-05
    4.570882e-05    4.271741e-02    6.105728e-05
    4.677351e-05    4.371387e-02    6.282678e-05
    4.786301e-05    4.473359e-02    6.464764e-05
    4.897788e-05    4.577710e-02    6.651734e-05
    5.011872e-05    4.684496e-02    6.843949e-05
    5.128614e-05    4.793775e-02    7.041411e-05
    5.248075e-05    4.905603e-02    7.245389e-05
    5.370318e-05    5.020041e-02    7.454264e-05
    5.495409e-05    5.137149e-02    7.669288e-05
    5.623413e-05    5.256991e-02    7.890447e-05
    5.754399e-05    5.379629e-02    8.117829e-05
    5.888437e-05    5.505129e-02    8.351901e-05
    6.025596e-05    5.633558e-02    8.592649e-05
    6.165950e-05    5.764984e-02    8.839167e-05
    6.309573e-05    5.899477e-02    9.093936e-05
    6.456542e-05    6.037109e-02    9.354714e-05
    6.606934e-05    6.177953e-02    9.623720e-05
    6.760830e-05    6.322084e-02    9.900225e-05
    6.918310e-05    6.469579e-02    1.018420e-04
    7.079458e-05    6.620517e-02    1.047553e-04
    7.244360e-05    6.774977e-02    1.077535e-04
    7.413102e-05    6.933042e-02    1.108413e-04
    7.585776e-05    7.094796e-02    1.140187e-04
    7.762471e-05    7.260325e-02    1.172715e-04
    7.943282e-05    7.429718e-02    1.206322e-04
    8.128305e-05    7.603064e-02    1.240725e-04
    8.317638e-05    7.780457e-02    1.276104e-04
    8.511380e-05    7.961989e-02    1.312503e-04
    8.709636e-05    8.147759e-02    1.349916e-04
    8.912509e-05    8.337865e-02    1.388227e-04
    9.120108e-05    8.532408e-02    1.427804e-04
    9.332543e-05    8.731492e-02    1.468482e-04
    9.549926e-05    8.935223e-02    1.510126e-04
    9.772372e-05    9.143709e-02    1.552982e-04
    1.000000e-04    9.357062e-02    1.597203e-04
    1.023293e-04    9.575394e-02    1.642471e-04
    1.047129e-04    9.798823e-02    1.688824e-04
    1.071519e-04    1.002747e-01    1.736704e-04
    1.096478e-04    1.026145e-01    1.785908e-04
    1.122018e-04    1.050089e-01    1.836486e-04
    1.148154e-04    1.074593e-01    1.888271e-04
    1.174898e-04    1.099668e-01    1.941531e-04
    1.202264e-04    1.125328e-01    1.996495e-04
    1.230269e-04    1.151588e-01    2.052757e-04
    1.258925e-04    1.178461e-01    2.110578e-04
    1.288250e-04    1.205961e-01    2.169753e-04
    1.318257e-04    1.234103e-01    2.230857e-04
    1.348963e-04    1.262901e-01    2.293711e-04
    1.380384e-04    1.292373e-01    2.357976e-04
    1.412538e-04    1.322532e-01    2.424336e-04
    1.445440e-04    1.353395e-01    2.492228e-04
    1.479108e-04    1.384979e-01    2.562021e-04
    1.513561e-04    1.417300e-01    2.633733e-04
    1.548817e-04    1.450375e-01    2.707434e-04
    1.584893e-04    1.484223e-01    2.783250e-04
    1.621810e-04    1.518861e-01    2.860742e-04
    1.659587e-04    1.554308e-01    2.940756e-04
    1.698244e-04    1.590582e-01    3.022590e-04
    1.737801e-04    1.627703e-01    3.106701e-04
    1.778279e-04    1.665691e-01    3.193104e-04
    1.819701e-04    1.704566e-01    3.281886e-04
    1.862087e-04    1.744348e-01    3.373136e-04
    1.905461e-04    1.785059e-01    3.466935e-04
    1.949845e-04    1.826721e-01    3.562827e-04
    1.995262e-04    1.869355e-01    3.661776e-04
    2.041738e-04    1.912985e-01    3.762967e-04
    2.089296e-04    1.957633e-01    3.866952e-04
    2.137962e-04    2.003287e-01    3.950449e-04
    2.187762e-04    2.050043e-01    4.059386e-04
    2.238721e-04    2.097891e-01    4.171223e-04
    2.290868e-04    2.146856e-01    4.286103e-04
    2.344229e-04    2.196965e-01    4.403537e-04
    2.398833e-04    2.248243e-01    4.524732e-04
    2.454709e-04    2.300719e-01    4.648699e-04
    2.511886e-04    2.354420e-01    4.775929e-04
    2.570396e-04    2.409375e-01    4.906593e-04
    2.630268e-04    2.465613e-01    5.040871e-04
    2.691535e-04    2.523164e-01    5.178510e-04
    2.754229e-04    2.582059e-01    5.319677e-04
    2.818383e-04    2.642329e-01    5.464731e-04
    2.884032e-04    2.704007e-01    5.613582e-04
    2.951209e-04    2.767125e-01    5.634996e-04
    3.019952e-04    2.831716e-01    5.699040e-04
    3.090295e-04    2.897813e-01    5.765904e-04
    3.162278e-04    2.965451e-01    5.824181e-04
    3.235937e-04    3.034666e-01    5.886864e-04
    3.311311e-04    3.105495e-01    5.944728e-04
    3.388442e-04    3.177975e-01    6.003226e-04
    3.467369e-04    3.252144e-01    6.061926e-04
    3.548134e-04    3.328043e-01    6.116356e-04
    3.630781e-04    3.405712e-01    6.176711e-04
    3.715352e-04    3.485191e-01    6.232646e-04
    3.801894e-04    3.566522e-01    6.294554e-04
    3.890451e-04    3.649750e-01    6.352131e-04
    3.981072e-04    3.734917e-01    6.410785e-04
    4.073803e-04    3.822070e-01    6.475376e-04
    4.168694e-04    3.911254e-01    6.536737e-04
    4.265795e-04    4.002517e-01    6.598578e-04
    4.365158e-04    4.095908e-01    6.661743e-04
    4.466836e-04    4.191475e-01    6.726029e-04
    4.570882e-04    4.289270e-01    6.791498e-04
    4.677351e-04    4.389345e-01    6.858508e-04
    4.786301e-04    4.491752e-01    6.926850e-04
    4.897788e-04    4.596546e-01    6.996600e-04
    5.011872e-04    4.703783e-01    7.067835e-04
    5.128614e-04    4.813520e-01    7.140638e-04
    5.248075e-04    4.925814e-01    7.215098e-04
    5.370318e-04    5.040726e-01    7.290971e-04
    5.495409e-04    5.158316e-01    7.368674e-04
    5.623413e-04    5.278647e-01    7.448306e-04
    5.754399e-04    5.401783e-01    7.529261e-04
    5.888437e-04    5.527789e-01    7.612331e-04
    6.025596e-04    5.656733e-01    7.692565e-04
    6.165950e-04    5.788681e-01    7.778577e-04
    6.309573e-04    5.923705e-01    7.867386e-04
    6.456542e-04    6.061877e-01    7.958349e-04
    6.606934e-04    6.203269e-01    8.051577e-04
    6.760830e-04    6.347957e-01    8.146768e-04
    6.918310e-04    6.496017e-01    8.244441e-04
    7.079458e-04    6.647528e-01    8.344719e-04
    7.244360e-04    6.802571e-01    8.446842e-04
    7.413102e-04    6.961228e-01    8.551571e-04
    7.585776e-04    7.123583e-01    8.659030e-04
    7.762471e-04    7.289722e-01    8.768870e-04
    7.943282e-04    7.459734e-01    8.881450e-04
    8.128305e-04    7.633708e-01    8.996637e-04
    8.317638e-04    7.811738e-01    9.114802e-04
    8.511380e-04    7.993917e-01    9.236080e-04
    8.709636e-04    8.180343e-01    9.360081e-04
    8.912509e-04    8.371114e-01    9.486914e-04
    9.120108e-04    8.566332e-01    9.617254e-04
    9.332543e-04    8.766100e-01    9.750687e-04
    9.549926e-04    8.970524e-01    9.887339e-04
    9.772372e-04    9.179714e-01    1.002734e-03
    1.000000e-03    9.393779e-01    1.017083e-03
    1.023293e-03    9.612834e-01    1.032394e-03
    1.047129e-03    9.836995e-01    1.047464e-03
    1.071519e-03    1.006638e+00    1.062925e-03
    1.096478e-03    1.030111e+00    1.078692e-03
    1.122018e-03    1.054132e+00    1.094912e-03
    1.148154e-03    1.078712e+00    1.111498e-03
    1.174898e-03    1.103865e+00    1.128499e-03
    1.202264e-03    1.129605e+00    1.145930e-03
    1.230269e-03    1.155945e+00    1.164417e-03
    1.258925e-03    1.182898e+00    1.182694e-03
    1.288250e-03    1.210480e+00    1.201407e-03
    1.318257e-03    1.238705e+00    1.220573e-03
    1.348963e-03    1.267587e+00    1.240536e-03
    1.380384e-03    1.297143e+00    1.261007e-03
    1.412538e-03    1.327388e+00    1.281593e-03
    1.445440e-03    1.358337e+00    1.302648e-03
    1.479108e-03    1.390009e+00    1.324231e-03
    1.513561e-03    1.422418e+00    1.346315e-03
    1.548817e-03    1.455583e+00    1.369593e-03
    1.584893e-03    1.489521e+00    1.392737e-03
    1.621810e-03    1.524250e+00    1.416377e-03
    1.659587e-03    1.559788e+00    1.440575e-03
    1.698244e-03    1.596155e+00    1.465996e-03
    1.737801e-03    1.633369e+00    1.491324e-03
    1.778279e-03    1.671451e+00    1.517260e-03
    1.819701e-03    1.710421e+00    1.543736e-03
    1.862087e-03    1.750299e+00    1.570793e-03
    1.905461e-03    1.791106e+00    1.599177e-03
    1.949845e-03    1.832865e+00    1.627456e-03
    1.995262e-03    1.875597e+00    1.656359e-03
    2.041738e-03    1.919325e+00    1.685870e-03
    2.089296e-03    1.964073e+00    1.715967e-03
    2.137962e-03    2.009863e+00    1.746763e-03
    2.187762e-03    2.056721e+00    1.778240e-03
    2.238721e-03    2.104671e+00    1.810973e-03
    2.290868e-03    2.153738e+00    1.843695e-03
    2.344229e-03    2.203950e+00    1.877064e-03
    2.398833e-03    2.255331e+00    1.911091e-03
    2.454709e-03    2.307911e+00    1.945786e-03
    2.511886e-03    2.361715e+00    1.981119e-03
    2.570396e-03    2.416774e+00    2.017140e-03
    2.630268e-03    2.473117e+00    2.053858e-03
    2.691535e-03    2.530772e+00    2.091241e-03
    2.754229e-03    2.589772e+00    2.129296e-03
    2.818383e-03    2.650146e+00    2.167209e-03
    2.884032e-03    2.711928e+00    2.206605e-03
    2.951209e-03    2.775150e+00    2.246691e-03
    3.019952e-03    2.839845e+00    2.287424e-03
    3.090295e-03    2.906049e+00    2.327993e-03
    3.162278e-03    2.973795e+00    2.370055e-03
    3.235937e-03    3.043120e+00    2.412718e-03
    3.311311e-03    3.114061e+00    2.455256e-03
    3.388442e-03    3.186656e+00    2.499253e-03
    3.467369e-03    3.260943e+00    2.542969e-03
    3.548134e-03    3.336961e+00    2.588184e-03
    3.630781e-03    3.414750e+00    2.633177e-03
    3.715352e-03    3.494353e+00    2.679593e-03
    3.801894e-03    3.575811e+00    2.725727e-03
    3.890451e-03    3.659168e+00    2.772310e-03
    3.981072e-03    3.744467e+00    2.819525e-03
    4.073803e-03    3.831754e+00    2.868093e-03
    4.092607e-03    3.849454e+00    2.876990e-03
    4.111497e-03    3.867236e+00    2.886816e-03
    4.130475e-03    3.885100e+00    2.896575e-03
    4.149540e-03    3.903046e+00    2.906474e-03
    4.168694e-03    3.921076e+00    2.916305e-03
    4.187936e-03    3.939188e+00    2.925283e-03
    4.207266e-03    3.957384e+00    2.935145e-03
    4.226686e-03    3.975665e+00    2.945079e-03
    4.246196e-03    3.994029e+00    2.954976e-03
    4.265795e-03    4.012479e+00    2.964947e-03
    4.285485e-03    4.031014e+00    2.974002e-03
    4.305266e-03    4.049634e+00    2.983966e-03
    4.325138e-03    4.068340e+00    2.993966e-03
    4.345102e-03    4.087133e+00    3.004002e-03
    4.365158e-03    4.106012e+00    3.014037e-03
    4.385307e-03    4.124979e+00    3.023166e-03
    4.405549e-03    4.144033e+00    3.033230e-03
    4.425884e-03    4.163176e+00    3.043291e-03
    4.446313e-03    4.182406e+00    3.053388e-03
    4.466836e-03    4.201726e+00    3.063521e-03
    4.487454e-03    4.221134e+00    3.072721e-03
    4.508167e-03    4.240633e+00    3.082881e-03
    4.528976e-03    4.260221e+00    3.093038e-03
    4.549881e-03    4.279900e+00    3.102285e-03
    4.570882e-03    4.299670e+00    3.112468e-03
    4.591980e-03    4.319531e+00    3.122686e-03
    4.613176e-03    4.339483e+00    3.132900e-03
    4.634469e-03    4.359528e+00    3.142181e-03
    4.655861e-03    4.379666e+00    3.152460e-03
    4.677351e-03    4.399896e+00    3.162693e-03
    4.698941e-03    4.420220e+00    3.173002e-03
    4.720630e-03    4.440638e+00    3.182315e-03
    4.742420e-03    4.461150e+00    3.192606e-03
    4.764310e-03    4.481756e+00    3.202933e-03
    4.786301e-03    4.502458e+00    3.213252e-03
    4.808393e-03    4.523256e+00    3.222635e-03
    4.830588e-03    4.544149e+00    3.232976e-03
    4.852885e-03    4.565139e+00    3.243352e-03
    4.875285e-03    4.586226e+00    3.253720e-03
    4.897788e-03    4.607411e+00    3.263128e-03
    4.920395e-03    4.628693e+00    3.273559e-03
    4.943107e-03    4.650073e+00    3.283938e-03
    4.965923e-03    4.671553e+00    3.293384e-03
    4.988845e-03    4.693131e+00    3.303781e-03
    5.011872e-03    4.714809e+00    3.314257e-03
    5.035006e-03    4.736587e+00    3.323694e-03
    5.058247e-03    4.758466e+00    3.334143e-03
    5.081594e-03    4.780446e+00    3.344626e-03
    5.105050e-03    4.802527e+00    3.354175e-03
    5.128614e-03    4.824710e+00    3.364551e-03
    5.152286e-03    4.846996e+00    3.375039e-03
    5.176068e-03    4.869384e+00    3.385561e-03
    5.199960e-03    4.891876e+00    3.395091e-03
    5.223962e-03    4.914472e+00    3.405581e-03
    5.248075e-03    4.937172e+00    3.416058e-03
    5.272299e-03    4.959977e+00    3.425619e-03
    5.296634e-03    4.982888e+00    3.436156e-03
    5.321083e-03    5.005904e+00    3.446631e-03
    5.345644e-03    5.029026e+00    3.456173e-03
    5.370318e-03    5.052255e+00    3.466707e-03
    5.395106e-03    5.075592e+00    3.477161e-03
    5.420009e-03    5.099036e+00    3.486795e-03
    5.445027e-03    5.122588e+00    3.497372e-03
    5.470160e-03    5.146250e+00    3.506891e-03
    5.495409e-03    5.170020e+00    3.517479e-03
    5.520774e-03    5.193900e+00    3.528049e-03
    5.546257e-03    5.217891e+00    3.537591e-03
    5.571857e-03    5.241992e+00    3.548170e-03
    5.597576e-03    5.266205e+00    3.558731e-03
    5.623413e-03    5.290529e+00    3.568294e-03
    5.649370e-03    5.314966e+00    3.578811e-03
    5.675446e-03    5.339516e+00    3.588368e-03
    5.701643e-03    5.364179e+00    3.598941e-03
    5.727960e-03    5.388955e+00    3.609546e-03
    5.754399e-03    5.413847e+00    3.619070e-03
    5.780960e-03    5.438853e+00    3.629627e-03
    5.807644e-03    5.463974e+00    3.639143e-03
    5.834451e-03    5.489212e+00    3.649703e-03
    5.861382e-03    5.514566e+00    3.660294e-03
    5.888437e-03    5.540038e+00    3.669825e-03
    5.915616e-03    5.565626e+00    3.680417e-03
    5.942922e-03    5.591334e+00    3.689938e-03
    5.970353e-03    5.617159e+00    3.700478e-03
    5.997911e-03    5.643104e+00    3.710993e-03
    6.025596e-03    5.669169e+00    3.720526e-03
    6.053409e-03    5.695354e+00    3.731040e-03
    6.081350e-03    5.721660e+00    3.740560e-03
    6.109420e-03    5.748088e+00    3.751072e-03
    6.137620e-03    5.774637e+00    3.760578e-03
    6.165950e-03    5.801310e+00    3.771031e-03
    6.194411e-03    5.828105e+00    3.780521e-03
    6.223003e-03    5.855024e+00    3.791026e-03
    6.251727e-03    5.882067e+00    3.800501e-03
    6.280584e-03    5.909236e+00    3.811001e-03
    6.309573e-03    5.936529e+00    3.821416e-03
    6.338697e-03    5.963949e+00    3.830896e-03
    6.367955e-03    5.991495e+00    3.841362e-03
    6.397348e-03    6.019169e+00    3.850765e-03
    6.426877e-03    6.046970e+00    3.861164e-03
    6.456542e-03    6.074900e+00    3.870607e-03
    6.486344e-03    6.102958e+00    3.880998e-03
    6.516284e-03    6.131147e+00    3.890360e-03
    6.546362e-03    6.159465e+00    3.900802e-03
    6.576578e-03    6.187914e+00    3.910082e-03
    6.606934e-03    6.216495e+00    3.920513e-03
    6.637431e-03    6.245207e+00    3.929831e-03
    6.668068e-03    6.274052e+00    3.940191e-03
    6.698846e-03    6.303030e+00    3.949423e-03
    6.729767e-03    6.332142e+00    3.959771e-03
    6.760830e-03    6.361389e+00    3.968978e-03
    6.792036e-03    6.390770e+00    3.979313e-03
    6.823387e-03    6.420287e+00    3.988557e-03
    6.854882e-03    6.449941e+00    3.998815e-03
    6.886523e-03    6.479731e+00    4.008034e-03
    6.918310e-03    6.509659e+00    4.018277e-03
    6.950243e-03    6.539725e+00    4.027404e-03
    6.982324e-03    6.569930e+00    4.037632e-03
    7.014553e-03    6.600274e+00    4.046795e-03
    7.046931e-03    6.630759e+00    4.055909e-03
    7.079458e-03    6.661384e+00    4.066010e-03
    7.112135e-03    6.692151e+00    4.075161e-03
    7.144963e-03    6.723059e+00    4.085245e-03
    7.177943e-03    6.754111e+00    4.094300e-03
    7.211075e-03    6.785305e+00    4.104433e-03
    7.244360e-03    6.816644e+00    4.113389e-03
    7.277798e-03    6.848128e+00    4.122361e-03
    7.311391e-03    6.879757e+00    4.132361e-03
    7.345139e-03    6.911532e+00    4.141301e-03
    7.379042e-03    6.943453e+00    4.151350e-03
    7.413102e-03    6.975522e+00    4.160258e-03
    7.447320e-03    7.007739e+00    4.170218e-03
    7.481695e-03    7.040105e+00    4.179023e-03
    7.516229e-03    7.072620e+00    4.187844e-03
    7.550922e-03    7.105286e+00    4.197806e-03
    7.585776e-03    7.138102e+00    4.206593e-03
    7.620790e-03    7.171070e+00    4.216463e-03
    7.655966e-03    7.204189e+00    4.225145e-03
    7.691304e-03    7.237462e+00    4.233916e-03
    7.726806e-03    7.270889e+00    4.243713e-03
    7.762471e-03    7.304470e+00    4.252377e-03
    7.798301e-03    7.338205e+00    4.262153e-03
    7.834296e-03    7.372097e+00    4.270783e-03
    7.870458e-03    7.406145e+00    4.279355e-03
    7.906786e-03    7.440350e+00    4.289059e-03
    7.943282e-03    7.474714e+00    4.297596e-03
    7.979947e-03    7.509236e+00    4.306152e-03
    8.016781e-03    7.543917e+00    4.315781e-03
    8.053784e-03    7.578758e+00    4.324303e-03
    8.090959e-03    7.613760e+00    4.333834e-03
    8.128305e-03    7.648924e+00    4.342244e-03
    8.165824e-03    7.684250e+00    4.350674e-03
    8.203515e-03    7.719740e+00    4.360130e-03
    8.241381e-03    7.755393e+00    4.368525e-03
    8.279422e-03    7.791211e+00    4.376862e-03
    8.317638e-03    7.827194e+00    4.386323e-03
    8.356030e-03    7.863343e+00    4.394627e-03
    8.394600e-03    7.899659e+00    4.402871e-03
    8.433348e-03    7.936143e+00    4.412178e-03
    8.472274e-03    7.972795e+00    4.420390e-03
    8.511380e-03    8.009617e+00    4.428542e-03
    8.550667e-03    8.046608e+00    4.437857e-03
    8.590135e-03    8.083770e+00    4.445978e-03
    8.629785e-03    8.121104e+00    4.454039e-03
    8.669619e-03    8.158611e+00    4.463380e-03
    8.709636e-03    8.196290e+00    4.471399e-03
    8.749838e-03    8.234143e+00    4.479370e-03
    8.790225e-03    8.272171e+00    4.488035e-03
    8.830799e-03    8.310375e+00    4.496489e-03
    8.871560e-03    8.348755e+00    4.504544e-03
    8.912509e-03    8.387312e+00    4.512529e-03
    8.953648e-03    8.426047e+00    4.521511e-03
    8.994976e-03    8.464962e+00    4.529396e-03
    9.036495e-03    8.504055e+00    4.537223e-03
    9.078205e-03    8.543329e+00    4.546215e-03
    9.120108e-03    8.582785e+00    4.554108e-03
    9.162205e-03    8.622423e+00    4.561855e-03
    9.204496e-03    8.662243e+00    4.569633e-03
    9.246982e-03    8.702248e+00    4.578559e-03
    9.289664e-03    8.742437e+00    4.586274e-03
    9.332543e-03    8.782812e+00    4.593978e-03
    9.375620e-03    8.823373e+00    4.602851e-03
    9.418896e-03    8.864121e+00    4.610494e-03
    9.462372e-03    8.905058e+00    4.618175e-03
    9.506048e-03    8.946183e+00    4.625800e-03
    9.549926e-03    8.987499e+00    4.634576e-03
    9.594006e-03    9.029005e+00    4.642146e-03
    9.638290e-03    9.070703e+00    4.649756e-03
    9.682779e-03    9.112593e+00    4.657314e-03
    9.727472e-03    9.154677e+00    4.666003e-03
    9.772372e-03    9.196955e+00    4.673558e-03
    9.817479e-03    9.239428e+00    4.681063e-03
    9.862795e-03    9.282097e+00    4.688566e-03
    9.908319e-03    9.324963e+00    4.697227e-03
    9.954054e-03    9.368027e+00    4.704687e-03
    1.000000e-02    9.411290e+00    4.712196e-03
    1.004616e-02    9.454753e+00    4.719610e-03
    1.009253e-02    9.498416e+00    4.728259e-03
    1.013911e-02    9.542281e+00    4.735686e-03
    1.018591e-02    9.586348e+00    4.743119e-03
    1.023293e-02    9.630619e+00    4.750508e-03
    1.028016e-02    9.675094e+00    4.759112e-03
    1.032761e-02    9.719775e+00    4.766525e-03
    1.037528e-02    9.764662e+00    4.773948e-03
    1.042317e-02    9.809756e+00    4.781333e-03
    1.047129e-02    9.855058e+00    4.789962e-03
    1.051962e-02    9.900569e+00    4.797329e-03
    1.056818e-02    9.946290e+00    4.804765e-03
    1.061696e-02    9.992223e+00    4.812167e-03
    1.066596e-02    1.003837e+01    4.819535e-03
    1.071519e-02    1.008473e+01    4.828188e-03
    1.076465e-02    1.013130e+01    4.835607e-03
    1.081434e-02    1.017808e+01    4.843050e-03
    1.086426e-02    1.022509e+01    4.850467e-03
    1.091440e-02    1.027231e+01    4.859146e-03
    1.096478e-02    1.031974e+01    4.866574e-03
    1.101539e-02    1.036740e+01    4.874087e-03
    1.106624e-02    1.041528e+01    4.881581e-03
    1.111732e-02    1.046337e+01    4.889111e-03
    1.116863e-02    1.051169e+01    4.897834e-03
    1.122018e-02    1.056024e+01    4.905394e-03
    1.127197e-02    1.060900e+01    4.912997e-03
    1.132400e-02    1.065799e+01    4.920645e-03
    1.137627e-02    1.070721e+01    4.929462e-03
    1.142878e-02    1.075666e+01    4.937157e-03
    1.148154e-02    1.080633e+01    4.944849e-03
    1.153453e-02    1.085623e+01    4.952595e-03
    1.158777e-02    1.090637e+01    4.960400e-03
    1.164126e-02    1.095673e+01    4.969469e-03
    1.169499e-02    1.100733e+01    4.977287e-03
    1.174898e-02    1.105816e+01    4.985229e-03
    1.180321e-02    1.110923e+01    4.993182e-03
    1.185769e-02    1.116053e+01    5.002433e-03
    1.191242e-02    1.121207e+01    5.010479e-03
    1.196741e-02    1.126384e+01    5.018602e-03
    1.202264e-02    1.131586e+01    5.026807e-03
    1.207814e-02    1.136811e+01    5.035036e-03
    1.213389e-02    1.142061e+01    5.044548e-03
    1.218990e-02    1.147335e+01    5.052962e-03
    1.224616e-02    1.152633e+01    5.061410e-03
    1.230269e-02    1.157956e+01    5.069956e-03
    1.235947e-02    1.163303e+01    5.078543e-03
    1.241652e-02    1.168675e+01    5.088457e-03
    1.247384e-02    1.174072e+01    5.097202e-03
    1.253141e-02    1.179493e+01    5.106123e-03
    1.258925e-02    1.184940e+01    5.115099e-03
    1.264736e-02    1.190412e+01    5.124627e-03
    1.270574e-02    1.195909e+01    5.134481e-03
    1.276439e-02    1.201431e+01    5.143777e-03
    1.282331e-02    1.206979e+01    5.153144e-03
    1.288250e-02    1.212553e+01    5.162586e-03
    1.294196e-02    1.218152e+01    5.173506e-03
    1.300170e-02    1.223777e+01    5.183245e-03
    1.306171e-02    1.229428e+01    5.193073e-03
    1.312200e-02    1.235106e+01    5.203058e-03
    1.318257e-02    1.240809e+01    5.213207e-03
    1.324342e-02    1.246539e+01    5.224690e-03
    1.330454e-02    1.252295e+01    5.235054e-03
    1.336596e-02    1.258078e+01    5.245662e-03
    1.342765e-02    1.263887e+01    5.256389e-03
    1.348963e-02    1.269724e+01    5.268491e-03
    1.355189e-02    1.275587e+01    5.279541e-03
    1.361445e-02    1.281477e+01    5.290792e-03
    1.367729e-02    1.287395e+01    5.302184e-03
    1.374042e-02    1.293340e+01    5.314994e-03
    1.380384e-02    1.299312e+01    5.326756e-03
    1.386756e-02    1.305312e+01    5.338743e-03
    1.393157e-02    1.311339e+01    5.350963e-03
    1.399587e-02    1.317395e+01    5.364577e-03
    1.406048e-02    1.323478e+01    5.377218e-03
    1.412538e-02    1.329589e+01    5.390043e-03
    1.419058e-02    1.335729e+01    5.404296e-03
    1.425608e-02    1.341897e+01    5.417583e-03
    1.432188e-02    1.348093e+01    5.431143e-03
    1.438799e-02    1.354318e+01    5.444986e-03
    1.445440e-02    1.360572e+01    5.460233e-03
    1.452112e-02    1.366855e+01    5.474455e-03
    1.458814e-02    1.373167e+01    5.489053e-03
    1.465548e-02    1.379507e+01    5.505162e-03
    1.472313e-02    1.385877e+01    5.520327e-03
    1.479108e-02    1.392277e+01    5.535751e-03
    1.485936e-02    1.398706e+01    5.552796e-03
    1.492794e-02    1.405165e+01    5.568837e-03
    1.499685e-02    1.411653e+01    5.585307e-03
    1.506607e-02    1.418172e+01    5.603221e-03
    1.513561e-02    1.424720e+01    5.620290e-03
    1.520548e-02    1.431299e+01    5.637670e-03
    1.527566e-02    1.437908e+01    5.656680e-03
    1.534617e-02    1.444548e+01    5.674861e-03
    1.541700e-02    1.451219e+01    5.693383e-03
    1.548817e-02    1.457920e+01    5.713428e-03
    1.555966e-02    1.464652e+01    5.732812e-03
    1.563148e-02    1.471415e+01    5.752567e-03
    1.570363e-02    1.478210e+01    5.773888e-03
    1.577611e-02    1.485035e+01    5.794421e-03
    1.584893e-02    1.491893e+01    5.815507e-03
    1.592209e-02    1.498782e+01    5.838127e-03
    1.599558e-02    1.505702e+01    5.860134e-03
    1.606941e-02    1.512655e+01    5.883704e-03
    1.614359e-02    1.519640e+01    5.906602e-03
    1.621810e-02    1.526657e+01    5.929961e-03
    1.629296e-02    1.533707e+01    5.955084e-03
    1.636817e-02    1.540789e+01    5.979562e-03
    1.644372e-02    1.547904e+01    6.005681e-03
    1.651962e-02    1.555051e+01    6.031253e-03
    1.659587e-02    1.562232e+01    6.058521e-03
    1.667247e-02    1.569445e+01    6.085140e-03
    1.674943e-02    1.576693e+01    6.113120e-03
    1.682674e-02    1.583973e+01    6.141491e-03
    1.690441e-02    1.591287e+01    6.170155e-03
    1.698244e-02    1.598635e+01    6.200342e-03
    1.706082e-02    1.606017e+01    6.230142e-03
    1.713957e-02    1.613433e+01    6.261735e-03
    1.721869e-02    1.620883e+01    6.292888e-03
    1.729816e-02    1.628368e+01    6.325872e-03
    1.737801e-02    1.635887e+01    6.358363e-03
    1.745822e-02    1.643441e+01    6.392803e-03
    1.753881e-02    1.651030e+01    6.426858e-03
    1.761976e-02    1.658653e+01    6.462740e-03
    1.770109e-02    1.666312e+01    6.499531e-03
    1.778279e-02    1.674007e+01    6.535822e-03
    1.786488e-02    1.681737e+01    6.574161e-03
    1.794734e-02    1.689502e+01    6.612194e-03
    1.803018e-02    1.697304e+01    6.652235e-03
    1.811340e-02    1.705141e+01    6.692004e-03
    1.819701e-02    1.713015e+01    6.733824e-03
    1.828100e-02    1.720925e+01    6.776441e-03
    1.836538e-02    1.728872e+01    6.819004e-03
    1.845015e-02    1.736855e+01    6.863519e-03
    1.853532e-02    1.744875e+01    6.908973e-03
    1.862087e-02    1.752932e+01    6.954433e-03
    1.870682e-02    1.761027e+01    7.001996e-03
    1.879317e-02    1.769159e+01    7.050563e-03
    1.887991e-02    1.777328e+01    7.099031e-03
    1.896706e-02    1.785535e+01    7.149757e-03
    1.905461e-02    1.793780e+01    7.201555e-03
    1.914256e-02    1.802063e+01    7.253404e-03
    1.923092e-02    1.810385e+01    7.307502e-03
    1.931968e-02    1.818744e+01    7.362786e-03
    1.940886e-02    1.827143e+01    7.419197e-03
    1.949845e-02    1.835580e+01    7.475840e-03
    1.958845e-02    1.844056e+01    7.534792e-03
    1.967886e-02    1.852571e+01    7.594991e-03
    1.976970e-02    1.861126e+01    7.656505e-03
    1.986095e-02    1.869720e+01    7.718355e-03
    1.995262e-02    1.878354e+01    7.782540e-03
    2.004472e-02    1.887028e+01    7.848123e-03
    2.013724e-02    1.895741e+01    7.915133e-03
    2.023019e-02    1.904496e+01    7.983600e-03
    2.032357e-02    1.913290e+01    8.053509e-03
    2.041738e-02    1.922125e+01    8.124934e-03
    2.051162e-02    1.931001e+01    8.197864e-03
    2.060630e-02    1.939918e+01    8.271406e-03
    2.070141e-02    1.948876e+01    8.347565e-03
    2.079697e-02    1.957876e+01    8.425324e-03
    2.089296e-02    1.966917e+01    8.504713e-03
    2.098940e-02    1.976000e+01    8.585811e-03
    2.108628e-02    1.985124e+01    8.668650e-03
    2.118361e-02    1.994291e+01    8.753266e-03
    2.128139e-02    2.003501e+01    8.839650e-03
    2.137962e-02    2.012753e+01    8.927881e-03
    2.147830e-02    2.022047e+01    9.017995e-03
    2.157744e-02    2.031385e+01    9.109987e-03
    2.167704e-02    2.040765e+01    9.203937e-03
    2.177710e-02    2.050189e+01    9.300138e-03
    2.187762e-02    2.059657e+01    9.397863e-03
    2.197860e-02    2.069168e+01    9.498780e-03
    2.208005e-02    2.078724e+01    9.600905e-03
    2.218196e-02    2.088323e+01    9.705142e-03
    2.228435e-02    2.097967e+01    9.811576e-03
    2.238721e-02    2.107655e+01    9.920248e-03
    2.249055e-02    2.117388e+01    1.003116e-02
    2.259436e-02    2.127167e+01    1.014529e-02
    2.269865e-02    2.136990e+01    1.026089e-02
    2.280342e-02    2.146858e+01    1.037887e-02
    2.290868e-02    2.156773e+01    1.049931e-02
    2.301442e-02    2.166733e+01    1.062309e-02
    2.312065e-02    2.176739e+01    1.074855e-02
    2.322737e-02    2.186791e+01    1.087660e-02
    2.333458e-02    2.196890e+01    1.100818e-02
    2.344229e-02    2.207036e+01    1.114155e-02
    2.355049e-02    2.217228e+01    1.127766e-02
    2.365920e-02    2.227468e+01    1.141717e-02
    2.376840e-02    2.237755e+01    1.155909e-02
    2.387811e-02    2.248089e+01    1.170373e-02
    2.398833e-02    2.258471e+01    1.185210e-02
    2.409905e-02    2.268901e+01    1.200271e-02
    2.421029e-02    2.279380e+01    1.215712e-02
    2.432204e-02    2.289907e+01    1.231389e-02
    2.443431e-02    2.300482e+01    1.247456e-02
    2.454709e-02    2.311106e+01    1.263772e-02
    2.466039e-02    2.321780e+01    1.280488e-02
    2.477422e-02    2.332503e+01    1.297466e-02
    2.488857e-02    2.343275e+01    1.314857e-02
    2.500345e-02    2.354097e+01    1.332526e-02
    2.511886e-02    2.364970e+01    1.350616e-02
    2.523481e-02    2.375892e+01    1.369069e-02
    2.535129e-02    2.386865e+01    1.387815e-02
    2.546830e-02    2.397889e+01    1.407003e-02
    2.558586e-02    2.408964e+01    1.426539e-02
    2.570396e-02    2.420090e+01    1.446457e-02
    2.582260e-02    2.431267e+01    1.466803e-02
    2.594179e-02    2.442496e+01    1.487547e-02
    2.606154e-02    2.453777e+01    1.508636e-02
    2.618183e-02    2.465110e+01    1.530205e-02
    2.630268e-02    2.476496e+01    1.552193e-02
    2.642409e-02    2.487934e+01    1.574612e-02
    2.654606e-02    2.499425e+01    1.597466e-02
    2.666859e-02    2.510969e+01    1.620706e-02
    2.679168e-02    2.522567e+01    1.644458e-02
    2.691535e-02    2.534218e+01    1.668671e-02
    2.703958e-02    2.545924e+01    1.693351e-02
    2.716439e-02    2.557683e+01    1.718513e-02
    2.728978e-02    2.569497e+01    1.744155e-02
    2.741574e-02    2.581365e+01    1.770293e-02
    2.754229e-02    2.593288e+01    1.796934e-02
    2.766942e-02    2.605267e+01    1.824085e-02
    2.779713e-02    2.617301e+01    1.851755e-02
    2.792544e-02    2.629390e+01    1.879955e-02
    2.805434e-02    2.641536e+01    1.908699e-02
    2.818383e-02    2.653737e+01    1.937983e-02
    2.831392e-02    2.665996e+01    1.967829e-02
    2.844461e-02    2.678310e+01    1.998289e-02
    2.857591e-02    2.690682e+01    2.029275e-02
    2.870781e-02    2.703111e+01    2.060853e-02
    2.884032e-02    2.715598e+01    2.093027e-02
    2.897344e-02    2.728142e+01    2.125806e-02
    2.910717e-02    2.740745e+01    2.159245e-02
    2.924152e-02    2.753406e+01    2.193273e-02
    2.937650e-02    2.766125e+01    2.227939e-02
    2.951209e-02    2.778903e+01    2.263291e-02
    2.964831e-02    2.791741e+01    2.299268e-02
    2.978516e-02    2.804637e+01    2.335919e-02
    2.992265e-02    2.817594e+01    2.373250e-02
    3.006076e-02    2.830610e+01    2.411314e-02
    3.019952e-02    2.843687e+01    2.450050e-02
    3.033891e-02    2.856824e+01    2.489536e-02
    3.047895e-02    2.870023e+01    2.529726e-02
    3.061963e-02    2.883282e+01    2.570684e-02
    3.076097e-02    2.896602e+01    2.612375e-02
    3.090295e-02    2.909985e+01    2.654857e-02
    3.104560e-02    2.923429e+01    2.698097e-02
    3.118890e-02    2.936936e+01    2.742154e-02
    3.133286e-02    2.950505e+01    2.786999e-02
    3.147748e-02    2.964136e+01    2.832685e-02
    3.162278e-02    2.977832e+01    2.879207e-02
    3.176874e-02    2.991590e+01    2.926561e-02
    3.191538e-02    3.005412e+01    2.974795e-02
    3.206269e-02    3.019298e+01    3.023904e-02
    3.221069e-02    3.033249e+01    3.073895e-02
    3.235937e-02    3.047264e+01    3.124806e-02
    3.250873e-02    3.061344e+01    3.176635e-02
    3.265878e-02    3.075490e+01    3.229403e-02
    3.280953e-02    3.089700e+01    3.283120e-02
    3.296097e-02    3.103977e+01    3.337812e-02
    3.311311e-02    3.118320e+01    3.393485e-02
    3.326596e-02    3.132729e+01    3.450160e-02
    3.341950e-02    3.147205e+01    3.507856e-02
    3.357376e-02    3.161749e+01    3.566585e-02
    3.372873e-02    3.176359e+01    3.626364e-02
    3.388442e-02    3.191038e+01    3.687211e-02
    3.404082e-02    3.205784e+01    3.749145e-02
    3.419794e-02    3.220599e+01    3.812182e-02
    3.435579e-02    3.235482e+01    3.876341e-02
    3.451437e-02    3.250434e+01    3.941641e-02
    3.467369e-02    3.265456e+01    4.008100e-02
    3.483373e-02    3.280547e+01    4.075736e-02
    3.499452e-02    3.295709e+01    4.144569e-02
    3.515604e-02    3.310940e+01    4.214620e-02
    3.531832e-02    3.326243e+01    4.285907e-02
    3.548134e-02    3.341616e+01    4.358451e-02
    3.564511e-02    3.357060e+01    4.432272e-02
    3.654288e-02    3.441747e+01    4.433122e-02
    3.740193e-02    3.522766e+01    4.839422e-02
    3.828150e-02    3.605728e+01    5.282454e-02
    3.918208e-02    3.690683e+01    5.765251e-02
    4.010421e-02    3.777683e+01    6.291078e-02
    4.104842e-02    3.866779e+01    6.863447e-02
    4.201526e-02    3.958025e+01    7.486140e-02
    4.300531e-02    4.051477e+01    8.163223e-02
    4.401916e-02    4.147192e+01    8.899075e-02
    4.505741e-02    4.245228e+01    9.698399e-02
    4.612069e-02    4.345646e+01    1.056626e-01
    4.720963e-02    4.448510e+01    1.150808e-01
    4.832490e-02    4.553885e+01    1.252972e-01
    4.946717e-02    4.661835e+01    1.363747e-01
    5.063715e-02    4.772432e+01    1.483807e-01
    5.183556e-02    4.885746e+01    1.613876e-01
    5.306315e-02    5.001850e+01    1.754734e-01
    5.432068e-02    5.120821e+01    1.907218e-01
    5.560895e-02    5.242738e+01    2.072226e-01
    5.692877e-02    5.367682e+01    2.250723e-01
    5.828099e-02    5.495737e+01    2.443742e-01
    5.966651e-02    5.626993e+01    2.652398e-01
    6.108619e-02    5.761537e+01    2.877881e-01
    6.254100e-02    5.899466e+01    3.121474e-01
    6.403188e-02    6.040875e+01    3.384551e-01
    6.555986e-02    6.185868e+01    3.668586e-01
    6.712595e-02    6.334548e+01    3.975164e-01
    6.873124e-02    6.487025e+01    4.305982e-01
    7.037684e-02    6.643414e+01    4.662862e-01
    7.206389e-02    6.803832e+01    5.047761e-01
    7.379361e-02    6.968402e+01    5.462778e-01
    7.556723e-02    7.137252e+01    5.910163e-01
    7.738605e-02    7.310517e+01    6.392335e-01
    7.925140e-02    7.488337e+01    6.911884e-01
    8.116470e-02    7.670856e+01    7.471596e-01
    8.312739e-02    7.858227e+01    8.074456e-01
    8.514099e-02    8.050610e+01    8.723669e-01
    8.720706e-02    8.248171e+01    9.422678e-01
    8.932727e-02    8.451085e+01    1.017517e+00
    9.150333e-02    8.659534e+01    1.098513e+00
    9.373703e-02    8.873709e+01    1.185679e+00
    9.603024e-02    9.093811e+01    1.279475e+00
    9.838493e-02    9.320053e+01    1.380391e+00
    1.008031e-01    9.552655e+01    1.488956e+00
    1.032870e-01    9.791850e+01    1.605736e+00
    1.058388e-01    1.003789e+02    1.731342e+00
    1.071408e-01    1.016354e+02    1.797657e+00
    1.084609e-01    1.029102e+02    1.866430e+00
    1.097990e-01    1.042032e+02    1.937748e+00
    1.111555e-01    1.055152e+02    2.011705e+00
    1.125311e-01    1.068462e+02    2.088398e+00
    1.139257e-01    1.081968e+02    2.167928e+00
    1.153398e-01    1.095672e+02    2.250397e+00
    1.167738e-01    1.109579e+02    2.335913e+00
    1.182280e-01    1.123693e+02    2.424591e+00
    1.197029e-01    1.138019e+02    2.516544e+00
    1.211986e-01    1.152560e+02    2.611893e+00
    1.227175e-01    1.167337e+02    2.710689e+00
    1.242751e-01    1.182504e+02    2.812389e+00
    1.258658e-01    1.198007e+02    2.917420e+00
    1.274876e-01    1.213826e+02    3.026059e+00
    1.291396e-01    1.229954e+02    3.138509e+00
    1.308218e-01    1.246392e+02    3.254961e+00
    1.325343e-01    1.263142e+02    3.375601e+00
    1.342775e-01    1.280208e+02    3.500614e+00
    1.360518e-01    1.297594e+02    3.630191e+00
    1.378574e-01    1.315307e+02    3.764530e+00
    1.396950e-01    1.333350e+02    3.903828e+00
    1.415649e-01    1.351731e+02    4.048298e+00
    1.434680e-01    1.370457e+02    4.198156e+00
    1.454047e-01    1.389534e+02    4.353626e+00
    1.473756e-01    1.408970e+02    4.514944e+00
    1.493815e-01    1.428773e+02    4.682354e+00
    1.514231e-01    1.448950e+02    4.856110e+00
    1.535008e-01    1.469511e+02    5.036477e+00
    1.556156e-01    1.490462e+02    5.223734e+00
    1.577681e-01    1.511815e+02    5.418167e+00
    1.599591e-01    1.533578e+02    5.620081e+00
    1.621896e-01    1.555759e+02    5.829789e+00
    1.644601e-01    1.578371e+02    6.047621e+00
    1.667716e-01    1.601420e+02    6.273922e+00
    1.691250e-01    1.624920e+02    6.509052e+00
    1.715209e-01    1.648879e+02    6.753386e+00
    1.739605e-01    1.673310e+02    7.007317e+00
    1.764445e-01    1.698222e+02    7.271259e+00
    1.789739e-01    1.723630e+02    7.545642e+00
    1.815497e-01    1.749542e+02    7.830914e+00
    1.841727e-01    1.775972e+02    8.127548e+00
    1.868440e-01    1.802932e+02    8.436038e+00
    1.895646e-01    1.830435e+02    8.756898e+00
    1.923354e-01    1.858495e+02    9.090670e+00
    1.951575e-01    1.887124e+02    9.437919e+00
    1.980320e-01    1.916334e+02    9.799236e+00
    2.009598e-01    1.946144e+02    1.017524e+01
    2.039421e-01    1.976563e+02    1.056659e+01
    2.069799e-01    2.007609e+02    1.097394e+01
    2.100743e-01    2.039296e+02    1.139803e+01
    2.132265e-01    2.071639e+02    1.183959e+01
    2.164375e-01    2.104654e+02    1.229940e+01
    2.197086e-01    2.138356e+02    1.277827e+01
    2.230407e-01    2.172761e+02    1.327707e+01
    2.264350e-01    2.207887e+02    1.379668e+01
    2.298928e-01    2.243751e+02    1.433803e+01
    2.334151e-01    2.280369e+02    1.490212e+01
    2.370031e-01    2.317758e+02    1.548996e+01
    2.406581e-01    2.355937e+02    1.610261e+01
    2.443811e-01    2.394923e+02    1.674122e+01
    2.481734e-01    2.434737e+02    1.740693e+01
    2.520361e-01    2.475394e+02    1.810099e+01
    2.559703e-01    2.516916e+02    1.882466e+01
    2.599773e-01    2.559321e+02    1.957930e+01
    2.640582e-01    2.602630e+02    2.036631e+01
    2.682141e-01    2.646862e+02    2.118713e+01
    2.724463e-01    2.692037e+02    2.204332e+01
    2.767558e-01    2.738177e+02    2.293644e+01
    2.811440e-01    2.785301e+02    2.386818e+01
    2.856117e-01    2.833433e+02    2.484029e+01
    2.901602e-01    2.882593e+02    2.585455e+01
    2.947907e-01    2.932803e+02    2.691288e+01
    2.995041e-01    2.984087e+02    2.801724e+01
    3.043016e-01    3.036466e+02    2.916971e+01
    3.091843e-01    3.089964e+02    3.037241e+01
    3.141532e-01    3.144604e+02    3.162759e+01
    3.192094e-01    3.200410e+02    3.293759e+01
    3.243540e-01    3.257406e+02    3.430483e+01
    3.295878e-01    3.315619e+02    3.573183e+01
    3.349120e-01    3.375071e+02    3.722122e+01
    3.403275e-01    3.435789e+02    3.877574e+01
    3.458353e-01    3.497798e+02    4.039824e+01
    3.514363e-01    3.561126e+02    4.209168e+01
    3.571315e-01    3.625799e+02    4.385912e+01
    3.629219e-01    3.691846e+02    4.570378e+01
    3.688082e-01    3.759292e+02    4.762897e+01
    3.747915e-01    3.828168e+02    4.963814e+01
    3.808725e-01    3.898502e+02    5.173488e+01
    3.870523e-01    3.970326e+02    5.392288e+01
    3.933314e-01    4.043668e+02    5.620604e+01
    3.997108e-01    4.118560e+02    5.858834e+01
    4.061915e-01    4.195034e+02    6.107394e+01
    4.127741e-01    4.273122e+02    6.366713e+01
    4.194593e-01    4.352858e+02    6.637240e+01
    4.262481e-01    4.434275e+02    6.919435e+01
    4.331412e-01    4.517411e+02    7.213780e+01
    4.401395e-01    4.602299e+02    7.520770e+01
    4.472435e-01    4.688976e+02    7.840921e+01
    4.544541e-01    4.777481e+02    8.174762e+01
    4.617720e-01    4.867852e+02    8.522850e+01
    4.691980e-01    4.960131e+02    8.885752e+01
    4.767329e-01    5.054356e+02    9.264061e+01
    4.843774e-01    5.150570e+02    9.658388e+01
    4.921320e-01    5.248817e+02    1.006936e+02
    4.999978e-01    5.349143e+02    1.049765e+02
    5.079753e-01    5.451590e+02    1.094391e+02
    5.160654e-01    5.556209e+02    1.140886e+02
    5.242687e-01    5.663047e+02    1.189322e+02
    5.325861e-01    5.772154e+02    1.239773e+02
    5.410182e-01    5.883582e+02    1.292317e+02
    5.495659e-01    5.997383e+02    1.347034e+02
    5.582299e-01    6.113615e+02    1.404006e+02
    5.670111e-01    6.232331e+02    1.463320e+02
    5.759101e-01    6.353592e+02    1.525064e+02
    5.849278e-01    6.477456e+02    1.589328e+02
    5.940651e-01    6.603986e+02    1.656208e+02
    6.033227e-01    6.733245e+02    1.725799e+02
    6.127014e-01    6.865300e+02    1.798204e+02
    6.222023e-01    7.000219e+02    1.873526e+02
    6.318260e-01    7.138071e+02    1.951873e+02
    6.415735e-01    7.278928e+02    2.033356e+02
    6.514457e-01    7.422866e+02    2.118089e+02
    6.614435e-01    7.569961e+02    2.206190e+02
    6.715678e-01    7.720295e+02    2.297782e+02
    6.818196e-01    7.873945e+02    2.392992e+02
    6.921999e-01    8.031000e+02    2.491948e+02
    7.027097e-01    8.191544e+02    2.594787e+02
    7.133499e-01    8.355668e+02    2.701646e+02
    7.241216e-01    8.523466e+02    2.812670e+02
    7.350258e-01    8.695033e+02    2.928007e+02
    7.460637e-01    8.870466e+02    3.047809e+02
    7.572363e-01    9.049870e+02    3.172234e+02
    7.685446e-01    9.233348e+02    3.301447e+02
    7.799900e-01    9.421008e+02    3.435613e+02
    7.915734e-01    9.612964e+02    3.574909e+02
    8.032961e-01    9.809329e+02    3.719513e+02
    8.151593e-01    1.001022e+03    3.869611e+02
    8.271643e-01    1.021577e+03    4.025392e+02
    8.393122e-01    1.042609e+03    4.187055e+02
    8.516043e-01    1.064133e+03    4.354804e+02
    8.640420e-01    1.086161e+03    4.528848e+02
    8.766265e-01    1.108706e+03    4.709404e+02
    8.893592e-01    1.131785e+03    4.896696e+02
    9.022415e-01    1.155412e+03    5.090956e+02
    9.152748e-01    1.179600e+03    5.292423e+02
    9.284605e-01    1.204367e+03    5.501342e+02
    9.417999e-01    1.229729e+03    5.717965e+02
    9.552946e-01    1.255702e+03    5.942559e+02
    9.689462e-01    1.282303e+03    6.175391e+02
    9.827560e-01    1.309551e+03    6.416742e+02
    9.967258e-01    1.337464e+03    6.666900e+02
    1.010857e+00    1.366060e+03    6.926162e+02
    1.025151e+00    1.395360e+03    7.194834e+02
    1.039610e+00    1.425382e+03    7.473234e+02
    1.054235e+00    1.456149e+03    7.761689e+02
    1.069028e+00    1.487680e+03    8.060535e+02
    1.083991e+00    1.519999e+03    8.370120e+02
    1.099125e+00    1.553129e+03    8.690805e+02
    1.114432e+00    1.587092e+03    9.022960e+02
    1.129915e+00    1.621912e+03    9.366965e+02
    1.145574e+00    1.657616e+03    9.723217e+02
    1.161411e+00    1.694228e+03    1.009212e+03
    1.177429e+00    1.731775e+03    1.047410e+03
    1.193630e+00    1.770283e+03    1.086958e+03
    1.210014e+00    1.809783e+03    1.127902e+03
    1.226585e+00    1.850302e+03    1.170287e+03
    1.243345e+00    1.891871e+03    1.214162e+03
    1.260294e+00    1.934519e+03    1.259574e+03
    1.277435e+00    1.978279e+03    1.306575e+03
    1.294771e+00    2.023186e+03    1.355218e+03
    1.312304e+00    2.069270e+03    1.405555e+03
    1.330035e+00    2.116568e+03    1.457644e+03
    1.347966e+00    2.165116e+03    1.511540e+03
    1.366101e+00    2.214951e+03    1.567303e+03
    1.384440e+00    2.266111e+03    1.624994e+03
    1.402987e+00    2.318635e+03    1.684677e+03
    1.421744e+00    2.372564e+03    1.746416e+03
    1.440712e+00    2.427941e+03    1.810278e+03
    1.459894e+00    2.484808e+03    1.876333e+03
    1.479294e+00    2.543210e+03    1.944651e+03
    1.498912e+00    2.603191e+03    2.015307e+03
    1.518752e+00    2.664803e+03    2.088376e+03
    1.538815e+00    2.728090e+03    2.163937e+03
    1.559105e+00    2.793104e+03    2.242071e+03
    1.579624e+00    2.859897e+03    2.322859e+03
    1.600375e+00    2.928524e+03    2.406390e+03
    1.621359e+00    2.999039e+03    2.492751e+03
    1.642580e+00    3.071498e+03    2.582034e+03
    1.664041e+00    3.145960e+03    2.674334e+03
    1.685743e+00    3.222486e+03    2.769746e+03
    1.707691e+00    3.301138e+03    2.868372e+03
