    1.000000e-07    9.306008e-05    2.154229e-08
    1.023293e-07    9.522824e-05    2.222345e-08
    1.047129e-07    9.744692e-05    2.292653e-08
    1.071519e-07    9.971729e-05    2.365101e-08
    1.096478e-07    1.020406e-04    2.439880e-08
    1.122018e-07    1.044180e-04    2.516935e-08
    1.148154e-07    1.068508e-04    2.596468e-08
    1.174898e-07    1.093403e-04    2.678420e-08
    1.202264e-07    1.118878e-04    2.763007e-08
    1.230269e-07    1.144946e-04    2.849902e-08
    1.258925e-07    1.171622e-04    2.940126e-08
    1.288250e-07    1.198920e-04    3.032539e-08
    1.318257e-07    1.226853e-04    3.128202e-08
    1.348963e-07    1.255438e-04    3.226773e-08
    1.380384e-07    1.284688e-04    3.328508e-08
    1.412538e-07    1.314620e-04    3.433016e-08
    1.445440e-07    1.345250e-04    3.540777e-08
    1.479108e-07    1.376593e-04    3.652325e-08
    1.513561e-07    1.408667e-04    3.767261e-08
    1.548817e-07    1.441488e-04    3.885884e-08
    1.584893e-07    1.475074e-04    4.007736e-08
    1.621810e-07    1.509442e-04    4.133868e-08
    1.659587e-07    1.544611e-04    4.263433e-08
    1.698244e-07    1.580600e-04    4.397027e-08
    1.737801e-07    1.617427e-04    4.535311e-08
    1.778279e-07    1.655113e-04    4.677357e-08
    1.819701e-07    1.693676e-04    4.824388e-08
    1.862087e-07    1.733138e-04    4.975418e-08
    1.905461e-07    1.773520e-04    5.131140e-08
    1.949845e-07    1.814843e-04    5.292327e-08
    1.995262e-07    1.857129e-04    5.457894e-08
    2.041738e-07    1.900400e-04    5.629270e-08
    2.089296e-07    1.944679e-04    5.805301e-08
    2.137962e-07    1.989990e-04    5.986795e-08
    2.187762e-07    2.036357e-04    6.174084e-08
    2.238721e-07    2.083804e-04    6.367030e-08
    2.290868e-07    2.132358e-04    6.565965e-08
    2.344229e-07    2.182042e-04    6.771875e-08
    2.398833e-07    2.232884e-04    6.982725e-08
    2.454709e-07    2.284912e-04    7.200765e-08
    2.511886e-07    2.338151e-04    7.426448e-08
    2.570396e-07    2.392631e-04    7.657542e-08
    2.630268e-07    2.448381e-04    7.896516e-08
    2.691535e-07    2.505430e-04    8.143106e-08
    2.754229e-07    2.563808e-04    8.397137e-08
    2.818383e-07    2.623546e-04    8.659045e-08
    2.884032e-07    2.684677e-04    8.928243e-08
    2.951209e-07    2.747232e-04    9.207703e-08
    3.019952e-07    2.811245e-04    9.493855e-08
    3.090295e-07    2.876750e-04    9.789758e-08
    3.162278e-07    2.943782e-04    1.009508e-07
    3.235937e-07    3.012375e-04    1.040865e-07
    3.311311e-07    3.082567e-04    1.073290e-07
    3.388442e-07    3.154394e-04    1.106616e-07
    3.467369e-07    3.227896e-04    1.141107e-07
    3.548134e-07    3.303110e-04    1.176582e-07
    3.630781e-07    3.380077e-04    1.213154e-07
    3.715352e-07    3.458838e-04    1.250799e-07
    3.801894e-07    3.539435e-04    1.289759e-07
    3.890451e-07    3.621909e-04    1.329768e-07
    3.981072e-07    3.706306e-04    1.371012e-07
    4.073803e-07    3.792669e-04    1.413661e-07
    4.168694e-07    3.881045e-04    1.457494e-07
    4.265795e-07    3.971481e-04    1.502857e-07
    4.365158e-07    4.064024e-04    1.549442e-07
    4.466836e-07    4.158724e-04    1.597465e-07
    4.570882e-07    4.255631e-04    1.646968e-07
    4.677351e-07    4.354796e-04    1.697999e-07
    4.786301e-07    4.456273e-04    1.750603e-07
    4.897788e-07    4.560114e-04    1.804873e-07
    5.011872e-07    4.666375e-04    1.860773e-07
    5.128614e-07    4.775113e-04    1.918396e-07
    5.248075e-07    4.886385e-04    1.977797e-07
    5.370318e-07    5.000251e-04    2.038933e-07
    5.495409e-07    5.116770e-04    2.101951e-07
    5.623413e-07    5.236004e-04    2.167010e-07
    5.754399e-07    5.358018e-04    2.234074e-07
    5.888437e-07    5.482875e-04    2.302990e-07
    6.025596e-07    5.610642e-04    2.374525e-07
    6.165950e-07    5.741387e-04    2.447756e-07
    6.309573e-07    5.875179e-04    2.523471e-07
    6.456542e-07    6.012089e-04    2.601277e-07
    6.606934e-07    6.152190e-04    2.681723e-07
    6.760830e-07    6.295557e-04    2.764388e-07
    6.918310e-07    6.442264e-04    2.849859e-07
    7.079458e-07    6.592392e-04    2.937687e-07
    7.244360e-07    6.746018e-04    3.028212e-07
    7.413102e-07    6.903224e-04    3.121809e-07
    7.585776e-07    7.064095e-04    3.217987e-07
    7.762471e-07    7.228715e-04    3.317117e-07
    7.943282e-07    7.397172e-04    3.419290e-07
    8.128305e-07    7.569555e-04    3.524599e-07
    8.317638e-07    7.745956e-04    3.633481e-07
    8.511380e-07    7.926469e-04    3.745364e-07
    8.709636e-07    8.111188e-04    3.860677e-07
    8.912509e-07    8.300214e-04    3.979532e-07
    9.120108e-07    8.493645e-04    4.102034e-07
    9.332543e-07    8.691584e-04    4.228294e-07
    9.549926e-07    8.894137e-04    4.358224e-07
    9.772372e-07    9.101411e-04    4.492025e-07
    1.000000e-06    9.313517e-04    4.629815e-07
    1.023293e-06    9.530566e-04    4.772267e-07
    1.047129e-06    9.752674e-04    4.919089e-07
    1.071519e-06    9.979960e-04    5.070415e-07
    1.096478e-06    1.021254e-03    5.225889e-07
    1.122018e-06    1.045055e-03    5.386624e-07
    1.148154e-06    1.069410e-03    5.552289e-07
    1.174898e-06    1.094333e-03    5.721816e-07
    1.202264e-06    1.119837e-03    5.897759e-07
    1.230269e-06    1.145935e-03    6.078524e-07
    1.258925e-06    1.172642e-03    6.265405e-07
    1.288250e-06    1.199971e-03    6.457405e-07
    1.318257e-06    1.227937e-03    6.655114e-07
    1.348963e-06    1.256555e-03    6.859015e-07
    1.380384e-06    1.285840e-03    7.069155e-07
    1.412538e-06    1.315808e-03    7.286061e-07
    1.445440e-06    1.346474e-03    7.509606e-07
    1.479108e-06    1.377856e-03    7.738706e-07
    1.513561e-06    1.409968e-03    7.975724e-07
    1.548817e-06    1.442829e-03    8.219983e-07
    1.584893e-06    1.476457e-03    8.470698e-07
    1.621810e-06    1.510868e-03    8.730076e-07
    1.659587e-06    1.546081e-03    8.997378e-07
    1.698244e-06    1.582115e-03    9.271743e-07
    1.737801e-06    1.618990e-03    9.555589e-07
    1.778279e-06    1.656723e-03    9.848104e-07
    1.819701e-06    1.695337e-03    1.014835e-06
    1.862087e-06    1.734850e-03    1.045896e-06
    1.905461e-06    1.775285e-03    1.077803e-06
    1.949845e-06    1.816662e-03    1.110655e-06
    1.995262e-06    1.859004e-03    1.144643e-06
    2.041738e-06    1.902333e-03    1.179528e-06
    2.089296e-06    1.946671e-03    1.215503e-06
    2.137962e-06    1.992044e-03    1.252543e-06
    2.187762e-06    2.038474e-03    1.290739e-06
    2.238721e-06    2.085987e-03    1.330098e-06
    2.290868e-06    2.134607e-03    1.370622e-06
    2.344229e-06    2.184361e-03    1.412411e-06
    2.398833e-06    2.235275e-03    1.455438e-06
    2.454709e-06    2.287376e-03    1.499808e-06
    2.511886e-06    2.340691e-03    1.545343e-06
    2.570396e-06    2.395249e-03    1.592255e-06
    2.630268e-06    2.451080e-03    1.640787e-06
    2.691535e-06    2.508211e-03    1.690756e-06
    2.754229e-06    2.566675e-03    1.742116e-06
    2.818383e-06    2.626502e-03    1.795079e-06
    2.884032e-06    2.687724e-03    1.849691e-06
    2.951209e-06    2.750372e-03    1.905825e-06
    3.019952e-06    2.814482e-03    1.963659e-06
    3.090295e-06    2.880086e-03    2.023487e-06
    3.162278e-06    2.947220e-03    2.084885e-06
    3.235937e-06    3.015919e-03    2.148039e-06
    3.311311e-06    3.086219e-03    2.213363e-06
    3.388442e-06    3.158159e-03    2.280511e-06
    3.467369e-06    3.231776e-03    2.349465e-06
    3.548134e-06    3.307109e-03    2.421024e-06
    3.630781e-06    3.384199e-03    2.494219e-06
    3.715352e-06    3.463086e-03    2.569871e-06
    3.801894e-06    3.543813e-03    2.647557e-06
    3.890451e-06    3.626422e-03    2.727587e-06
    3.981072e-06    3.710956e-03    2.810368e-06
    4.073803e-06    3.797462e-03    2.895592e-06
    4.168694e-06    3.885985e-03    2.983099e-06
    4.265795e-06    3.976572e-03    3.073252e-06
    4.365158e-06    4.069271e-03    3.166125e-06
    4.466836e-06    4.164131e-03    3.261799e-06
    4.570882e-06    4.261204e-03    3.360359e-06
    4.677351e-06    4.360539e-03    3.462308e-06
    4.786301e-06    4.462191e-03    3.566916e-06
    4.897788e-06    4.566214e-03    3.674320e-06
    5.011872e-06    4.672661e-03    3.785314e-06
    5.128614e-06    4.781591e-03    3.899663e-06
    5.248075e-06    4.893061e-03    4.017265e-06
    5.370318e-06    5.007130e-03    4.138406e-06
    5.495409e-06    5.123859e-03    4.263403e-06
    5.623413e-06    5.243310e-03    4.391739e-06
    5.754399e-06    5.365547e-03    4.523828e-06
    5.888437e-06    5.490633e-03    4.659989e-06
    6.025596e-06    5.618637e-03    4.800229e-06
    6.165950e-06    5.749625e-03    4.945180e-06
    6.309573e-06    5.883669e-03    5.094000e-06
    6.456542e-06    6.020837e-03    5.247290e-06
    6.606934e-06    6.161205e-03    5.405185e-06
    6.760830e-06    6.304846e-03    5.567150e-06
    6.918310e-06    6.451836e-03    5.734652e-06
    7.079458e-06    6.602255e-03    5.907172e-06
    7.244360e-06    6.756181e-03    6.084888e-06
    7.413102e-06    6.913697e-03    6.267182e-06
    7.585776e-06    7.074886e-03    6.455070e-06
    7.762471e-06    7.239834e-03    6.649240e-06
    7.943282e-06    7.408629e-03    6.849241e-06
    8.128305e-06    7.581360e-03    7.053673e-06
    8.317638e-06    7.758120e-03    7.265817e-06
    8.511380e-06    7.939001e-03    7.482678e-06
    8.709636e-06    8.124102e-03    7.707703e-06
    8.912509e-06    8.313519e-03    7.938693e-06
    9.120108e-06    8.507354e-03    8.175599e-06
    9.332543e-06    8.705709e-03    8.420563e-06
    9.549926e-06    8.908690e-03    8.672687e-06
    9.772372e-06    9.116406e-03    8.932543e-06
    1.000000e-05    9.328966e-03    9.199050e-06
    1.023293e-05    9.546483e-03    9.474648e-06
    1.047129e-05    9.769074e-03    9.757271e-06
    1.071519e-05    9.996856e-03    1.004834e-05
    1.096478e-05    1.022995e-02    1.034829e-05
    1.122018e-05    1.046848e-02    1.065695e-05
    1.148154e-05    1.071258e-02    1.097481e-05
    1.174898e-05    1.096236e-02    1.130233e-05
    1.202264e-05    1.121798e-02    1.163940e-05
    1.230269e-05    1.147955e-02    1.198649e-05
    1.258925e-05    1.174723e-02    1.234268e-05
    1.288250e-05    1.202115e-02    1.271098e-05
    1.318257e-05    1.230146e-02    1.308993e-05
    1.348963e-05    1.258831e-02    1.347884e-05
    1.380384e-05    1.288185e-02    1.387927e-05
    1.412538e-05    1.318223e-02    1.429158e-05
    1.445440e-05    1.348963e-02    1.471606e-05
    1.479108e-05    1.380419e-02    1.515317e-05
    1.513561e-05    1.412609e-02    1.560324e-05
    1.548817e-05    1.445550e-02    1.606666e-05
    1.584893e-05    1.479259e-02    1.654375e-05
    1.621810e-05    1.513754e-02    1.703504e-05
    1.659587e-05    1.549055e-02    1.753909e-05
    1.698244e-05    1.585178e-02    1.805987e-05
    1.737801e-05    1.622145e-02    1.859412e-05
    1.778279e-05    1.659973e-02    1.914616e-05
    1.819701e-05    1.698684e-02    1.971254e-05
    1.862087e-05    1.738298e-02    2.029520e-05
    1.905461e-05    1.778837e-02    2.089542e-05
    1.949845e-05    1.820321e-02    2.151342e-05
    1.995262e-05    1.862772e-02    2.214919e-05
    2.041738e-05    1.906214e-02    2.280419e-05
    2.089296e-05    1.950670e-02    2.347600e-05
    2.137962e-05    1.996162e-02    2.416964e-05
    2.187762e-05    2.042716e-02    2.488166e-05
    2.238721e-05    2.090356e-02    2.561398e-05
    2.290868e-05    2.139107e-02    2.637119e-05
    2.344229e-05    2.188996e-02    2.714735e-05
    2.398833e-05    2.240049e-02    2.794676e-05
    2.454709e-05    2.292292e-02    2.876917e-05
    2.511886e-05    2.345755e-02    2.961633e-05
    2.570396e-05    2.400465e-02    3.048775e-05
    2.630268e-05    2.456451e-02    3.138133e-05
    2.691535e-05    2.513743e-02    3.230521e-05
    2.754229e-05    2.572373e-02    3.325204e-05
    2.818383e-05    2.632370e-02    3.423001e-05
    2.884032e-05    2.693766e-02    3.523310e-05
    2.951209e-05    2.756596e-02    3.626536e-05
    3.019952e-05    2.820891e-02    3.732869e-05
    3.090295e-05    2.886687e-02    3.842232e-05
    3.162278e-05    2.954017e-02    3.954774e-05
    3.235937e-05    3.022919e-02    4.070620e-05
    3.311311e-05    3.093428e-02    4.189850e-05
    3.388442e-05    3.165582e-02    4.312086e-05
    3.467369e-05    3.239421e-02    4.438368e-05
    3.548134e-05    3.314981e-02    4.567831e-05
    3.630781e-05    3.392306e-02    4.700983e-05
    3.715352e-05    3.471434e-02    4.838103e-05
    3.801894e-05    3.552409e-02    4.979187e-05
    3.890451e-05    3.635273e-02    5.124394e-05
    3.981072e-05    3.720071e-02    5.273694e-05
    4.073803e-05    3.806847e-02    5.427462e-05
    4.168694e-05    3.895649e-02    5.584988e-05
    4.265795e-05    3.986522e-02    5.747775e-05
    4.365158e-05    4.079517e-02    5.914682e-05
    4.466836e-05    4.174681e-02    6.086268e-05
    4.570882e-05    4.272066e-02    6.263306e-05
    4.677351e-05    4.371724e-02    6.444620e-05
    4.786301e-05    4.473707e-02    6.631554e-05
    4.897788e-05    4.578070e-02    6.823991e-05
    5.011872e-05    4.684869e-02    7.021889e-05
    5.128614e-05    4.794160e-02    7.224681e-05
    5.248075e-05    4.906002e-02    7.434155e-05
    5.370318e-05    5.020453e-02    7.648804e-05
    5.495409e-05    5.137576e-02    7.869666e-05
    5.623413e-05    5.257432e-02    8.097884e-05
    5.754399e-05    5.380085e-02    8.331660e-05
    5.888437e-05    5.505601e-02    8.571002e-05
    6.025596e-05    5.634046e-02    8.818379e-05
    6.165950e-05    5.765489e-02    9.072816e-05
    6.309573e-05    5.899999e-02    9.333582e-05
    6.456542e-05    6.037649e-02    9.602819e-05
    6.606934e-05    6.178512e-02    9.878747e-05
    6.760830e-05    6.322662e-02    1.016232e-04
    6.918310e-05    6.470177e-02    1.045419e-04
    7.079458e-05    6.621134e-02    1.075425e-04
    7.244360e-05    6.775615e-02    1.106304e-04
    7.413102e-05    6.933702e-02    1.138051e-04
    7.585776e-05    7.095479e-02    1.170719e-04
    7.762471e-05    7.261031e-02    1.204162e-04
    7.943282e-05    7.430448e-02    1.238563e-04
    8.128305e-05    7.603819e-02    1.274102e-04
    8.317638e-05    7.781237e-02    1.310490e-04
    8.511380e-05    7.962796e-02    1.347905e-04
    8.709636e-05    8.148592e-02    1.386224e-04
    8.912509e-05    8.338726e-02    1.425797e-04
    9.120108e-05    8.533298e-02    1.466484e-04
    9.332543e-05    8.732412e-02    1.508154e-04
    9.549926e-05    8.936174e-02    1.551189e-04
    9.772372e-05    9.144692e-02    1.595251e-04
    1.000000e-04    9.358077e-02    1.640558e-04
    1.023293e-04    9.576444e-02    1.687112e-04
    1.047129e-04    9.799908e-02    1.735023e-04
    1.071519e-04    1.002859e-01    1.784274e-04
    1.096478e-04    1.026261e-01    1.834881e-04
    1.122018e-04    1.050209e-01    1.886729e-04
    1.148154e-04    1.074716e-01    1.940237e-04
    1.174898e-04    1.099796e-01    1.995007e-04
    1.202264e-04    1.125460e-01    2.051349e-04
    1.230269e-04    1.151724e-01    2.109233e-04
    1.258925e-04    1.178602e-01    2.168739e-04
    1.288250e-04    1.206106e-01    2.229928e-04
    1.318257e-04    1.234253e-01    2.292546e-04
    1.348963e-04    1.263057e-01    2.357186e-04
    1.380384e-04    1.292533e-01    2.423349e-04
    1.412538e-04    1.322697e-01    2.491649e-04
    1.445440e-04    1.353566e-01    2.561557e-04
    1.479108e-04    1.385155e-01    2.633365e-04
    1.513561e-04    1.417482e-01    2.707217e-04
    1.548817e-04    1.450564e-01    2.782765e-04
    1.584893e-04    1.484418e-01    2.860772e-04
    1.621810e-04    1.519062e-01    2.940898e-04
    1.659587e-04    1.554516e-01    3.022938e-04
    1.698244e-04    1.590797e-01    3.107193e-04
    1.737801e-04    1.627925e-01    3.193776e-04
    1.778279e-04    1.665920e-01    3.282749e-04
    1.819701e-04    1.704802e-01    3.374179e-04
    1.862087e-04    1.744592e-01    3.468132e-04
    1.905461e-04    1.785311e-01    3.564678e-04
    1.949845e-04    1.826981e-01    3.663439e-04
    1.995262e-04    1.869624e-01    3.765370e-04
    2.041738e-04    1.913262e-01    3.869570e-04
    2.089296e-04    1.957920e-01    3.976656e-04
    2.137962e-04    2.003620e-01    4.086643e-04
    2.187762e-04    2.050387e-01    4.199711e-04
    2.238721e-04    2.098246e-01    4.315268e-04
    2.290868e-04    2.147223e-01    4.434594e-04
    2.344229e-04    2.197344e-01    4.557110e-04
    2.398833e-04    2.248635e-01    4.682389e-04
    2.454709e-04    2.301123e-01    4.811027e-04
    2.511886e-04    2.354837e-01    4.943206e-04
    2.570396e-04    2.409735e-01    5.033907e-04
    2.630268e-04    2.465985e-01    5.171610e-04
    2.691535e-04    2.523550e-01    5.201991e-04
    2.754229e-04    2.582456e-01    5.266480e-04
    2.818383e-04    2.642737e-01    5.325818e-04
    2.884032e-04    2.704423e-01    5.384281e-04
    2.951209e-04    2.767548e-01    5.439590e-04
    3.019952e-04    2.832144e-01    5.494668e-04
    3.090295e-04    2.898247e-01    5.553062e-04
    3.162278e-04    2.965890e-01    5.609836e-04
    3.235937e-04    3.035111e-01    5.664278e-04
    3.311311e-04    3.105945e-01    5.721605e-04
    3.388442e-04    3.178431e-01    5.780731e-04
    3.467369e-04    3.252606e-01    5.840691e-04
    3.548134e-04    3.328511e-01    5.897035e-04
    3.630781e-04    3.406185e-01    5.959353e-04
    3.715352e-04    3.485670e-01    6.022428e-04
    3.801894e-04    3.567008e-01    6.082685e-04
    3.890451e-04    3.650242e-01    6.148963e-04
    3.981072e-04    3.735417e-01    6.211452e-04
    4.073803e-04    3.822576e-01    6.280787e-04
    4.168694e-04    3.911768e-01    6.346278e-04
    4.265795e-04    4.003039e-01    6.418494e-04
    4.365158e-04    4.096438e-01    6.487327e-04
    4.466836e-04    4.192014e-01    6.563018e-04
    4.570882e-04    4.289818e-01    6.640643e-04
    4.677351e-04    4.389902e-01    6.714567e-04
    4.786301e-04    4.492319e-01    6.795965e-04
    4.897788e-04    4.597123e-01    6.874213e-04
    5.011872e-04    4.704371e-01    6.959800e-04
    5.128614e-04    4.814119e-01    7.047245e-04
    5.248075e-04    4.926425e-01    7.133086e-04
    5.370318e-04    5.041349e-01    7.224127e-04
    5.495409e-04    5.158953e-01    7.318595e-04
    5.623413e-04    5.279298e-01    7.416011e-04
    5.754399e-04    5.402449e-01    7.515848e-04
    5.888437e-04    5.528470e-01    7.614059e-04
    6.025596e-04    5.657430e-01    7.718172e-04
    6.165950e-04    5.789395e-01    7.826239e-04
    6.309573e-04    5.924438e-01    7.937602e-04
    6.456542e-04    6.062628e-01    8.051669e-04
    6.606934e-04    6.204040e-01    8.168944e-04
    6.760830e-04    6.348749e-01    8.292846e-04
    6.918310e-04    6.496831e-01    8.419875e-04
    7.079458e-04    6.648366e-01    8.547420e-04
    7.244360e-04    6.803434e-01    8.679007e-04
    7.413102e-04    6.962116e-01    8.814183e-04
    7.585776e-04    7.124498e-01    8.959135e-04
    7.762471e-04    7.290666e-01    9.102322e-04
    7.943282e-04    7.460708e-01    9.255425e-04
    8.128305e-04    7.634715e-01    9.407330e-04
    8.317638e-04    7.812778e-01    9.569535e-04
    8.511380e-04    7.994992e-01    9.730449e-04
    8.709636e-04    8.181455e-01    9.902046e-04
    8.912509e-04    8.372265e-01    1.007869e-03
    9.120108e-04    8.567524e-01    1.025479e-03
    9.332543e-04    8.767336e-01    1.044205e-03
    9.549926e-04    8.971806e-01    1.063474e-03
    9.772372e-04    9.181043e-01    1.083307e-03
    1.000000e-03    9.395159e-01    1.103727e-03
    1.023293e-03    9.614267e-01    1.124786e-03
    1.047129e-03    9.838484e-01    1.146450e-03
    1.071519e-03    1.006793e+00    1.168804e-03
    1.096478e-03    1.030272e+00    1.192241e-03
    1.122018e-03    1.054299e+00    1.216078e-03
    1.148154e-03    1.078886e+00    1.240518e-03
    1.174898e-03    1.104047e+00    1.266227e-03
    1.202264e-03    1.129794e+00    1.292209e-03
    1.230269e-03    1.156141e+00    1.319507e-03
    1.258925e-03    1.183103e+00    1.347047e-03
    1.288250e-03    1.210694e+00    1.376053e-03
    1.318257e-03    1.238928e+00    1.405933e-03
    1.348963e-03    1.267820e+00    1.436716e-03
    1.380384e-03    1.297386e+00    1.467819e-03
    1.412538e-03    1.327641e+00    1.500497e-03
    1.445440e-03    1.358602e+00    1.534142e-03
    1.479108e-03    1.390285e+00    1.569403e-03
    1.513561e-03    1.422707e+00    1.605217e-03
    1.548817e-03    1.455884e+00    1.642064e-03
    1.584893e-03    1.489836e+00    1.680066e-03
    1.621810e-03    1.524579e+00    1.719801e-03
    1.659587e-03    1.560132e+00    1.760157e-03
    1.698244e-03    1.596515e+00    1.802351e-03
    1.737801e-03    1.633746e+00    1.845225e-03
    1.778279e-03    1.671845e+00    1.890002e-03
    1.819701e-03    1.710833e+00    1.936167e-03
    1.862087e-03    1.750730e+00    1.983353e-03
    1.905461e-03    1.791557e+00    2.032123e-03
    1.949845e-03    1.833337e+00    2.082670e-03
    1.995262e-03    1.876090e+00    2.134694e-03
    2.041738e-03    1.919841e+00    2.189023e-03
    2.089296e-03    1.964613e+00    2.244229e-03
    2.137962e-03    2.010428e+00    2.301182e-03
    2.187762e-03    2.057313e+00    2.359871e-03
    2.238721e-03    2.105290e+00    2.420956e-03
    2.290868e-03    2.154387e+00    2.483300e-03
    2.344229e-03    2.204628e+00    2.548122e-03
    2.398833e-03    2.256042e+00    2.614751e-03
    2.454709e-03    2.308655e+00    2.683124e-03
    2.511886e-03    2.362494e+00    2.754009e-03
    2.570396e-03    2.417590e+00    2.827014e-03
    2.630268e-03    2.473971e+00    2.902236e-03
    2.691535e-03    2.531666e+00    2.979709e-03
    2.754229e-03    2.590708e+00    3.059537e-03
    2.818383e-03    2.651126e+00    3.141721e-03
    2.884032e-03    2.712954e+00    3.226608e-03
    2.951209e-03    2.776224e+00    3.314248e-03
    3.019952e-03    2.840970e+00    3.404054e-03
    3.090295e-03    2.907226e+00    3.497203e-03
    3.162278e-03    2.975028e+00    3.592439e-03
    3.235937e-03    3.044411e+00    3.691166e-03
    3.311311e-03    3.115413e+00    3.792811e-03
    3.388442e-03    3.188071e+00    3.896785e-03
    3.467369e-03    3.262424e+00    4.004505e-03
    3.548134e-03    3.338511e+00    4.115399e-03
    3.630781e-03    3.416373e+00    4.229514e-03
    3.715352e-03    3.496052e+00    4.347031e-03
    3.801894e-03    3.577589e+00    4.467952e-03
    3.890451e-03    3.661029e+00    4.593041e-03
    3.981072e-03    3.746415e+00    4.721119e-03
    4.073803e-03    3.833793e+00    4.852890e-03
    4.092607e-03    3.851511e+00    4.880214e-03
    4.111497e-03    3.869312e+00    4.907031e-03
    4.130475e-03    3.887195e+00    4.933992e-03
    4.149540e-03    3.905161e+00    4.961098e-03
    4.168694e-03    3.923209e+00    4.989118e-03
    4.187936e-03    3.941341e+00    5.016518e-03
    4.207266e-03    3.959557e+00    5.044171e-03
    4.226686e-03    3.977857e+00    5.072646e-03
    4.246196e-03    3.996242e+00    5.100491e-03
    4.265795e-03    4.014712e+00    5.128593e-03
    4.285485e-03    4.033267e+00    5.157714e-03
    4.305266e-03    4.051907e+00    5.185936e-03
    4.325138e-03    4.070635e+00    5.214494e-03
    4.345102e-03    4.089448e+00    5.243204e-03
    4.365158e-03    4.108349e+00    5.272765e-03
    4.385307e-03    4.127337e+00    5.301841e-03
    4.405549e-03    4.146412e+00    5.331072e-03
    4.425884e-03    4.165576e+00    5.361110e-03
    4.446313e-03    4.184829e+00    5.390714e-03
    4.466836e-03    4.204170e+00    5.420362e-03
    4.487454e-03    4.223601e+00    5.450998e-03
    4.508167e-03    4.243122e+00    5.481080e-03
    4.528976e-03    4.262733e+00    5.511265e-03
    4.549881e-03    4.282435e+00    5.542395e-03
    4.570882e-03    4.302227e+00    5.572905e-03
    4.591980e-03    4.322112e+00    5.603693e-03
    4.613176e-03    4.342088e+00    5.635324e-03
    4.634469e-03    4.362156e+00    5.666444e-03
    4.655861e-03    4.382318e+00    5.697788e-03
    4.677351e-03    4.402572e+00    5.729809e-03
    4.698941e-03    4.422920e+00    5.761490e-03
    4.720630e-03    4.443362e+00    5.793973e-03
    4.742420e-03    4.463899e+00    5.825934e-03
    4.764310e-03    4.484531e+00    5.858064e-03
    4.786301e-03    4.505258e+00    5.891190e-03
    4.808393e-03    4.526081e+00    5.923725e-03
    4.830588e-03    4.547000e+00    5.956372e-03
    4.852885e-03    4.568016e+00    5.989967e-03
    4.875285e-03    4.589129e+00    6.023024e-03
    4.897788e-03    4.610339e+00    6.056668e-03
    4.920395e-03    4.631648e+00    6.090451e-03
    4.943107e-03    4.653055e+00    6.124163e-03
    4.965923e-03    4.674561e+00    6.158723e-03
    4.988845e-03    4.696167e+00    6.192670e-03
    5.011872e-03    4.717872e+00    6.226921e-03
    5.035006e-03    4.739678e+00    6.262033e-03
    5.058247e-03    4.761585e+00    6.296586e-03
    5.081594e-03    4.783593e+00    6.332136e-03
    5.105050e-03    4.805702e+00    6.367057e-03
    5.128614e-03    4.827914e+00    6.402226e-03
    5.152286e-03    4.850229e+00    6.438342e-03
    5.176068e-03    4.872646e+00    6.473886e-03
    5.199960e-03    4.895168e+00    6.510385e-03
    5.223962e-03    4.917793e+00    6.546372e-03
    5.248075e-03    4.940523e+00    6.582482e-03
    5.272299e-03    4.963358e+00    6.619628e-03
    5.296634e-03    4.986299e+00    6.656121e-03
    5.321083e-03    5.009346e+00    6.693660e-03
    5.345644e-03    5.032499e+00    6.730607e-03
    5.370318e-03    5.055760e+00    6.768475e-03
    5.395106e-03    5.079128e+00    6.805880e-03
    5.420009e-03    5.102604e+00    6.843482e-03
    5.445027e-03    5.126188e+00    6.882019e-03
    5.470160e-03    5.149882e+00    6.920017e-03
    5.495409e-03    5.173685e+00    6.958961e-03
    5.520774e-03    5.197598e+00    6.997360e-03
    5.546257e-03    5.221622e+00    7.036784e-03
    5.571857e-03    5.245757e+00    7.075659e-03
    5.597576e-03    5.270003e+00    7.114716e-03
    5.623413e-03    5.294361e+00    7.154711e-03
    5.649370e-03    5.318832e+00    7.194200e-03
    5.675446e-03    5.343417e+00    7.234666e-03
    5.701643e-03    5.368115e+00    7.274569e-03
    5.727960e-03    5.392927e+00    7.315533e-03
    5.754399e-03    5.417853e+00    7.355856e-03
    5.780960e-03    5.442895e+00    7.397176e-03
    5.807644e-03    5.468053e+00    7.437994e-03
    5.834451e-03    5.493327e+00    7.479821e-03
    5.861382e-03    5.518718e+00    7.521067e-03
    5.888437e-03    5.544227e+00    7.562882e-03
    5.915616e-03    5.569853e+00    7.605008e-03
    5.942922e-03    5.595598e+00    7.646900e-03
    5.970353e-03    5.621462e+00    7.689826e-03
    5.997911e-03    5.647445e+00    7.732232e-03
    6.025596e-03    5.673549e+00    7.775682e-03
    6.053409e-03    5.699773e+00    7.818453e-03
    6.081350e-03    5.726118e+00    7.862355e-03
    6.109420e-03    5.752585e+00    7.905649e-03
    6.137620e-03    5.779175e+00    7.950008e-03
    6.165950e-03    5.805888e+00    7.993752e-03
    6.194411e-03    5.832724e+00    8.038651e-03
    6.223003e-03    5.859684e+00    8.082928e-03
    6.251727e-03    5.886769e+00    8.128134e-03
    6.280584e-03    5.913979e+00    8.172870e-03
    6.309573e-03    5.941315e+00    8.218706e-03
    6.338697e-03    5.968777e+00    8.263905e-03
    6.367955e-03    5.996366e+00    8.310215e-03
    6.397348e-03    6.024083e+00    8.355881e-03
    6.426877e-03    6.051928e+00    8.402670e-03
    6.456542e-03    6.079901e+00    8.448808e-03
    6.486344e-03    6.108004e+00    8.496080e-03
    6.516284e-03    6.136237e+00    8.542860e-03
    6.546362e-03    6.164601e+00    8.590619e-03
    6.576578e-03    6.193095e+00    8.637797e-03
    6.606934e-03    6.221722e+00    8.686133e-03
    6.637431e-03    6.250480e+00    8.733711e-03
    6.668068e-03    6.279372e+00    8.782629e-03
    6.698846e-03    6.308397e+00    8.830782e-03
    6.729767e-03    6.337557e+00    8.880116e-03
    6.760830e-03    6.366851e+00    8.928849e-03
    6.792036e-03    6.396281e+00    8.978602e-03
    6.823387e-03    6.425846e+00    9.027921e-03
    6.854882e-03    6.455549e+00    9.078272e-03
    6.886523e-03    6.485389e+00    9.128008e-03
    6.918310e-03    6.515367e+00    9.178962e-03
    6.950243e-03    6.545483e+00    9.229106e-03
    6.982324e-03    6.575739e+00    9.280681e-03
    7.014553e-03    6.606134e+00    9.332375e-03
    7.046931e-03    6.636670e+00    9.383482e-03
    7.079458e-03    6.667347e+00    9.435703e-03
    7.112135e-03    6.698167e+00    9.487375e-03
    7.144963e-03    6.729128e+00    9.540175e-03
    7.177943e-03    6.760233e+00    9.592372e-03
    7.211075e-03    6.791481e+00    9.645708e-03
    7.244360e-03    6.822875e+00    9.698482e-03
    7.277798e-03    6.854413e+00    9.752406e-03
    7.311391e-03    6.886097e+00    9.805715e-03
    7.345139e-03    6.917927e+00    9.860139e-03
    7.379042e-03    6.949905e+00    9.914034e-03
    7.413102e-03    6.982031e+00    9.969057e-03
    7.447320e-03    7.014305e+00    1.002436e-02
    7.481695e-03    7.046728e+00    1.007912e-02
    7.516229e-03    7.079301e+00    1.013499e-02
    7.550922e-03    7.112025e+00    1.019030e-02
    7.585776e-03    7.144900e+00    1.024678e-02
    7.620790e-03    7.177927e+00    1.030270e-02
    7.655966e-03    7.211107e+00    1.035975e-02
    7.691304e-03    7.244441e+00    1.041623e-02
    7.726806e-03    7.277928e+00    1.047385e-02
    7.762471e-03    7.311570e+00    1.053181e-02
    7.798301e-03    7.345368e+00    1.058920e-02
    7.834296e-03    7.379322e+00    1.064774e-02
    7.870458e-03    7.413433e+00    1.070571e-02
    7.906786e-03    7.447702e+00    1.076484e-02
    7.943282e-03    7.482129e+00    1.082343e-02
    7.979947e-03    7.516715e+00    1.088321e-02
    8.016781e-03    7.551462e+00    1.094234e-02
    8.053784e-03    7.586369e+00    1.100271e-02
    8.090959e-03    7.621437e+00    1.106344e-02
    8.128305e-03    7.656668e+00    1.112351e-02
    8.165824e-03    7.692061e+00    1.118484e-02
    8.203515e-03    7.727618e+00    1.124557e-02
    8.241381e-03    7.763340e+00    1.130751e-02
    8.279422e-03    7.799227e+00    1.136889e-02
    8.317638e-03    7.835279e+00    1.143145e-02
    8.356030e-03    7.871498e+00    1.149433e-02
    8.394600e-03    7.907885e+00    1.155663e-02
    8.433348e-03    7.944440e+00    1.162018e-02
    8.472274e-03    7.981164e+00    1.168316e-02
    8.511380e-03    8.018058e+00    1.174734e-02
    8.550667e-03    8.055123e+00    1.181061e-02
    8.590135e-03    8.092358e+00    1.187576e-02
    8.629785e-03    8.129766e+00    1.194096e-02
    8.669619e-03    8.167347e+00    1.200556e-02
    8.709636e-03    8.205102e+00    1.207135e-02
    8.749838e-03    8.243031e+00    1.213664e-02
    8.790225e-03    8.281136e+00    1.220314e-02
    8.830799e-03    8.319417e+00    1.226997e-02
    8.871560e-03    8.357875e+00    1.233623e-02
    8.912509e-03    8.396511e+00    1.240377e-02
    8.953648e-03    8.435325e+00    1.247069e-02
    8.994976e-03    8.474319e+00    1.253890e-02
    9.036495e-03    8.513493e+00    1.260646e-02
    9.078205e-03    8.552848e+00    1.267541e-02
    9.120108e-03    8.592385e+00    1.274463e-02
    9.162205e-03    8.632105e+00    1.281326e-02
    9.204496e-03    8.672009e+00    1.288322e-02
    9.246982e-03    8.712097e+00    1.295258e-02
    9.289664e-03    8.752371e+00    1.302323e-02
    9.332543e-03    8.792831e+00    1.309423e-02
    9.375620e-03    8.833478e+00    1.316467e-02
    9.418896e-03    8.874313e+00    1.323636e-02
    9.462372e-03    8.915336e+00    1.330749e-02
    9.506048e-03    8.956550e+00    1.337995e-02
    9.549926e-03    8.997953e+00    1.345238e-02
    9.594006e-03    9.039549e+00    1.352494e-02
    9.638290e-03    9.081337e+00    1.359846e-02
    9.682779e-03    9.123318e+00    1.367140e-02
    9.727472e-03    9.165493e+00    1.374571e-02
    9.772372e-03    9.207863e+00    1.381935e-02
    9.817479e-03    9.250429e+00    1.389438e-02
    9.862795e-03    9.293191e+00    1.396978e-02
    9.908319e-03    9.336152e+00    1.404451e-02
    9.954054e-03    9.379311e+00    1.412070e-02
    1.000000e-02    9.422670e+00    1.419629e-02
    1.004616e-02    9.466229e+00    1.427316e-02
    1.009253e-02    9.509990e+00    1.435040e-02
    1.013911e-02    9.553953e+00    1.442709e-02
    1.018591e-02    9.598119e+00    1.450515e-02
    1.023293e-02    9.642490e+00    1.458265e-02
    1.028016e-02    9.687065e+00    1.466147e-02
    1.032761e-02    9.731847e+00    1.474075e-02
    1.037528e-02    9.776836e+00    1.481930e-02
    1.042317e-02    9.822033e+00    1.489941e-02
    1.047129e-02    9.867439e+00    1.497873e-02
    1.051962e-02    9.913054e+00    1.505961e-02
    1.056818e-02    9.958881e+00    1.514098e-02
    1.061696e-02    1.000492e+01    1.522143e-02
    1.066596e-02    1.005117e+01    1.530343e-02
    1.071519e-02    1.009764e+01    1.538481e-02
    1.076465e-02    1.014432e+01    1.546767e-02
    1.081434e-02    1.019121e+01    1.554998e-02
    1.086426e-02    1.023833e+01    1.563364e-02
    1.091440e-02    1.028566e+01    1.571771e-02
    1.096478e-02    1.033321e+01    1.580114e-02
    1.101539e-02    1.038098e+01    1.588609e-02
    1.106624e-02    1.042897e+01    1.597032e-02
    1.111732e-02    1.047718e+01    1.605609e-02
    1.116863e-02    1.052561e+01    1.614220e-02
    1.122018e-02    1.057427e+01    1.622781e-02
    1.127197e-02    1.062316e+01    1.631482e-02
    1.132400e-02    1.067227e+01    1.640125e-02
    1.137627e-02    1.072161e+01    1.648910e-02
    1.142878e-02    1.077117e+01    1.657746e-02
    1.148154e-02    1.082097e+01    1.666521e-02
    1.153453e-02    1.087099e+01    1.675442e-02
    1.158777e-02    1.092125e+01    1.684294e-02
    1.164126e-02    1.097174e+01    1.693308e-02
    1.169499e-02    1.102246e+01    1.702310e-02
    1.174898e-02    1.107341e+01    1.711346e-02
    1.180321e-02    1.112461e+01    1.720483e-02
    1.185769e-02    1.117604e+01    1.729565e-02
    1.191242e-02    1.122770e+01    1.738799e-02
    1.196741e-02    1.127961e+01    1.747967e-02
    1.202264e-02    1.133175e+01    1.757290e-02
    1.207814e-02    1.138414e+01    1.766665e-02
    1.213389e-02    1.143677e+01    1.775966e-02
    1.218990e-02    1.148964e+01    1.785424e-02
    1.224616e-02    1.154276e+01    1.794831e-02
    1.230269e-02    1.159612e+01    1.804380e-02
    1.235947e-02    1.164973e+01    1.813983e-02
    1.241652e-02    1.170359e+01    1.823526e-02
    1.247384e-02    1.175769e+01    1.833231e-02
    1.253141e-02    1.181205e+01    1.842857e-02
    1.258925e-02    1.186666e+01    1.852655e-02
    1.264736e-02    1.192152e+01    1.862382e-02
    1.270574e-02    1.197663e+01    1.872274e-02
    1.276439e-02    1.203200e+01    1.882215e-02
    1.282331e-02    1.208763e+01    1.892092e-02
    1.288250e-02    1.214351e+01    1.902128e-02
    1.294196e-02    1.219965e+01    1.912109e-02
    1.300170e-02    1.225605e+01    1.922242e-02
    1.306171e-02    1.231271e+01    1.932319e-02
    1.312200e-02    1.236963e+01    1.942559e-02
    1.318257e-02    1.242682e+01    1.952849e-02
    1.324342e-02    1.248427e+01    1.963063e-02
    1.330454e-02    1.254199e+01    1.973452e-02
    1.336596e-02    1.259997e+01    1.983783e-02
    1.342765e-02    1.265822e+01    1.994273e-02
    1.348963e-02    1.271674e+01    2.004680e-02
    1.355189e-02    1.277553e+01    2.015315e-02
    1.361445e-02    1.283460e+01    2.025958e-02
    1.367729e-02    1.289393e+01    2.036541e-02
    1.374042e-02    1.295354e+01    2.047307e-02
    1.380384e-02    1.301343e+01    2.057993e-02
    1.386756e-02    1.307359e+01    2.068864e-02
    1.393157e-02    1.313403e+01    2.079672e-02
    1.399587e-02    1.319475e+01    2.090639e-02
    1.406048e-02    1.325575e+01    2.101660e-02
    1.412538e-02    1.331704e+01    2.112627e-02
    1.419058e-02    1.337861e+01    2.123765e-02
    1.425608e-02    1.344046e+01    2.134839e-02
    1.432188e-02    1.350260e+01    2.146096e-02
    1.438799e-02    1.356502e+01    2.157288e-02
    1.445440e-02    1.362773e+01    2.168646e-02
    1.452112e-02    1.369074e+01    2.179979e-02
    1.458814e-02    1.375403e+01    2.191427e-02
    1.465548e-02    1.381762e+01    2.202953e-02
    1.472313e-02    1.388150e+01    2.214432e-02
    1.479108e-02    1.394568e+01    2.226093e-02
    1.485936e-02    1.401015e+01    2.237674e-02
    1.492794e-02    1.407493e+01    2.249440e-02
    1.499685e-02    1.414000e+01    2.261146e-02
    1.506607e-02    1.420537e+01    2.273039e-02
    1.513561e-02    1.427105e+01    2.284880e-02
    1.520548e-02    1.433702e+01    2.296882e-02
    1.527566e-02    1.440331e+01    2.308953e-02
    1.534617e-02    1.446990e+01    2.320963e-02
    1.541700e-02    1.453680e+01    2.333154e-02
    1.548817e-02    1.460400e+01    2.345295e-02
    1.555966e-02    1.467152e+01    2.357608e-02
    1.563148e-02    1.473935e+01    2.369870e-02
    1.570363e-02    1.480750e+01    2.382330e-02
    1.577611e-02    1.487596e+01    2.394715e-02
    1.584893e-02    1.494473e+01    2.407277e-02
    1.592209e-02    1.501382e+01    2.419810e-02
    1.599558e-02    1.508324e+01    2.432499e-02
    1.606941e-02    1.515297e+01    2.445276e-02
    1.614359e-02    1.522303e+01    2.457987e-02
    1.621810e-02    1.529341e+01    2.470894e-02
    1.629296e-02    1.536412e+01    2.483735e-02
    1.636817e-02    1.543515e+01    2.496774e-02
    1.644372e-02    1.550651e+01    2.509758e-02
    1.651962e-02    1.557820e+01    2.522930e-02
    1.659587e-02    1.565023e+01    2.536046e-02
    1.667247e-02    1.572258e+01    2.549366e-02
    1.674943e-02    1.579527e+01    2.562630e-02
    1.682674e-02    1.586830e+01    2.576075e-02
    1.690441e-02    1.594167e+01    2.589464e-02
    1.698244e-02    1.601537e+01    2.603073e-02
    1.706082e-02    1.608941e+01    2.616754e-02
    1.713957e-02    1.616380e+01    2.630352e-02
    1.721869e-02    1.623853e+01    2.644176e-02
    1.729816e-02    1.631361e+01    2.657942e-02
    1.737801e-02    1.638903e+01    2.671911e-02
    1.745822e-02    1.646481e+01    2.685822e-02
    1.753881e-02    1.654093e+01    2.699938e-02
    1.761976e-02    1.661740e+01    2.713996e-02
    1.770109e-02    1.669423e+01    2.728262e-02
    1.778279e-02    1.677142e+01    2.742469e-02
    1.786488e-02    1.684896e+01    2.756901e-02
    1.794734e-02    1.692686e+01    2.771273e-02
    1.803018e-02    1.700512e+01    2.785860e-02
    1.811340e-02    1.708374e+01    2.800386e-02
    1.819701e-02    1.716272e+01    2.815144e-02
    1.828100e-02    1.724208e+01    2.829814e-02
    1.836538e-02    1.732179e+01    2.844732e-02
    1.845015e-02    1.740188e+01    2.859589e-02
    1.853532e-02    1.748234e+01    2.874670e-02
    1.862087e-02    1.756316e+01    2.889750e-02
    1.870682e-02    1.764437e+01    2.904937e-02
    1.879317e-02    1.772594e+01    2.920373e-02
    1.887991e-02    1.780790e+01    2.935537e-02
    1.896706e-02    1.789023e+01    2.951067e-02
    1.905461e-02    1.797295e+01    2.966507e-02
    1.914256e-02    1.805605e+01    2.982181e-02
    1.923092e-02    1.813953e+01    2.997823e-02
    1.931968e-02    1.822340e+01    3.013688e-02
    1.940886e-02    1.830765e+01    3.029492e-02
    1.949845e-02    1.839230e+01    3.045552e-02
    1.958845e-02    1.847733e+01    3.061550e-02
    1.967886e-02    1.856276e+01    3.077793e-02
    1.976970e-02    1.864859e+01    3.093975e-02
    1.986095e-02    1.873481e+01    3.110405e-02
    1.995262e-02    1.882143e+01    3.126773e-02
    2.004472e-02    1.890845e+01    3.143394e-02
    2.013724e-02    1.899588e+01    3.159968e-02
    2.023019e-02    1.908371e+01    3.176798e-02
    2.032357e-02    1.917194e+01    3.193550e-02
    2.041738e-02    1.926058e+01    3.210579e-02
    2.051162e-02    1.934963e+01    3.227545e-02
    2.060630e-02    1.943910e+01    3.244791e-02
    2.070141e-02    1.952898e+01    3.261975e-02
    2.079697e-02    1.961927e+01    3.279396e-02
    2.089296e-02    1.970998e+01    3.296803e-02
    2.098940e-02    1.980111e+01    3.314449e-02
    2.108628e-02    1.989266e+01    3.332067e-02
    2.118361e-02    1.998464e+01    3.349929e-02
    2.128139e-02    2.007704e+01    3.367722e-02
    2.137962e-02    2.016987e+01    3.385875e-02
    2.147830e-02    2.026313e+01    3.404019e-02
    2.157744e-02    2.035681e+01    3.422234e-02
    2.167704e-02    2.045094e+01    3.440669e-02
    2.177710e-02    2.054549e+01    3.459079e-02
    2.187762e-02    2.064049e+01    3.477762e-02
    2.197860e-02    2.073592e+01    3.496404e-02
    2.208005e-02    2.083180e+01    3.515324e-02
    2.218196e-02    2.092812e+01    3.534203e-02
    2.228435e-02    2.102488e+01    3.553382e-02
    2.238721e-02    2.112209e+01    3.572505e-02
    2.249055e-02    2.121975e+01    3.591931e-02
    2.259436e-02    2.131787e+01    3.611302e-02
    2.269865e-02    2.141643e+01    3.630982e-02
    2.280342e-02    2.151546e+01    3.650641e-02
    2.290868e-02    2.161494e+01    3.670562e-02
    2.301442e-02    2.171488e+01    3.690483e-02
    2.312065e-02    2.181528e+01    3.710668e-02
    2.322737e-02    2.191615e+01    3.730873e-02
    2.333458e-02    2.201748e+01    3.751365e-02
    2.344229e-02    2.211929e+01    3.771967e-02
    2.355049e-02    2.222156e+01    3.792576e-02
    2.365920e-02    2.232431e+01    3.813469e-02
    2.376840e-02    2.242753e+01    3.834387e-02
    2.387811e-02    2.253123e+01    3.855568e-02
    2.398833e-02    2.263541e+01    3.876776e-02
    2.409905e-02    2.274007e+01    3.898269e-02
    2.421029e-02    2.284521e+01    3.919756e-02
    2.432204e-02    2.295084e+01    3.941570e-02
    2.443431e-02    2.305696e+01    3.963379e-02
    2.454709e-02    2.316357e+01    3.985503e-02
    2.466039e-02    2.327068e+01    4.007561e-02
    2.477422e-02    2.337828e+01    4.030065e-02
    2.488857e-02    2.348637e+01    4.052668e-02
    2.500345e-02    2.359497e+01    4.075272e-02
    2.511886e-02    2.370407e+01    4.098223e-02
    2.523481e-02    2.381367e+01    4.121179e-02
    2.535129e-02    2.392378e+01    4.144459e-02
    2.546830e-02    2.403441e+01    4.167766e-02
    2.558586e-02    2.414554e+01    4.191401e-02
    2.570396e-02    2.425718e+01    4.215204e-02
    2.582260e-02    2.436934e+01    4.239050e-02
    2.594179e-02    2.448203e+01    4.263232e-02
    2.606154e-02    2.459523e+01    4.287451e-02
    2.618183e-02    2.470895e+01    4.311994e-02
    2.630268e-02    2.482321e+01    4.336596e-02
    2.642409e-02    2.493799e+01    4.361529e-02
    2.654606e-02    2.505330e+01    4.386655e-02
    2.666859e-02    2.516914e+01    4.411847e-02
    2.679168e-02    2.528552e+01    4.437378e-02
    2.691535e-02    2.540244e+01    4.462970e-02
    2.703958e-02    2.551990e+01    4.488906e-02
    2.716439e-02    2.563791e+01    4.515071e-02
    2.728978e-02    2.575646e+01    4.541292e-02
    2.741574e-02    2.587555e+01    4.567869e-02
    2.754229e-02    2.599520e+01    4.594529e-02
    2.766942e-02    2.611541e+01    4.621550e-02
    2.779713e-02    2.623616e+01    4.648792e-02
    2.792544e-02    2.635748e+01    4.676116e-02
    2.805434e-02    2.647936e+01    4.703821e-02
    2.818383e-02    2.660180e+01    4.731644e-02
    2.831392e-02    2.672481e+01    4.759794e-02
    2.844461e-02    2.684839e+01    4.788202e-02
    2.857591e-02    2.697254e+01    4.816716e-02
    2.870781e-02    2.709726e+01    4.845619e-02
    2.884032e-02    2.722256e+01    4.874770e-02
    2.897344e-02    2.734844e+01    4.904047e-02
    2.910717e-02    2.747491e+01    4.933714e-02
    2.924152e-02    2.760195e+01    4.963640e-02
    2.937650e-02    2.772959e+01    4.993692e-02
    2.951209e-02    2.785782e+01    5.024156e-02
    2.964831e-02    2.798664e+01    5.054889e-02
    2.978516e-02    2.811605e+01    5.085760e-02
    2.992265e-02    2.824607e+01    5.117044e-02
    3.006076e-02    2.837668e+01    5.148621e-02
    3.019952e-02    2.850790e+01    5.180346e-02
    3.033891e-02    2.863973e+01    5.212508e-02
    3.047895e-02    2.877217e+01    5.244953e-02
    3.061963e-02    2.890522e+01    5.277571e-02
    3.076097e-02    2.903888e+01    5.310628e-02
    3.090295e-02    2.917317e+01    5.344002e-02
    3.104560e-02    2.930807e+01    5.377677e-02
    3.118890e-02    2.944360e+01    5.411531e-02
    3.133286e-02    2.957976e+01    5.445875e-02
    3.147748e-02    2.971655e+01    5.480523e-02
    3.162278e-02    2.985397e+01    5.515512e-02
    3.176874e-02    2.999203e+01    5.550699e-02
    3.191538e-02    3.013072e+01    5.586374e-02
    3.206269e-02    3.027006e+01    5.622394e-02
    3.221069e-02    3.041004e+01    5.658710e-02
    3.235937e-02    3.055067e+01    5.695355e-02
    3.250873e-02    3.069195e+01    5.732453e-02
    3.265878e-02    3.083389e+01    5.769917e-02
    3.280953e-02    3.097648e+01    5.807752e-02
    3.296097e-02    3.111973e+01    5.845831e-02
    3.311311e-02    3.126364e+01    5.884438e-02
    3.326596e-02    3.140822e+01    5.923434e-02
    3.341950e-02    3.155347e+01    5.962825e-02
    3.357376e-02    3.169939e+01    6.002616e-02
    3.372873e-02    3.184599e+01    6.042703e-02
    3.388442e-02    3.199327e+01    6.083325e-02
    3.404082e-02    3.214122e+01    6.124367e-02
    3.419794e-02    3.228987e+01    6.165844e-02
    3.435579e-02    3.243920e+01    6.207743e-02
    3.451437e-02    3.258922e+01    6.250061e-02
    3.467369e-02    3.273993e+01    6.292778e-02
    3.483373e-02    3.289135e+01    6.336036e-02
    3.499452e-02    3.304346e+01    6.379753e-02
    3.515604e-02    3.319628e+01    6.423936e-02
    3.531832e-02    3.334981e+01    6.468592e-02
    3.548134e-02    3.350404e+01    6.513729e-02
    3.564511e-02    3.365899e+01    6.559376e-02
    3.580964e-02    3.381466e+01    6.605394e-02
    3.597493e-02    3.397105e+01    6.652041e-02
    3.614099e-02    3.412816e+01    6.699198e-02
    3.630781e-02    3.428600e+01    6.746875e-02
    3.647539e-02    3.444458e+01    6.795079e-02
    3.664376e-02    3.460388e+01    6.843829e-02
    3.681290e-02    3.476392e+01    6.893122e-02
    3.698282e-02    3.492471e+01    6.942978e-02
    3.715352e-02    3.508624e+01    6.993374e-02
    3.732502e-02    3.524851e+01    7.044360e-02
    3.749730e-02    3.541154e+01    7.095925e-02
    3.767038e-02    3.557532e+01    7.148087e-02
    3.784426e-02    3.573986e+01    7.200846e-02
    4.230829e-02    3.996498e+01    7.246564e-02
    4.330748e-02    4.091057e+01    7.553143e-02
    4.433050e-02    4.187879e+01    7.881184e-02
    4.537794e-02    4.287020e+01    8.232547e-02
    4.645037e-02    4.388535e+01    8.609249e-02
    4.754842e-02    4.492485e+01    9.013482e-02
    4.867270e-02    4.598928e+01    9.447622e-02
    4.982384e-02    4.707924e+01    9.914251e-02
    5.100249e-02    4.819537e+01    1.041617e-01
    5.220933e-02    4.933832e+01    1.095640e-01
    5.344504e-02    5.050873e+01    1.153824e-01
    5.471030e-02    5.170728e+01    1.216525e-01
    5.600585e-02    5.293468e+01    1.284128e-01
    5.733241e-02    5.419163e+01    1.357051e-01
    5.869075e-02    5.547886e+01    1.435747e-01
    6.008164e-02    5.679713e+01    1.520706e-01
    6.150585e-02    5.814720e+01    1.612455e-01
    6.296421e-02    5.952986e+01    1.711569e-01
    6.445754e-02    6.094592e+01    1.818667e-01
    6.598670e-02    6.239622e+01    1.934417e-01
    6.755256e-02    6.388162e+01    2.059545e-01
    6.915602e-02    6.540298e+01    2.194831e-01
    7.079798e-02    6.696122e+01    2.341121e-01
    7.247939e-02    6.855725e+01    2.499325e-01
    7.420122e-02    7.019204e+01    2.670431e-01
    7.596444e-02    7.186656e+01    2.855499e-01
    7.777009e-02    7.358182e+01    3.055680e-01
    7.961917e-02    7.533885e+01    3.272210e-01
    8.151278e-02    7.713871e+01    3.506424e-01
    8.345199e-02    7.898250e+01    3.759764e-01
    8.543793e-02    8.087134e+01    4.033785e-01
    8.747173e-02    8.280639e+01    4.330159e-01
    8.955458e-02    8.478883e+01    4.650694e-01
    9.168768e-02    8.681990e+01    4.997335e-01
    9.387228e-02    8.890087e+01    5.372178e-01
    9.610964e-02    9.103302e+01    5.777482e-01
    9.840106e-02    9.321769e+01    6.215682e-01
    1.007479e-01    9.545627e+01    6.689399e-01
    1.031515e-01    9.775016e+01    7.201453e-01
    1.056132e-01    1.001009e+02    7.754885e-01
    1.068664e-01    1.012980e+02    8.048129e-01
    1.081347e-01    1.025099e+02    8.352964e-01
    1.094181e-01    1.037367e+02    8.669837e-01
    1.107171e-01    1.049788e+02    8.999213e-01
    1.120317e-01    1.062361e+02    9.341573e-01
    1.133622e-01    1.075091e+02    9.697420e-01
    1.147087e-01    1.087978e+02    1.006727e+00
    1.160715e-01    1.101026e+02    1.045166e+00
    1.174507e-01    1.114235e+02    1.085116e+00
    1.188466e-01    1.127609e+02    1.126633e+00
    1.202593e-01    1.141149e+02    1.169779e+00
    1.216891e-01    1.154858e+02    1.214614e+00
    1.231362e-01    1.168739e+02    1.261205e+00
    1.246007e-01    1.182792e+02    1.309618e+00
    1.260830e-01    1.197022e+02    1.359922e+00
    1.275833e-01    1.211430e+02    1.412190e+00
    1.291017e-01    1.226018e+02    1.466496e+00
    1.306384e-01    1.240790e+02    1.522917e+00
    1.321938e-01    1.255748e+02    1.581535e+00
    1.337681e-01    1.270894e+02    1.642434e+00
    1.353614e-01    1.286231e+02    1.705697e+00
    1.369741e-01    1.301762e+02    1.771416e+00
    1.386099e-01    1.317525e+02    1.839575e+00
    1.402728e-01    1.333555e+02    1.910171e+00
    1.419598e-01    1.349827e+02    1.983415e+00
    1.436704e-01    1.366337e+02    2.059445e+00
    1.454045e-01    1.383082e+02    2.138392e+00
    1.471621e-01    1.400062e+02    2.220381e+00
    1.489431e-01    1.417281e+02    2.305544e+00
    1.507479e-01    1.434740e+02    2.394011e+00
    1.525766e-01    1.452440e+02    2.485918e+00
    1.544294e-01    1.470385e+02    2.581406e+00
    1.563066e-01    1.488578e+02    2.680619e+00
    1.582083e-01    1.507022e+02    2.783707e+00
    1.601350e-01    1.525720e+02    2.890824e+00
    1.620868e-01    1.544675e+02    3.002129e+00
    1.640640e-01    1.563891e+02    3.117791e+00
    1.660670e-01    1.583372e+02    3.237980e+00
    1.680960e-01    1.603121e+02    3.362874e+00
    1.701514e-01    1.623142e+02    3.492658e+00
    1.722336e-01    1.643440e+02    3.627526e+00
    1.743427e-01    1.664018e+02    3.767674e+00
    1.764792e-01    1.684880e+02    3.913311e+00
    1.786435e-01    1.706032e+02    4.064648e+00
    1.808357e-01    1.727476e+02    4.221910e+00
    1.830566e-01    1.749219e+02    4.385327e+00
    1.853062e-01    1.771265e+02    4.555138e+00
    1.875849e-01    1.793618e+02    4.731592e+00
    1.898934e-01    1.816284e+02    4.914945e+00
    1.922318e-01    1.839267e+02    5.105467e+00
    1.946006e-01    1.862573e+02    5.303434e+00
    1.970002e-01    1.886207e+02    5.509136e+00
    1.994310e-01    1.910174e+02    5.722870e+00
    2.018936e-01    1.934481e+02    5.944949e+00
    2.043882e-01    1.959132e+02    6.175695e+00
    2.069154e-01    1.984135e+02    6.415442e+00
    2.094756e-01    2.009494e+02    6.664540e+00
    2.120692e-01    2.035216e+02    6.923348e+00
    2.146968e-01    2.061307e+02    7.192242e+00
    2.173589e-01    2.087774e+02    7.471611e+00
    2.200558e-01    2.114624e+02    7.761860e+00
    2.227882e-01    2.141863e+02    8.063409e+00
    2.255566e-01    2.169499e+02    8.376694e+00
    2.283614e-01    2.197538e+02    8.702169e+00
    2.312032e-01    2.225990e+02    9.040304e+00
    2.340826e-01    2.254859e+02    9.391589e+00
    2.370000e-01    2.284155e+02    9.756530e+00
    2.399560e-01    2.313885e+02    1.013566e+01
    2.429514e-01    2.344059e+02    1.052952e+01
    2.459866e-01    2.374684e+02    1.093868e+01
    2.490622e-01    2.405768e+02    1.136374e+01
    2.521788e-01    2.437323e+02    1.180530e+01
    2.553372e-01    2.469355e+02    1.226403e+01
    2.585378e-01    2.501875e+02    1.274056e+01
    2.617815e-01    2.534894e+02    1.323561e+01
    2.650688e-01    2.568419e+02    1.374987e+01
    2.684004e-01    2.602463e+02    1.428411e+01
    2.717770e-01    2.637036e+02    1.483909e+01
    2.751995e-01    2.672148e+02    1.541563e+01
    2.786684e-01    2.707811e+02    1.601455e+01
    2.821846e-01    2.744037e+02    1.663676e+01
    2.857486e-01    2.780837e+02    1.728314e+01
    2.893615e-01    2.818225e+02    1.795463e+01
    2.930240e-01    2.856211e+02    1.865222e+01
    2.967369e-01    2.894811e+02    1.937695e+01
    3.005010e-01    2.934037e+02    2.012986e+01
    3.043172e-01    2.973903e+02    2.091207e+01
    3.081864e-01    3.014424e+02    2.172473e+01
    3.121094e-01    3.055615e+02    2.256904e+01
    3.160873e-01    3.097491e+02    2.344624e+01
    3.201208e-01    3.140067e+02    2.435765e+01
    3.242110e-01    3.183361e+02    2.530461e+01
    3.283590e-01    3.227388e+02    2.628852e+01
    3.325657e-01    3.272168e+02    2.731088e+01
    3.368320e-01    3.317716e+02    2.837318e+01
    3.411592e-01    3.364053e+02    2.947704e+01
    3.455482e-01    3.411197e+02    3.062413e+01
    3.500004e-01    3.459170e+02    3.181615e+01
    3.545166e-01    3.507990e+02    3.305492e+01
    3.590982e-01    3.557680e+02    3.434233e+01
    3.637463e-01    3.608262e+02    3.568032e+01
    3.684623e-01    3.659758e+02    3.707096e+01
    3.732472e-01    3.712192e+02    3.851636e+01
    3.781027e-01    3.765589e+02    4.001877e+01
    3.830297e-01    3.819974e+02    4.158048e+01
    3.880299e-01    3.875375e+02    4.320393e+01
    3.931046e-01    3.931817e+02    4.489164e+01
    3.982552e-01    3.989328e+02    4.664626e+01
    4.034832e-01    4.047941e+02    4.847054e+01
    4.087903e-01    4.107682e+02    5.036735e+01
    4.141779e-01    4.168586e+02    5.233969e+01
    4.196476e-01    4.230683e+02    5.439071e+01
    4.252012e-01    4.294010e+02    5.652369e+01
    4.308403e-01    4.358600e+02    5.874203e+01
    4.365667e-01    4.424492e+02    6.104934e+01
    4.423821e-01    4.491720e+02    6.344934e+01
    4.482887e-01    4.560329e+02    6.594595e+01
    4.542880e-01    4.630356e+02    6.854327e+01
    4.603820e-01    4.701845e+02    7.124555e+01
    4.665730e-01    4.774840e+02    7.405729e+01
    4.728628e-01    4.849388e+02    7.698316e+01
    4.792537e-01    4.925537e+02    8.002806e+01
    4.857477e-01    5.003338e+02    8.319712e+01
    4.923473e-01    5.082840e+02    8.649571e+01
    4.990546e-01    5.164099e+02    8.992945e+01
    5.058720e-01    5.247172e+02    9.350421e+01
    5.128020e-01    5.332116e+02    9.722615e+01
    5.198472e-01    5.418993e+02    1.011018e+02
    5.270100e-01    5.507865e+02    1.051378e+02
    5.342932e-01    5.598801e+02    1.093413e+02
    5.416993e-01    5.691866e+02    1.137196e+02
    5.492313e-01    5.787135e+02    1.182808e+02
    5.568922e-01    5.884681e+02    1.230328e+02
    5.646845e-01    5.984582e+02    1.279841e+02
    5.726116e-01    6.086920e+02    1.331439e+02
    5.806764e-01    6.191777e+02    1.385214e+02
    5.888822e-01    6.299244e+02    1.441265e+02
    5.972322e-01    6.409410e+02    1.499696e+02
    6.057297e-01    6.522372e+02    1.560616e+02
    6.143782e-01    6.638230e+02    1.624137e+02
    6.231812e-01    6.757085e+02    1.690380e+02
    6.321422e-01    6.879047e+02    1.759469e+02
    6.412649e-01    7.004230e+02    1.831535e+02
    6.505531e-01    7.132747e+02    1.906717e+02
    6.600105e-01    7.264724e+02    1.985158e+02
    6.696411e-01    7.400285e+02    2.067011e+02
    6.794489e-01    7.539566e+02    2.152434e+02
    6.894377e-01    7.682703e+02    2.241593e+02
    6.996119e-01    7.829838e+02    2.334665e+02
    7.099756e-01    7.981124e+02    2.431832e+02
    7.205331e-01    8.136713e+02    2.533284e+02
    7.312887e-01    8.296769e+02    2.639225e+02
    7.422466e-01    8.461461e+02    2.749866e+02
    7.534115e-01    8.630963e+02    2.865426e+02
    7.647877e-01    8.805457e+02    2.986139e+02
    7.763797e-01    8.985131e+02    3.112246e+02
    7.881922e-01    9.170185e+02    3.244001e+02
    8.002297e-01    9.360820e+02    3.381670e+02
    8.124969e-01    9.557248e+02    3.525531e+02
    8.249983e-01    9.759691e+02    3.675875e+02
    8.377387e-01    9.968376e+02    3.833006e+02
    8.507224e-01    1.018354e+03    3.997241e+02
    8.639543e-01    1.040543e+03    4.168912e+02
    8.774390e-01    1.063430e+03    4.348365e+02
    8.911809e-01    1.087040e+03    4.535962e+02
    9.051847e-01    1.111401e+03    4.732080e+02
    9.194548e-01    1.136542e+03    4.937110e+02
    9.339955e-01    1.162492e+03    5.151463e+02
    9.488112e-01    1.189280e+03    5.375565e+02
    9.639063e-01    1.216938e+03    5.609858e+02
    9.792846e-01    1.245497e+03    5.854804e+02
    9.949505e-01    1.274990e+03    6.110883e+02
    1.010908e+00    1.305453e+03    6.378591e+02
    1.027160e+00    1.336918e+03    6.658445e+02
    1.043712e+00    1.369424e+03    6.950981e+02
    1.060566e+00    1.403006e+03    7.256755e+02
    1.077726e+00    1.437704e+03    7.576342e+02
    1.095195e+00    1.473556e+03    7.910337e+02
    1.112976e+00    1.510604e+03    8.259357e+02
    1.131072e+00    1.548888e+03    8.624039e+02
    1.149486e+00    1.588452e+03    9.005043e+02
    1.168221e+00    1.629338e+03    9.403049e+02
    1.187278e+00    1.671593e+03    9.818760e+02
    1.206661e+00    1.715263e+03    1.025290e+03
    1.226371e+00    1.760394e+03    1.070622e+03
    1.246410e+00    1.807037e+03    1.117948e+03
    1.266780e+00    1.855239e+03    1.167349e+03
    1.287482e+00    1.905053e+03    1.218905e+03
    1.308519e+00    1.956533e+03    1.272702e+03
    1.329892e+00    2.009729e+03    1.328826e+03
    1.351600e+00    2.064702e+03    1.387366e+03
    1.373647e+00    2.121503e+03    1.448413e+03
    1.396033e+00    2.180193e+03    1.512064e+03
    1.418758e+00    2.240831e+03    1.578413e+03
    1.441823e+00    2.303480e+03    1.647562e+03
    1.465230e+00    2.368201e+03    1.719612e+03
    1.488979e+00    2.435060e+03    1.794670e+03
    1.513070e+00    2.504122e+03    1.872843e+03
    1.537504e+00    2.575457e+03    1.954244e+03
    1.562283e+00    2.649132e+03    2.038987e+03
    1.587405e+00    2.725222e+03    2.127189e+03
    1.612873e+00    2.803799e+03    2.218972e+03
