    1.000000e-07    9.306978e-05    2.100425e-08
    1.023293e-07    9.523815e-05    2.166998e-08
    1.047129e-07    9.745704e-05    2.235283e-08
    1.071519e-07    9.972764e-05    2.305976e-08
    1.096478e-07    1.020511e-04    2.378596e-08
    1.122018e-07    1.044288e-04    2.453777e-08
    1.148154e-07    1.068618e-04    2.531005e-08
    1.174898e-07    1.093515e-04    2.610640e-08
    1.202264e-07    1.118993e-04    2.693083e-08
    1.230269e-07    1.145064e-04    2.777769e-08
    1.258925e-07    1.171743e-04    2.865439e-08
    1.288250e-07    1.199043e-04    2.955494e-08
    1.318257e-07    1.226979e-04    3.048432e-08
    1.348963e-07    1.255566e-04    3.144185e-08
    1.380384e-07    1.284820e-04    3.243311e-08
    1.412538e-07    1.314755e-04    3.345130e-08
    1.445440e-07    1.345387e-04    3.450119e-08
    1.479108e-07    1.376733e-04    3.558465e-08
    1.513561e-07    1.408810e-04    3.670091e-08
    1.548817e-07    1.441634e-04    3.785645e-08
    1.584893e-07    1.475223e-04    3.904337e-08
    1.621810e-07    1.509595e-04    4.026337e-08
    1.659587e-07    1.544767e-04    4.153013e-08
    1.698244e-07    1.580759e-04    4.282720e-08
    1.737801e-07    1.617590e-04    4.417397e-08
    1.778279e-07    1.655279e-04    4.555727e-08
    1.819701e-07    1.693846e-04    4.697910e-08
    1.862087e-07    1.733312e-04    4.845538e-08
    1.905461e-07    1.773697e-04    4.996696e-08
    1.949845e-07    1.815024e-04    5.153153e-08
    1.995262e-07    1.857313e-04    5.314337e-08
    2.041738e-07    1.900588e-04    5.480006e-08
    2.089296e-07    1.944872e-04    5.652019e-08
    2.137962e-07    1.990187e-04    5.828138e-08
    2.187762e-07    2.036558e-04    6.009706e-08
    2.238721e-07    2.084010e-04    6.197930e-08
    2.290868e-07    2.132567e-04    6.391240e-08
    2.344229e-07    2.182256e-04    6.590225e-08
    2.398833e-07    2.233103e-04    6.796180e-08
    2.454709e-07    2.285135e-04    7.007686e-08
    2.511886e-07    2.338379e-04    7.226418e-08
    2.570396e-07    2.392864e-04    7.452120e-08
    2.630268e-07    2.448619e-04    7.683902e-08
    2.691535e-07    2.505673e-04    7.922848e-08
    2.754229e-07    2.564056e-04    8.169176e-08
    2.818383e-07    2.623800e-04    8.424129e-08
    2.884032e-07    2.684936e-04    8.685945e-08
    2.951209e-07    2.747497e-04    8.955848e-08
    3.019952e-07    2.811515e-04    9.235198e-08
    3.090295e-07    2.877026e-04    9.521159e-08
    3.162278e-07    2.944063e-04    9.816857e-08
    3.235937e-07    3.012662e-04    1.012168e-07
    3.311311e-07    3.082860e-04    1.043592e-07
    3.388442e-07    3.154694e-04    1.076115e-07
    3.467369e-07    3.228202e-04    1.109408e-07
    3.548134e-07    3.303422e-04    1.143833e-07
    3.630781e-07    3.380396e-04    1.179321e-07
    3.715352e-07    3.459163e-04    1.215787e-07
    3.801894e-07    3.539766e-04    1.253646e-07
    3.890451e-07    3.622248e-04    1.292522e-07
    3.981072e-07    3.706651e-04    1.332470e-07
    4.073803e-07    3.793022e-04    1.373777e-07
    4.168694e-07    3.881405e-04    1.416224e-07
    4.265795e-07    3.971848e-04    1.460150e-07
    4.365158e-07    4.064399e-04    1.505395e-07
    4.466836e-07    4.159107e-04    1.551887e-07
    4.570882e-07    4.256022e-04    1.599961e-07
    4.677351e-07    4.355195e-04    1.649359e-07
    4.786301e-07    4.456680e-04    1.700275e-07
    4.897788e-07    4.560529e-04    1.752839e-07
    5.011872e-07    4.666799e-04    1.807238e-07
    5.128614e-07    4.775546e-04    1.863004e-07
    5.248075e-07    4.886826e-04    1.920484e-07
    5.370318e-07    5.000701e-04    1.979728e-07
    5.495409e-07    5.117229e-04    2.040793e-07
    5.623413e-07    5.236473e-04    2.103732e-07
    5.754399e-07    5.358496e-04    2.168604e-07
    5.888437e-07    5.483362e-04    2.235468e-07
    6.025596e-07    5.611139e-04    2.304385e-07
    6.165950e-07    5.741894e-04    2.375417e-07
    6.309573e-07    5.875696e-04    2.448630e-07
    6.456542e-07    6.012616e-04    2.524090e-07
    6.606934e-07    6.152728e-04    2.601617e-07
    6.760830e-07    6.296105e-04    2.682096e-07
    6.918310e-07    6.442824e-04    2.764721e-07
    7.079458e-07    6.592962e-04    2.849265e-07
    7.244360e-07    6.746599e-04    2.937374e-07
    7.413102e-07    6.903817e-04    3.027542e-07
    7.585776e-07    7.064699e-04    3.120390e-07
    7.762471e-07    7.229331e-04    3.216696e-07
    7.943282e-07    7.397800e-04    3.315164e-07
    8.128305e-07    7.570195e-04    3.417212e-07
    8.317638e-07    7.746609e-04    3.522051e-07
    8.511380e-07    7.927134e-04    3.630094e-07
    8.709636e-07    8.111866e-04    3.741800e-07
    8.912509e-07    8.300905e-04    3.856560e-07
    9.120108e-07    8.494349e-04    3.974828e-07
    9.332543e-07    8.692302e-04    4.096710e-07
    9.549926e-07    8.894868e-04    4.222316e-07
    9.772372e-07    9.102156e-04    4.351971e-07
    1.000000e-06    9.314276e-04    4.485594e-07
    1.023293e-06    9.531339e-04    4.623083e-07
    1.047129e-06    9.753462e-04    4.764198e-07
    1.071519e-06    9.980762e-04    4.910198e-07
    1.096478e-06    1.021336e-03    5.060659e-07
    1.122018e-06    1.045138e-03    5.215210e-07
    1.148154e-06    1.069495e-03    5.374987e-07
    1.174898e-06    1.094419e-03    5.539644e-07
    1.202264e-06    1.119925e-03    5.708640e-07
    1.230269e-06    1.146024e-03    5.882916e-07
    1.258925e-06    1.172733e-03    6.063084e-07
    1.288250e-06    1.200064e-03    6.248754e-07
    1.318257e-06    1.228031e-03    6.439468e-07
    1.348963e-06    1.256651e-03    6.635819e-07
    1.380384e-06    1.285938e-03    6.838319e-07
    1.412538e-06    1.315908e-03    7.047650e-07
    1.445440e-06    1.346576e-03    7.262672e-07
    1.479108e-06    1.377959e-03    7.483330e-07
    1.513561e-06    1.410073e-03    7.712358e-07
    1.548817e-06    1.442936e-03    7.947602e-07
    1.584893e-06    1.476565e-03    8.189008e-07
    1.621810e-06    1.510978e-03    8.438750e-07
    1.659587e-06    1.546194e-03    8.696088e-07
    1.698244e-06    1.582230e-03    8.961041e-07
    1.737801e-06    1.619106e-03    9.233812e-07
    1.778279e-06    1.656841e-03    9.514865e-07
    1.819701e-06    1.695457e-03    9.803738e-07
    1.862087e-06    1.734972e-03    1.010259e-06
    1.905461e-06    1.775409e-03    1.041052e-06
    1.949845e-06    1.816788e-03    1.072651e-06
    1.995262e-06    1.859132e-03    1.105342e-06
    2.041738e-06    1.902463e-03    1.138776e-06
    2.089296e-06    1.946804e-03    1.173476e-06
    2.137962e-06    1.992178e-03    1.209084e-06
    2.187762e-06    2.038611e-03    1.245800e-06
    2.238721e-06    2.086126e-03    1.283597e-06
    2.290868e-06    2.134748e-03    1.322569e-06
    2.344229e-06    2.184504e-03    1.362623e-06
    2.398833e-06    2.235420e-03    1.404058e-06
    2.454709e-06    2.287523e-03    1.446502e-06
    2.511886e-06    2.340840e-03    1.490408e-06
    2.570396e-06    2.395401e-03    1.535533e-06
    2.630268e-06    2.451233e-03    1.582056e-06
    2.691535e-06    2.508367e-03    1.630029e-06
    2.754229e-06    2.566833e-03    1.679492e-06
    2.818383e-06    2.626662e-03    1.730242e-06
    2.884032e-06    2.687886e-03    1.782521e-06
    2.951209e-06    2.750537e-03    1.836419e-06
    3.019952e-06    2.814649e-03    1.891896e-06
    3.090295e-06    2.880255e-03    1.949286e-06
    3.162278e-06    2.947391e-03    2.008168e-06
    3.235937e-06    3.016092e-03    2.068619e-06
    3.311311e-06    3.086395e-03    2.131358e-06
    3.388442e-06    3.158337e-03    2.195509e-06
    3.467369e-06    3.231956e-03    2.261811e-06
    3.548134e-06    3.307291e-03    2.330111e-06
    3.630781e-06    3.384383e-03    2.400524e-06
    3.715352e-06    3.463273e-03    2.472757e-06
    3.801894e-06    3.544001e-03    2.547158e-06
    3.890451e-06    3.626612e-03    2.624055e-06
    3.981072e-06    3.711149e-03    2.703330e-06
    4.073803e-06    3.797656e-03    2.784653e-06
    4.168694e-06    3.886181e-03    2.868417e-06
    4.265795e-06    3.976770e-03    2.954695e-06
    4.365158e-06    4.069471e-03    3.043563e-06
    4.466836e-06    4.164333e-03    3.135097e-06
    4.570882e-06    4.261407e-03    3.229452e-06
    4.677351e-06    4.360744e-03    3.326565e-06
    4.786301e-06    4.462398e-03    3.426592e-06
    4.897788e-06    4.566421e-03    3.529620e-06
    5.011872e-06    4.672871e-03    3.635365e-06
    5.128614e-06    4.781802e-03    3.744657e-06
    5.248075e-06    4.893273e-03    3.856838e-06
    5.370318e-06    5.007343e-03    3.972773e-06
    5.495409e-06    5.124073e-03    4.091772e-06
    5.623413e-06    5.243525e-03    4.214327e-06
    5.754399e-06    5.365762e-03    4.340545e-06
    5.888437e-06    5.490850e-03    4.470989e-06
    6.025596e-06    5.618854e-03    4.604877e-06
    6.165950e-06    5.749843e-03    4.742765e-06
    6.309573e-06    5.883886e-03    4.884774e-06
    6.456542e-06    6.021055e-03    5.030400e-06
    6.606934e-06    6.161423e-03    5.181002e-06
    6.760830e-06    6.305064e-03    5.335557e-06
    6.918310e-06    6.452054e-03    5.495274e-06
    7.079458e-06    6.602472e-03    5.659762e-06
    7.244360e-06    6.756397e-03    5.828566e-06
    7.413102e-06    6.913912e-03    6.002247e-06
    7.585776e-06    7.075099e-03    6.181241e-06
    7.762471e-06    7.240046e-03    6.366215e-06
    7.943282e-06    7.408839e-03    6.556038e-06
    8.128305e-06    7.581568e-03    6.750664e-06
    8.317638e-06    7.758326e-03    6.952282e-06
    8.511380e-06    7.939205e-03    7.159538e-06
    8.709636e-06    8.124302e-03    7.372416e-06
    8.912509e-06    8.313716e-03    7.592168e-06
    9.120108e-06    8.507547e-03    7.818051e-06
    9.332543e-06    8.705899e-03    8.050462e-06
    9.549926e-06    8.908876e-03    8.289499e-06
    9.772372e-06    9.116587e-03    8.535449e-06
    1.000000e-05    9.329141e-03    8.789782e-06
    1.023293e-05    9.546653e-03    9.050538e-06
    1.047129e-05    9.769238e-03    9.319214e-06
    1.071519e-05    9.997013e-03    9.595638e-06
    1.096478e-05    1.023010e-02    9.880455e-06
    1.122018e-05    1.046862e-02    1.017242e-05
    1.148154e-05    1.071271e-02    1.047432e-05
    1.174898e-05    1.096249e-02    1.078491e-05
    1.202264e-05    1.121809e-02    1.110494e-05
    1.230269e-05    1.147966e-02    1.143296e-05
    1.258925e-05    1.174733e-02    1.177068e-05
    1.288250e-05    1.202124e-02    1.211988e-05
    1.318257e-05    1.230153e-02    1.247783e-05
    1.348963e-05    1.258837e-02    1.284497e-05
    1.380384e-05    1.288189e-02    1.322428e-05
    1.412538e-05    1.318227e-02    1.361648e-05
    1.445440e-05    1.348964e-02    1.401703e-05
    1.479108e-05    1.380419e-02    1.443085e-05
    1.513561e-05    1.412607e-02    1.485525e-05
    1.548817e-05    1.445546e-02    1.529374e-05
    1.584893e-05    1.479254e-02    1.574549e-05
    1.621810e-05    1.513747e-02    1.620847e-05
    1.659587e-05    1.549045e-02    1.668502e-05
    1.698244e-05    1.585167e-02    1.717554e-05
    1.737801e-05    1.622131e-02    1.768045e-05
    1.778279e-05    1.659957e-02    1.820014e-05
    1.819701e-05    1.698665e-02    1.873502e-05
    1.862087e-05    1.738277e-02    1.928562e-05
    1.905461e-05    1.778812e-02    1.985022e-05
    1.949845e-05    1.820293e-02    2.043350e-05
    1.995262e-05    1.862741e-02    2.103160e-05
    2.041738e-05    1.906180e-02    2.164947e-05
    2.089296e-05    1.950632e-02    2.228251e-05
    2.137962e-05    1.996121e-02    2.293455e-05
    2.187762e-05    2.042671e-02    2.360560e-05
    2.238721e-05    2.090307e-02    2.429621e-05
    2.290868e-05    2.139054e-02    2.500697e-05
    2.344229e-05    2.188938e-02    2.573512e-05
    2.398833e-05    2.239986e-02    2.648773e-05
    2.454709e-05    2.292224e-02    2.726237e-05
    2.511886e-05    2.345682e-02    2.805594e-05
    2.570396e-05    2.400386e-02    2.887312e-05
    2.630268e-05    2.456367e-02    2.971727e-05
    2.691535e-05    2.513653e-02    3.058203e-05
    2.754229e-05    2.572276e-02    3.147240e-05
    2.818383e-05    2.632267e-02    3.238804e-05
    2.884032e-05    2.693657e-02    3.333090e-05
    2.951209e-05    2.756479e-02    3.429662e-05
    3.019952e-05    2.820767e-02    3.529481e-05
    3.090295e-05    2.886555e-02    3.631707e-05
    3.162278e-05    2.953878e-02    3.737383e-05
    3.235937e-05    3.022771e-02    3.845618e-05
    3.311311e-05    3.093271e-02    3.956974e-05
    3.388442e-05    3.165417e-02    4.071850e-05
    3.467369e-05    3.239245e-02    4.189480e-05
    3.548134e-05    3.314796e-02    4.310750e-05
    3.630781e-05    3.392110e-02    4.435514e-05
    3.715352e-05    3.471228e-02    4.563965e-05
    3.801894e-05    3.552191e-02    4.695499e-05
    3.890451e-05    3.635043e-02    4.831331e-05
    3.981072e-05    3.719829e-02    4.970533e-05
    4.073803e-05    3.806593e-02    5.113727e-05
    4.168694e-05    3.895381e-02    5.261027e-05
    4.265795e-05    3.986241e-02    5.412527e-05
    4.365158e-05    4.079220e-02    5.568390e-05
    4.466836e-05    4.174370e-02    5.728720e-05
    4.570882e-05    4.271739e-02    5.892972e-05
    4.677351e-05    4.371380e-02    6.062575e-05
    4.786301e-05    4.473347e-02    6.236348e-05
    4.897788e-05    4.577692e-02    6.415808e-05
    5.011872e-05    4.684472e-02    6.599651e-05
    5.128614e-05    4.793744e-02    6.788704e-05
    5.248075e-05    4.905566e-02    6.983035e-05
    5.370318e-05    5.019997e-02    7.183039e-05
    5.495409e-05    5.137098e-02    7.388707e-05
    5.623413e-05    5.256931e-02    7.599237e-05
    5.754399e-05    5.379561e-02    7.816785e-05
    5.888437e-05    5.505053e-02    8.039593e-05
    6.025596e-05    5.633472e-02    8.268516e-05
    6.165950e-05    5.764889e-02    8.504614e-05
    6.309573e-05    5.899372e-02    8.746224e-05
    6.456542e-05    6.036993e-02    8.995309e-05
    6.606934e-05    6.177826e-02    9.251308e-05
    6.760830e-05    6.321946e-02    9.514728e-05
    6.918310e-05    6.469428e-02    9.784217e-05
    7.079458e-05    6.620353e-02    1.006271e-04
    7.244360e-05    6.774799e-02    1.034766e-04
    7.413102e-05    6.932850e-02    1.064057e-04
    7.585776e-05    7.094589e-02    1.094327e-04
    7.762471e-05    7.260103e-02    1.125297e-04
    7.943282e-05    7.429479e-02    1.157132e-04
    8.128305e-05    7.602809e-02    1.189725e-04
    8.317638e-05    7.780183e-02    1.223375e-04
    8.511380e-05    7.961697e-02    1.257813e-04
    8.709636e-05    8.147447e-02    1.293398e-04
    8.912509e-05    8.337532e-02    1.329791e-04
    9.120108e-05    8.532054e-02    1.367207e-04
    9.332543e-05    8.731115e-02    1.405666e-04
    9.549926e-05    8.934822e-02    1.445192e-04
    9.772372e-05    9.143284e-02    1.485799e-04
    1.000000e-04    9.356611e-02    1.527559e-04
    1.023293e-04    9.574916e-02    1.570299e-04
    1.047129e-04    9.798317e-02    1.614422e-04
    1.071519e-04    1.002693e-01    1.659561e-04
    1.096478e-04    1.026088e-01    1.705960e-04
    1.122018e-04    1.050029e-01    1.753603e-04
    1.148154e-04    1.074529e-01    1.802606e-04
    1.174898e-04    1.099601e-01    1.852956e-04
    1.202264e-04    1.125258e-01    1.904675e-04
    1.230269e-04    1.151514e-01    1.957605e-04
    1.258925e-04    1.178383e-01    2.012252e-04
    1.288250e-04    1.205878e-01    2.068116e-04
    1.318257e-04    1.234016e-01    2.125539e-04
    1.348963e-04    1.262810e-01    2.184514e-04
    1.380384e-04    1.292277e-01    2.245134e-04
    1.412538e-04    1.322431e-01    2.307391e-04
    1.445440e-04    1.353289e-01    2.371342e-04
    1.479108e-04    1.384868e-01    2.436780e-04
    1.513561e-04    1.417183e-01    2.504292e-04
    1.548817e-04    1.450253e-01    2.573310e-04
    1.584893e-04    1.484095e-01    2.644271e-04
    1.621810e-04    1.518727e-01    2.717274e-04
    1.659587e-04    1.554167e-01    2.791928e-04
    1.698244e-04    1.590434e-01    2.868774e-04
    1.737801e-04    1.627548e-01    2.947779e-04
    1.778279e-04    1.665529e-01    3.028860e-04
    1.819701e-04    1.704396e-01    3.111761e-04
    1.862087e-04    1.744170e-01    3.196879e-04
    1.905461e-04    1.784873e-01    3.284721e-04
    1.949845e-04    1.826526e-01    3.374419e-04
    1.995262e-04    1.869151e-01    3.466620e-04
    2.041738e-04    1.912772e-01    3.561331e-04
    2.089296e-04    1.957411e-01    3.658326e-04
    2.137962e-04    2.003091e-01    3.757923e-04
    2.187762e-04    2.049839e-01    3.860221e-04
    2.238721e-04    2.097677e-01    3.965232e-04
    2.290868e-04    2.146632e-01    4.072716e-04
    2.344229e-04    2.196731e-01    4.183171e-04
    2.398833e-04    2.247998e-01    4.296541e-04
    2.454709e-04    2.300463e-01    4.412934e-04
    2.511886e-04    2.354152e-01    4.532465e-04
    2.570396e-04    2.409095e-01    4.654829e-04
    2.630268e-04    2.465321e-01    4.780363e-04
    2.691535e-04    2.522859e-01    4.909009e-04
    2.754229e-04    2.581741e-01    5.041360e-04
    2.818383e-04    2.641997e-01    5.176778e-04
    2.884032e-04    2.703660e-01    5.315854e-04
    2.951209e-04    2.766762e-01    5.458643e-04
    3.019952e-04    2.831338e-01    5.604672e-04
    3.090295e-04    2.897421e-01    5.754625e-04
    3.162278e-04    2.965048e-01    5.908511e-04
    3.235937e-04    3.034253e-01    6.066335e-04
    3.311311e-04    3.105074e-01    6.228009e-04
    3.388442e-04    3.177548e-01    6.394297e-04
    3.467369e-04    3.251669e-01    6.212700e-04
    3.548134e-04    3.327560e-01    6.283200e-04
    3.630781e-04    3.405221e-01    6.348794e-04
    3.715352e-04    3.484693e-01    6.414619e-04
    3.801894e-04    3.566017e-01    6.481147e-04
    3.890451e-04    3.649237e-01    6.548123e-04
    3.981072e-04    3.734397e-01    6.610724e-04
    4.073803e-04    3.821542e-01    6.679540e-04
    4.168694e-04    3.910719e-01    6.743819e-04
    4.265795e-04    4.001975e-01    6.808929e-04
    4.365158e-04    4.095358e-01    6.875464e-04
    4.466836e-04    4.190918e-01    6.942641e-04
    4.570882e-04    4.288705e-01    7.011069e-04
    4.677351e-04    4.388772e-01    7.080813e-04
    4.786301e-04    4.491171e-01    7.151944e-04
    4.897788e-04    4.595957e-01    7.219029e-04
    5.011872e-04    4.703186e-01    7.292402e-04
    5.128614e-04    4.812914e-01    7.368020e-04
    5.248075e-04    4.925200e-01    7.444814e-04
    5.370318e-04    5.040103e-01    7.517105e-04
    5.495409e-04    5.157684e-01    7.596921e-04
    5.623413e-04    5.278006e-01    7.673137e-04
    5.754399e-04    5.401133e-01    7.755746e-04
    5.888437e-04    5.527129e-01    7.840474e-04
    6.025596e-04    5.656063e-01    7.921512e-04
    6.165950e-04    5.788001e-01    8.010310e-04
    6.309573e-04    5.923016e-01    8.094988e-04
    6.456542e-04    6.061177e-01    8.187481e-04
    6.606934e-04    6.202558e-01    8.282237e-04
    6.760830e-04    6.347235e-01    8.372767e-04
    6.918310e-04    6.495284e-01    8.471824e-04
    7.079458e-04    6.646784e-01    8.567032e-04
    7.244360e-04    6.801815e-01    8.670386e-04
    7.413102e-04    6.960460e-01    8.770534e-04
    7.585776e-04    7.122802e-01    8.878851e-04
    7.762471e-04    7.288928e-01    8.989790e-04
    7.943282e-04    7.458927e-01    9.097246e-04
    8.128305e-04    7.632888e-01    9.213396e-04
    8.317638e-04    7.810904e-01    9.328890e-04
    8.511380e-04    7.993069e-01    9.448154e-04
    8.709636e-04    8.179481e-01    9.572736e-04
    8.912509e-04    8.370237e-01    9.694590e-04
    9.120108e-04    8.565440e-01    9.825125e-04
    9.332543e-04    8.765192e-01    9.959339e-04
    9.549926e-04    8.969601e-01    1.009026e-03
    9.772372e-04    9.178774e-01    1.023067e-03
    1.000000e-03    9.392823e-01    1.037491e-03
    1.023293e-03    9.611860e-01    1.052285e-03
    1.047129e-03    9.836004e-01    1.066778e-03
    1.071519e-03    1.006537e+00    1.082275e-03
    1.096478e-03    1.030009e+00    1.098153e-03
    1.122018e-03    1.054027e+00    1.114461e-03
    1.148154e-03    1.078606e+00    1.131112e-03
    1.174898e-03    1.103757e+00    1.147605e-03
    1.202264e-03    1.129494e+00    1.165113e-03
    1.230269e-03    1.155832e+00    1.183122e-03
    1.258925e-03    1.182783e+00    1.201535e-03
    1.288250e-03    1.210363e+00    1.220405e-03
    1.318257e-03    1.238585e+00    1.239792e-03
    1.348963e-03    1.267466e+00    1.259632e-03
    1.380384e-03    1.297019e+00    1.279984e-03
    1.412538e-03    1.327261e+00    1.300823e-03
    1.445440e-03    1.358209e+00    1.322211e-03
    1.479108e-03    1.389877e+00    1.344169e-03
    1.513561e-03    1.422284e+00    1.366624e-03
    1.548817e-03    1.455446e+00    1.389688e-03
    1.584893e-03    1.489382e+00    1.413285e-03
    1.621810e-03    1.524108e+00    1.437483e-03
    1.659587e-03    1.559644e+00    1.462302e-03
    1.698244e-03    1.596008e+00    1.487765e-03
    1.737801e-03    1.633219e+00    1.513786e-03
    1.778279e-03    1.671298e+00    1.540545e-03
    1.819701e-03    1.710265e+00    1.567958e-03
    1.862087e-03    1.750140e+00    1.596046e-03
    1.905461e-03    1.790944e+00    1.624770e-03
    1.949845e-03    1.832700e+00    1.654978e-03
    1.995262e-03    1.875429e+00    1.685205e-03
    2.041738e-03    1.919154e+00    1.716164e-03
    2.089296e-03    1.963898e+00    1.747908e-03
    2.137962e-03    2.009685e+00    1.780431e-03
    2.187762e-03    2.056539e+00    1.814369e-03
    2.238721e-03    2.104486e+00    1.848584e-03
    2.290868e-03    2.153550e+00    1.883529e-03
    2.344229e-03    2.203758e+00    1.919347e-03
    2.398833e-03    2.255136e+00    1.956028e-03
    2.454709e-03    2.307712e+00    1.994347e-03
    2.511886e-03    2.361514e+00    2.032805e-03
    2.570396e-03    2.416569e+00    2.072201e-03
    2.630268e-03    2.472908e+00    2.112560e-03
    2.691535e-03    2.530560e+00    2.154656e-03
    2.754229e-03    2.589556e+00    2.196915e-03
    2.818383e-03    2.649928e+00    2.240262e-03
    2.884032e-03    2.711706e+00    2.284548e-03
    2.951209e-03    2.774925e+00    2.330712e-03
    3.019952e-03    2.839617e+00    2.377106e-03
    3.090295e-03    2.905817e+00    2.424659e-03
    3.162278e-03    2.973561e+00    2.473540e-03
    3.235937e-03    3.042883e+00    2.523826e-03
    3.311311e-03    3.113821e+00    2.574652e-03
    3.388442e-03    3.186413e+00    2.626758e-03
    3.467369e-03    3.260697e+00    2.680781e-03
    3.548134e-03    3.336713e+00    2.735295e-03
    3.630781e-03    3.414501e+00    2.790961e-03
    3.715352e-03    3.494101e+00    2.847982e-03
    3.801894e-03    3.575558e+00    2.906213e-03
    3.890451e-03    3.658913e+00    2.966615e-03
    3.981072e-03    3.744211e+00    3.027498e-03
    4.073803e-03    3.831497e+00    3.089811e-03
    4.092607e-03    3.849197e+00    3.102213e-03
    4.111497e-03    3.866979e+00    3.114581e-03
    4.130475e-03    3.884843e+00    3.128125e-03
    4.149540e-03    3.902789e+00    3.140773e-03
    4.168694e-03    3.920818e+00    3.153457e-03
    4.187936e-03    3.938931e+00    3.166178e-03
    4.207266e-03    3.957127e+00    3.179821e-03
    4.226686e-03    3.975407e+00    3.192620e-03
    4.246196e-03    3.993772e+00    3.205456e-03
    4.265795e-03    4.012221e+00    3.218466e-03
    4.285485e-03    4.030756e+00    3.232280e-03
    4.305266e-03    4.049376e+00    3.245371e-03
    4.325138e-03    4.068082e+00    3.258499e-03
    4.345102e-03    4.086875e+00    3.271666e-03
    4.365158e-03    4.105755e+00    3.285794e-03
    4.385307e-03    4.124722e+00    3.299113e-03
    4.405549e-03    4.143776e+00    3.312470e-03
    4.425884e-03    4.162918e+00    3.325866e-03
    4.446313e-03    4.182149e+00    3.339301e-03
    4.466836e-03    4.201469e+00    3.353795e-03
    4.487454e-03    4.220878e+00    3.367386e-03
    4.508167e-03    4.240376e+00    3.381016e-03
    4.528976e-03    4.259965e+00    3.394685e-03
    4.549881e-03    4.279644e+00    3.409362e-03
    4.570882e-03    4.299414e+00    3.423190e-03
    4.591980e-03    4.319275e+00    3.437058e-03
    4.613176e-03    4.339228e+00    3.451042e-03
    4.634469e-03    4.359273e+00    3.465066e-03
    4.655861e-03    4.379411e+00    3.479974e-03
    4.677351e-03    4.399642e+00    3.494123e-03
    4.698941e-03    4.419966e+00    3.508352e-03
    4.720630e-03    4.440384e+00    3.522584e-03
    4.742420e-03    4.460897e+00    3.537485e-03
    4.764310e-03    4.481504e+00    3.552194e-03
    4.786301e-03    4.502206e+00    3.566634e-03
    4.808393e-03    4.523004e+00    3.581156e-03
    4.830588e-03    4.543898e+00    3.595720e-03
    4.852885e-03    4.564889e+00    3.611291e-03
    4.875285e-03    4.585976e+00    3.625946e-03
    4.897788e-03    4.607161e+00    3.640724e-03
    4.920395e-03    4.628444e+00    3.655545e-03
    4.943107e-03    4.649825e+00    3.671354e-03
    4.965923e-03    4.671305e+00    3.686308e-03
    4.988845e-03    4.692884e+00    3.701348e-03
    5.011872e-03    4.714563e+00    3.716432e-03
    5.035006e-03    4.736342e+00    3.731560e-03
    5.058247e-03    4.758221e+00    3.747744e-03
    5.081594e-03    4.780202e+00    3.763009e-03
    5.105050e-03    4.802284e+00    3.778361e-03
    5.128614e-03    4.824468e+00    3.793801e-03
    5.152286e-03    4.846754e+00    3.809244e-03
    5.176068e-03    4.869144e+00    3.825728e-03
    5.199960e-03    4.891637e+00    3.841354e-03
    5.223962e-03    4.914234e+00    3.857069e-03
    5.248075e-03    4.936935e+00    3.872788e-03
    5.272299e-03    4.959741e+00    3.888641e-03
    5.296634e-03    4.982652e+00    3.905432e-03
    5.321083e-03    5.005669e+00    3.921384e-03
    5.345644e-03    5.028793e+00    3.937429e-03
    5.370318e-03    5.052023e+00    3.953522e-03
    5.395106e-03    5.075361e+00    3.969708e-03
    5.420009e-03    5.098806e+00    3.986857e-03
    5.445027e-03    5.122360e+00    4.003190e-03
    5.470160e-03    5.146023e+00    4.019573e-03
    5.495409e-03    5.169795e+00    4.036051e-03
    5.520774e-03    5.193676e+00    4.052579e-03
    5.546257e-03    5.217668e+00    4.070096e-03
    5.571857e-03    5.241771e+00    4.086729e-03
    5.597576e-03    5.265985e+00    4.103505e-03
    5.623413e-03    5.290311e+00    4.120332e-03
    5.649370e-03    5.314749e+00    4.137476e-03
    5.675446e-03    5.339300e+00    4.155106e-03
    5.701643e-03    5.363965e+00    4.172140e-03
    5.727960e-03    5.388743e+00    4.189226e-03
    5.754399e-03    5.413636e+00    4.206413e-03
    5.780960e-03    5.438644e+00    4.223652e-03
    5.807644e-03    5.463768e+00    4.241984e-03
    5.834451e-03    5.489007e+00    4.259286e-03
    5.861382e-03    5.514363e+00    4.276885e-03
    5.888437e-03    5.539837e+00    4.294442e-03
    5.915616e-03    5.565428e+00    4.312052e-03
    5.942922e-03    5.591137e+00    4.329766e-03
    5.970353e-03    5.616964e+00    4.348559e-03
    5.997911e-03    5.642912e+00    4.366390e-03
    6.025596e-03    5.668979e+00    4.384376e-03
    6.053409e-03    5.695166e+00    4.402368e-03
    6.081350e-03    5.721474e+00    4.420468e-03
    6.109420e-03    5.747904e+00    4.439624e-03
    6.137620e-03    5.774456e+00    4.457894e-03
    6.165950e-03    5.801131e+00    4.476273e-03
    6.194411e-03    5.827928e+00    4.494658e-03
    6.223003e-03    5.854850e+00    4.513154e-03
    6.251727e-03    5.881896e+00    4.532736e-03
    6.280584e-03    5.909067e+00    4.551407e-03
    6.309573e-03    5.936363e+00    4.570138e-03
    6.338697e-03    5.963786e+00    4.588982e-03
    6.367955e-03    5.991335e+00    4.607941e-03
    6.397348e-03    6.019011e+00    4.626906e-03
    6.426877e-03    6.046815e+00    4.646939e-03
    6.456542e-03    6.074748e+00    4.666140e-03
    6.486344e-03    6.102810e+00    4.685404e-03
    6.516284e-03    6.131001e+00    4.704731e-03
    6.546362e-03    6.159322e+00    4.724175e-03
    6.576578e-03    6.187775e+00    4.743661e-03
    6.606934e-03    6.216358e+00    4.764239e-03
    6.637431e-03    6.245074e+00    4.783992e-03
    6.668068e-03    6.273922e+00    4.803755e-03
    6.698846e-03    6.302904e+00    4.823583e-03
    6.729767e-03    6.332020e+00    4.843533e-03
    6.760830e-03    6.361269e+00    4.864616e-03
    6.792036e-03    6.390655e+00    4.884704e-03
    6.823387e-03    6.420175e+00    4.904975e-03
    6.854882e-03    6.449833e+00    4.925315e-03
    6.886523e-03    6.479627e+00    4.945722e-03
    6.918310e-03    6.509559e+00    4.966199e-03
    6.950243e-03    6.539629e+00    4.986745e-03
    6.982324e-03    6.569837e+00    5.008467e-03
    7.014553e-03    6.600186e+00    5.029277e-03
    7.046931e-03    6.630675e+00    5.050158e-03
    7.079458e-03    6.661304e+00    5.071111e-03
    7.112135e-03    6.692075e+00    5.092136e-03
    7.144963e-03    6.722988e+00    5.114370e-03
    7.177943e-03    6.754044e+00    5.135608e-03
    7.211075e-03    6.785243e+00    5.156980e-03
    7.244360e-03    6.816587e+00    5.178427e-03
    7.277798e-03    6.848075e+00    5.200012e-03
    7.311391e-03    6.879709e+00    5.221610e-03
    7.345139e-03    6.911488e+00    5.243409e-03
    7.379042e-03    6.943415e+00    5.266339e-03
    7.413102e-03    6.975489e+00    5.288300e-03
    7.447320e-03    7.007711e+00    5.310339e-03
    7.481695e-03    7.040082e+00    5.332457e-03
    7.516229e-03    7.072603e+00    5.354783e-03
    7.550922e-03    7.105273e+00    5.377190e-03
    7.585776e-03    7.138095e+00    5.400635e-03
    7.620790e-03    7.171068e+00    5.423211e-03
    7.655966e-03    7.204194e+00    5.445935e-03
    7.691304e-03    7.237472e+00    5.468743e-03
    7.726806e-03    7.270905e+00    5.491702e-03
    7.762471e-03    7.304491e+00    5.514679e-03
    7.798301e-03    7.338233e+00    5.538863e-03
    7.834296e-03    7.372131e+00    5.562085e-03
    7.870458e-03    7.406185e+00    5.585462e-03
    7.906786e-03    7.440397e+00    5.608927e-03
    7.943282e-03    7.474766e+00    5.632550e-03
    7.979947e-03    7.509294e+00    5.656263e-03
    8.016781e-03    7.543982e+00    5.680067e-03
    8.053784e-03    7.578830e+00    5.704987e-03
    8.090959e-03    7.613839e+00    5.729120e-03
    8.128305e-03    7.649010e+00    5.753207e-03
    8.165824e-03    7.684343e+00    5.777528e-03
    8.203515e-03    7.719840e+00    5.801945e-03
    8.241381e-03    7.755500e+00    5.826459e-03
    8.279422e-03    7.791325e+00    5.852197e-03
    8.317638e-03    7.827315e+00    5.876984e-03
    8.356030e-03    7.863472e+00    5.901869e-03
    8.394600e-03    7.899796e+00    5.926855e-03
    8.433348e-03    7.936288e+00    5.952015e-03
    8.472274e-03    7.972948e+00    5.977350e-03
    8.511380e-03    8.009777e+00    6.002790e-03
    8.550667e-03    8.046777e+00    6.029356e-03
    8.590135e-03    8.083947e+00    6.055085e-03
    8.629785e-03    8.121289e+00    6.080848e-03
    8.669619e-03    8.158804e+00    6.106793e-03
    8.709636e-03    8.196492e+00    6.132922e-03
    8.749838e-03    8.234354e+00    6.159087e-03
    8.790225e-03    8.272391e+00    6.186189e-03
    8.830799e-03    8.310603e+00    6.213039e-03
    8.871560e-03    8.348992e+00    6.239623e-03
    8.912509e-03    8.387559e+00    6.266399e-03
    8.953648e-03    8.426303e+00    6.293292e-03
    8.994976e-03    8.465227e+00    6.320381e-03
    9.036495e-03    8.504330e+00    6.347511e-03
    9.078205e-03    8.543614e+00    6.375931e-03
    9.120108e-03    8.583079e+00    6.403465e-03
    9.162205e-03    8.622727e+00    6.431124e-03
    9.204496e-03    8.662558e+00    6.458907e-03
    9.246982e-03    8.702572e+00    6.486816e-03
    9.289664e-03    8.742772e+00    6.515013e-03
    9.332543e-03    8.783157e+00    6.543341e-03
    9.375620e-03    8.823729e+00    6.572687e-03
    9.418896e-03    8.864488e+00    6.601283e-03
    9.462372e-03    8.905436e+00    6.630013e-03
    9.506048e-03    8.946573e+00    6.658878e-03
    9.549926e-03    8.987899e+00    6.688045e-03
    9.594006e-03    9.029417e+00    6.717186e-03
    9.638290e-03    9.071126e+00    6.747714e-03
    9.682779e-03    9.113028e+00    6.777310e-03
    9.727472e-03    9.155124e+00    6.807049e-03
    9.772372e-03    9.197414e+00    6.836934e-03
    9.817479e-03    9.239899e+00    6.866966e-03
    9.862795e-03    9.282580e+00    6.897232e-03
    9.908319e-03    9.325459e+00    6.927649e-03
    9.954054e-03    9.368536e+00    6.959423e-03
    1.000000e-02    9.411812e+00    6.990153e-03
    1.004616e-02    9.455287e+00    7.021126e-03
    1.009253e-02    9.498964e+00    7.052345e-03
    1.013911e-02    9.542842e+00    7.083638e-03
    1.018591e-02    9.586923e+00    7.115180e-03
    1.023293e-02    9.631207e+00    7.148039e-03
    1.028016e-02    9.675696e+00    7.179919e-03
    1.032761e-02    9.720391e+00    7.212056e-03
    1.037528e-02    9.765292e+00    7.244365e-03
    1.042317e-02    9.810400e+00    7.276938e-03
    1.047129e-02    9.855717e+00    7.310775e-03
    1.051962e-02    9.901243e+00    7.343615e-03
    1.056818e-02    9.946980e+00    7.376818e-03
    1.061696e-02    9.992927e+00    7.410112e-03
    1.066596e-02    1.003909e+01    7.443683e-03
    1.071519e-02    1.008546e+01    7.477442e-03
    1.076465e-02    1.013205e+01    7.512509e-03
    1.081434e-02    1.017885e+01    7.546749e-03
    1.086426e-02    1.022587e+01    7.581183e-03
    1.091440e-02    1.027310e+01    7.615909e-03
    1.096478e-02    1.032056e+01    7.650741e-03
    1.101539e-02    1.036823e+01    7.685776e-03
    1.106624e-02    1.041613e+01    7.722357e-03
    1.111732e-02    1.046424e+01    7.757906e-03
    1.116863e-02    1.051258e+01    7.793666e-03
    1.122018e-02    1.056114e+01    7.829834e-03
    1.127197e-02    1.060992e+01    7.866024e-03
    1.132400e-02    1.065893e+01    7.903708e-03
    1.137627e-02    1.070817e+01    7.940591e-03
    1.142878e-02    1.075763e+01    7.977650e-03
    1.148154e-02    1.080732e+01    8.014939e-03
    1.153453e-02    1.085725e+01    8.052559e-03
    1.158777e-02    1.090740e+01    8.091520e-03
    1.164126e-02    1.095778e+01    8.129619e-03
    1.169499e-02    1.100840e+01    8.168012e-03
    1.174898e-02    1.105925e+01    8.206650e-03
    1.180321e-02    1.111034e+01    8.246711e-03
    1.185769e-02    1.116166e+01    8.285906e-03
    1.191242e-02    1.121322e+01    8.325408e-03
    1.196741e-02    1.126501e+01    8.365221e-03
    1.202264e-02    1.131705e+01    8.405297e-03
    1.207814e-02    1.136933e+01    8.446737e-03
    1.213389e-02    1.142184e+01    8.487460e-03
    1.218990e-02    1.147460e+01    8.528405e-03
    1.224616e-02    1.152761e+01    8.569735e-03
    1.230269e-02    1.158086e+01    8.612038e-03
    1.235947e-02    1.163435e+01    8.654312e-03
    1.241652e-02    1.168809e+01    8.696559e-03
    1.247384e-02    1.174208e+01    8.739100e-03
    1.253141e-02    1.179632e+01    8.783129e-03
    1.258925e-02    1.185081e+01    8.826277e-03
    1.264736e-02    1.190556e+01    8.869841e-03
    1.270574e-02    1.196055e+01    8.913718e-03
    1.276439e-02    1.201580e+01    8.959118e-03
    1.282331e-02    1.207130e+01    9.003692e-03
    1.288250e-02    1.212707e+01    9.048591e-03
    1.294196e-02    1.218308e+01    9.093931e-03
    1.300170e-02    1.223936e+01    9.140722e-03
    1.306171e-02    1.229590e+01    9.186689e-03
    1.312200e-02    1.235270e+01    9.233110e-03
    1.318257e-02    1.240976e+01    9.279883e-03
    1.324342e-02    1.246708e+01    9.328201e-03
    1.330454e-02    1.252467e+01    9.375751e-03
    1.336596e-02    1.258252e+01    9.423723e-03
    1.342765e-02    1.264065e+01    9.472067e-03
    1.348963e-02    1.269904e+01    9.521939e-03
    1.355189e-02    1.275770e+01    9.571162e-03
    1.361445e-02    1.281663e+01    9.620715e-03
    1.367729e-02    1.287583e+01    9.671826e-03
    1.374042e-02    1.293531e+01    9.722293e-03
    1.380384e-02    1.299506e+01    9.773165e-03
    1.386756e-02    1.305509e+01    9.825569e-03
    1.393157e-02    1.311540e+01    9.877334e-03
    1.399587e-02    1.317598e+01    9.929581e-03
    1.406048e-02    1.323684e+01    9.983332e-03
    1.412538e-02    1.329799e+01    1.003651e-02
    1.419058e-02    1.335942e+01    1.009013e-02
    1.425608e-02    1.342113e+01    1.014529e-02
    1.432188e-02    1.348313e+01    1.019994e-02
    1.438799e-02    1.354541e+01    1.025500e-02
    1.445440e-02    1.360798e+01    1.031168e-02
    1.452112e-02    1.367084e+01    1.036775e-02
    1.458814e-02    1.373399e+01    1.042436e-02
    1.465548e-02    1.379743e+01    1.048257e-02
    1.472313e-02    1.386117e+01    1.054018e-02
    1.479108e-02    1.392519e+01    1.059947e-02
    1.485936e-02    1.398952e+01    1.065823e-02
    1.492794e-02    1.405414e+01    1.071751e-02
    1.499685e-02    1.411906e+01    1.077844e-02
    1.506607e-02    1.418428e+01    1.083880e-02
    1.513561e-02    1.424981e+01    1.090089e-02
    1.520548e-02    1.431563e+01    1.096247e-02
    1.527566e-02    1.438176e+01    1.102461e-02
    1.534617e-02    1.444820e+01    1.108847e-02
    1.541700e-02    1.451494e+01    1.115190e-02
    1.548817e-02    1.458199e+01    1.121693e-02
    1.555966e-02    1.464935e+01    1.128155e-02
    1.563148e-02    1.471702e+01    1.134684e-02
    1.570363e-02    1.478500e+01    1.141377e-02
    1.577611e-02    1.485330e+01    1.148030e-02
    1.584893e-02    1.492191e+01    1.154864e-02
    1.592209e-02    1.499084e+01    1.161651e-02
    1.599558e-02    1.506009e+01    1.168616e-02
    1.606941e-02    1.512966e+01    1.175542e-02
    1.614359e-02    1.519955e+01    1.182648e-02
    1.621810e-02    1.526976e+01    1.189717e-02
    1.629296e-02    1.534030e+01    1.196961e-02
    1.636817e-02    1.541116e+01    1.204178e-02
    1.644372e-02    1.548236e+01    1.211572e-02
    1.651962e-02    1.555388e+01    1.218939e-02
    1.659587e-02    1.562573e+01    1.226487e-02
    1.667247e-02    1.569791e+01    1.234011e-02
    1.674943e-02    1.577042e+01    1.241710e-02
    1.682674e-02    1.584327e+01    1.249394e-02
    1.690441e-02    1.591646e+01    1.257257e-02
    1.698244e-02    1.598999e+01    1.265200e-02
    1.706082e-02    1.606385e+01    1.273131e-02
    1.713957e-02    1.613806e+01    1.281244e-02
    1.721869e-02    1.621261e+01    1.289347e-02
    1.729816e-02    1.628750e+01    1.297636e-02
    1.737801e-02    1.636274e+01    1.305902e-02
    1.745822e-02    1.643833e+01    1.314379e-02
    1.753881e-02    1.651427e+01    1.322931e-02
    1.761976e-02    1.659056e+01    1.331484e-02
    1.770109e-02    1.666720e+01    1.340225e-02
    1.778279e-02    1.674419e+01    1.348953e-02
    1.786488e-02    1.682154e+01    1.357904e-02
    1.794734e-02    1.689925e+01    1.366942e-02
    1.803018e-02    1.697732e+01    1.375994e-02
    1.811340e-02    1.705575e+01    1.385207e-02
    1.819701e-02    1.713454e+01    1.394548e-02
    1.828100e-02    1.721369e+01    1.403894e-02
    1.836538e-02    1.729321e+01    1.413440e-02
    1.845015e-02    1.737310e+01    1.423105e-02
    1.853532e-02    1.745336e+01    1.432862e-02
    1.862087e-02    1.753398e+01    1.442645e-02
    1.870682e-02    1.761498e+01    1.452627e-02
    1.879317e-02    1.769636e+01    1.462728e-02
    1.887991e-02    1.777811e+01    1.472851e-02
    1.896706e-02    1.786024e+01    1.483180e-02
    1.905461e-02    1.794275e+01    1.493632e-02
    1.914256e-02    1.802564e+01    1.504203e-02
    1.923092e-02    1.810891e+01    1.514900e-02
    1.931968e-02    1.819257e+01    1.525622e-02
    1.940886e-02    1.827661e+01    1.536566e-02
    1.949845e-02    1.836104e+01    1.547642e-02
    1.958845e-02    1.844587e+01    1.558846e-02
    1.967886e-02    1.853108e+01    1.570187e-02
    1.976970e-02    1.861669e+01    1.581554e-02
    1.986095e-02    1.870269e+01    1.593159e-02
    1.995262e-02    1.878910e+01    1.604900e-02
    2.004472e-02    1.887590e+01    1.616786e-02
    2.013724e-02    1.896310e+01    1.628804e-02
    2.023019e-02    1.905071e+01    1.640978e-02
    2.032357e-02    1.913872e+01    1.653289e-02
    2.041738e-02    1.922713e+01    1.665746e-02
    2.051162e-02    1.931596e+01    1.678275e-02
    2.060630e-02    1.940520e+01    1.691037e-02
    2.070141e-02    1.949485e+01    1.703953e-02
    2.079697e-02    1.958491e+01    1.717038e-02
    2.089296e-02    1.967539e+01    1.730274e-02
    2.098940e-02    1.976629e+01    1.743669e-02
    2.108628e-02    1.985761e+01    1.757233e-02
    2.118361e-02    1.994935e+01    1.770963e-02
    2.128139e-02    2.004151e+01    1.784866e-02
    2.137962e-02    2.013410e+01    1.798940e-02
    2.147830e-02    2.022712e+01    1.813178e-02
    2.157744e-02    2.032057e+01    1.827606e-02
    2.167704e-02    2.041445e+01    1.842211e-02
    2.177710e-02    2.050876e+01    1.856996e-02
    2.187762e-02    2.060351e+01    1.871964e-02
    2.197860e-02    2.069870e+01    1.887148e-02
    2.208005e-02    2.079433e+01    1.902482e-02
    2.218196e-02    2.089040e+01    1.918097e-02
    2.228435e-02    2.098692e+01    1.933832e-02
    2.238721e-02    2.108388e+01    1.949771e-02
    2.249055e-02    2.118129e+01    1.965911e-02
    2.259436e-02    2.127915e+01    1.982253e-02
    2.269865e-02    2.137746e+01    1.998801e-02
    2.280342e-02    2.147623e+01    2.015574e-02
    2.290868e-02    2.157545e+01    2.032631e-02
    2.301442e-02    2.167513e+01    2.049823e-02
    2.312065e-02    2.177528e+01    2.067242e-02
    2.322737e-02    2.187588e+01    2.084883e-02
    2.333458e-02    2.197696e+01    2.102827e-02
    2.344229e-02    2.207850e+01    2.120922e-02
    2.355049e-02    2.218050e+01    2.139264e-02
    2.365920e-02    2.228298e+01    2.157827e-02
    2.376840e-02    2.238594e+01    2.176720e-02
    2.387811e-02    2.248937e+01    2.195780e-02
    2.398833e-02    2.259328e+01    2.215085e-02
    2.409905e-02    2.269767e+01    2.234717e-02
    2.421029e-02    2.280254e+01    2.254527e-02
    2.432204e-02    2.290789e+01    2.274594e-02
    2.443431e-02    2.301374e+01    2.295005e-02
    2.454709e-02    2.312007e+01    2.315606e-02
    2.466039e-02    2.322690e+01    2.336484e-02
    2.477422e-02    2.333422e+01    2.357709e-02
    2.488857e-02    2.344203e+01    2.379138e-02
    2.500345e-02    2.355035e+01    2.400914e-02
    2.511886e-02    2.365916e+01    2.422918e-02
    2.523481e-02    2.376848e+01    2.445291e-02
    2.535129e-02    2.387830e+01    2.467863e-02
    2.546830e-02    2.398864e+01    2.490821e-02
    2.558586e-02    2.409948e+01    2.514018e-02
    2.570396e-02    2.421083e+01    2.537549e-02
    2.582260e-02    2.432270e+01    2.561402e-02
    2.594179e-02    2.443509e+01    2.585598e-02
    2.606154e-02    2.454800e+01    2.610068e-02
    2.618183e-02    2.466143e+01    2.634918e-02
    2.630268e-02    2.477538e+01    2.660032e-02
    2.642409e-02    2.488987e+01    2.685555e-02
    2.654606e-02    2.500488e+01    2.711418e-02
    2.666859e-02    2.512042e+01    2.737570e-02
    2.679168e-02    2.523650e+01    2.764130e-02
    2.691535e-02    2.535311e+01    2.790997e-02
    2.703958e-02    2.547027e+01    2.818282e-02
    2.716439e-02    2.558797e+01    2.845933e-02
    2.728978e-02    2.570621e+01    2.873895e-02
    2.741574e-02    2.582500e+01    2.902303e-02
    2.754229e-02    2.594433e+01    2.931094e-02
    2.766942e-02    2.606422e+01    2.960267e-02
    2.779713e-02    2.618467e+01    2.989790e-02
    2.792544e-02    2.630567e+01    3.019771e-02
    2.805434e-02    2.642723e+01    3.050159e-02
    2.818383e-02    2.654936e+01    3.080952e-02
    2.831392e-02    2.667205e+01    3.112136e-02
    2.844461e-02    2.679530e+01    3.143766e-02
    2.857591e-02    2.691913e+01    3.175847e-02
    2.870781e-02    2.704353e+01    3.208364e-02
    2.884032e-02    2.716851e+01    3.241319e-02
    2.897344e-02    2.729407e+01    3.274730e-02
    2.910717e-02    2.742020e+01    3.308598e-02
    2.924152e-02    2.754692e+01    3.342902e-02
    2.937650e-02    2.767423e+01    3.377711e-02
    2.951209e-02    2.780212e+01    3.412997e-02
    2.964831e-02    2.793061e+01    3.448768e-02
    2.978516e-02    2.805969e+01    3.485030e-02
    2.992265e-02    2.818937e+01    3.521791e-02
    3.006076e-02    2.831965e+01    3.559063e-02
    3.019952e-02    2.845054e+01    3.596850e-02
    3.033891e-02    2.858203e+01    3.635157e-02
    3.047895e-02    2.871412e+01    3.673993e-02
    3.061963e-02    2.884683e+01    3.713371e-02
    3.076097e-02    2.898016e+01    3.753294e-02
    3.090295e-02    2.911410e+01    3.793769e-02
    3.104560e-02    2.924866e+01    3.834804e-02
    3.118890e-02    2.938384e+01    3.876414e-02
    3.133286e-02    2.951965e+01    3.918601e-02
    3.147748e-02    2.965609e+01    3.961384e-02
    3.162278e-02    2.979316e+01    4.004754e-02
    3.176874e-02    2.993087e+01    4.048722e-02
    3.191538e-02    3.006921e+01    4.093302e-02
    3.206269e-02    3.020820e+01    4.138508e-02
    3.221069e-02    3.034782e+01    4.184343e-02
    3.235937e-02    3.048810e+01    4.230822e-02
    3.250873e-02    3.062902e+01    4.277946e-02
    3.265878e-02    3.077060e+01    4.325734e-02
    3.280953e-02    3.091283e+01    4.374181e-02
    3.296097e-02    3.105572e+01    4.423314e-02
    3.311311e-02    3.119927e+01    4.473133e-02
    3.326596e-02    3.134349e+01    4.523641e-02
    3.341950e-02    3.148838e+01    4.574864e-02
    3.357376e-02    3.163393e+01    4.626804e-02
    3.372873e-02    3.178016e+01    4.679476e-02
    3.388442e-02    3.192707e+01    4.732887e-02
    3.404082e-02    3.207466e+01    4.787036e-02
    3.419794e-02    3.222293e+01    4.841952e-02
    3.435579e-02    3.237189e+01    4.897646e-02
    3.451437e-02    3.252154e+01    4.954103e-02
    3.467369e-02    3.267189e+01    5.011373e-02
    3.483373e-02    3.282293e+01    5.069450e-02
    3.499452e-02    3.297467e+01    5.128322e-02
    3.515604e-02    3.312711e+01    5.188043e-02
    3.531832e-02    3.328026e+01    5.248608e-02
    3.548134e-02    3.343412e+01    5.309999e-02
    3.564511e-02    3.358869e+01    5.372283e-02
    3.580964e-02    3.374398e+01    5.435445e-02
    3.597493e-02    3.389999e+01    5.499468e-02
    3.614099e-02    3.405672e+01    5.564427e-02
    3.837411e-02    3.616497e+01    5.797967e-02
    3.927846e-02    3.701867e+01    6.167808e-02
    4.020444e-02    3.789287e+01    6.564747e-02
    4.115257e-02    3.878808e+01    6.990791e-02
    4.212340e-02    3.970484e+01    7.448088e-02
    4.311750e-02    4.064368e+01    7.938942e-02
    4.413543e-02    4.160514e+01    8.465825e-02
    4.517780e-02    4.258981e+01    9.031387e-02
    4.624520e-02    4.359828e+01    9.638465e-02
    4.733825e-02    4.463112e+01    1.029010e-01
    4.845761e-02    4.568897e+01    1.098955e-01
    4.960391e-02    4.677247e+01    1.174033e-01
    5.077783e-02    4.788226e+01    1.254616e-01
    5.198008e-02    4.901902e+01    1.341105e-01
    5.321135e-02    5.018343e+01    1.433933e-01
    5.447236e-02    5.137620e+01    1.533557e-01
    5.576388e-02    5.259807e+01    1.640472e-01
    5.708666e-02    5.384978e+01    1.755207e-01
    5.844149e-02    5.513210e+01    1.878327e-01
    5.982919e-02    5.644583e+01    2.010441e-01
    6.125058e-02    5.779179e+01    2.152196e-01
    6.270652e-02    5.917080e+01    2.304288e-01
    6.419787e-02    6.058374e+01    2.467466e-01
    6.572555e-02    6.203150e+01    2.642525e-01
    6.729048e-02    6.351497e+01    2.830320e-01
    6.889361e-02    6.503514e+01    3.031770e-01
    7.053590e-02    6.659294e+01    3.247855e-01
    7.221837e-02    6.818937e+01    3.479625e-01
    7.394205e-02    6.982547e+01    3.728207e-01
    7.570797e-02    7.150231e+01    3.994804e-01
    7.751725e-02    7.322096e+01    4.280710e-01
    7.937099e-02    7.498256e+01    4.587306e-01
    8.127033e-02    7.678826e+01    4.916074e-01
    8.321647e-02    7.863925e+01    5.268601e-01
    8.521061e-02    8.053677e+01    5.646587e-01
    8.725398e-02    8.248208e+01    6.051849e-01
    8.934788e-02    8.447651e+01    6.486339e-01
    9.149361e-02    8.652138e+01    6.952144e-01
    9.369253e-02    8.861809e+01    7.451502e-01
    9.594602e-02    9.076809e+01    7.986807e-01
    9.825550e-02    9.297284e+01    8.560629e-01
    1.006224e-01    9.523388e+01    9.175714e-01
    1.030484e-01    9.755279e+01    9.835011e-01
    1.055348e-01    9.993118e+01    1.054167e+00
    1.068012e-01    1.011433e+02    1.091381e+00
    1.080834e-01    1.023708e+02    1.129908e+00
    1.093814e-01    1.036140e+02    1.169794e+00
    1.106956e-01    1.048733e+02    1.211086e+00
    1.120262e-01    1.061487e+02    1.253833e+00
    1.133733e-01    1.074404e+02    1.298088e+00
    1.147373e-01    1.087489e+02    1.343902e+00
    1.161181e-01    1.100741e+02    1.391331e+00
    1.175163e-01    1.114166e+02    1.440430e+00
    1.189320e-01    1.127764e+02    1.491259e+00
    1.203653e-01    1.141538e+02    1.543878e+00
    1.218165e-01    1.155491e+02    1.598351e+00
    1.232858e-01    1.169625e+02    1.654742e+00
    1.247735e-01    1.183942e+02    1.713118e+00
    1.262800e-01    1.198446e+02    1.773550e+00
    1.278053e-01    1.213140e+02    1.836107e+00
    1.293497e-01    1.228026e+02    1.900867e+00
    1.309134e-01    1.243106e+02    1.967907e+00
    1.324969e-01    1.258383e+02    2.037305e+00
    1.341055e-01    1.273912e+02    2.108920e+00
    1.357434e-01    1.289734e+02    2.182675e+00
    1.374071e-01    1.305812e+02    2.258844e+00
    1.390956e-01    1.322142e+02    2.337574e+00
    1.408089e-01    1.338720e+02    2.418992e+00
    1.425468e-01    1.355547e+02    2.503217e+00
    1.443094e-01    1.372623e+02    2.590371e+00
    1.460969e-01    1.389952e+02    2.680575e+00
    1.479095e-01    1.407534e+02    2.773952e+00
    1.497472e-01    1.425373e+02    2.870627e+00
    1.516104e-01    1.443471e+02    2.970730e+00
    1.534993e-01    1.461832e+02    3.074396e+00
    1.554141e-01    1.480458e+02    3.181761e+00
    1.573554e-01    1.499354e+02    3.292968e+00
    1.593230e-01    1.518522e+02    3.408164e+00
    1.613176e-01    1.537967e+02    3.527501e+00
    1.633394e-01    1.557692e+02    3.651137e+00
    1.653886e-01    1.577700e+02    3.779234e+00
    1.674657e-01    1.597998e+02    3.911961e+00
    1.695709e-01    1.618586e+02    4.049493e+00
    1.717047e-01    1.639472e+02    4.192011e+00
    1.738674e-01    1.660659e+02    4.339703e+00
    1.760593e-01    1.682151e+02    4.492762e+00
    1.782807e-01    1.703952e+02    4.651390e+00
    1.805321e-01    1.726068e+02    4.815797e+00
    1.828138e-01    1.748504e+02    4.986197e+00
    1.851264e-01    1.771263e+02    5.162815e+00
    1.874700e-01    1.794351e+02    5.345885e+00
    1.898450e-01    1.817774e+02    5.535645e+00
    1.922521e-01    1.841535e+02    5.732346e+00
    1.946915e-01    1.865641e+02    5.936246e+00
    1.971636e-01    1.890098e+02    6.147615e+00
    1.996688e-01    1.914909e+02    6.366729e+00
    2.022077e-01    1.940082e+02    6.593876e+00
    2.047806e-01    1.965621e+02    6.829355e+00
    2.073879e-01    1.991533e+02    7.073476e+00
    2.100302e-01    2.017823e+02    7.326559e+00
    2.127079e-01    2.044499e+02    7.588938e+00
    2.154212e-01    2.071565e+02    7.860955e+00
    2.181709e-01    2.099029e+02    8.142969e+00
    2.209574e-01    2.126896e+02    8.435350e+00
    2.237811e-01    2.155174e+02    8.738481e+00
    2.266425e-01    2.183869e+02    9.052760e+00
    2.295422e-01    2.212988e+02    9.378598e+00
    2.324805e-01    2.242537e+02    9.716424e+00
    2.354580e-01    2.272526e+02    1.006668e+01
    2.384752e-01    2.302959e+02    1.042982e+01
    2.415327e-01    2.333846e+02    1.080633e+01
    2.446308e-01    2.365193e+02    1.119670e+01
    2.477703e-01    2.397010e+02    1.160142e+01
    2.509516e-01    2.429302e+02    1.202105e+01
    2.541752e-01    2.462080e+02    1.245611e+01
    2.574416e-01    2.495351e+02    1.290719e+01
    2.607516e-01    2.529123e+02    1.337488e+01
    2.641056e-01    2.563406e+02    1.385976e+01
    2.675041e-01    2.598207e+02    1.436249e+01
    2.709478e-01    2.633537e+02    1.488371e+01
    2.744372e-01    2.669405e+02    1.542412e+01
    2.779730e-01    2.705820e+02    1.598439e+01
    2.815558e-01    2.742793e+02    1.656527e+01
    2.851860e-01    2.780331e+02    1.716751e+01
    2.888644e-01    2.818447e+02    1.779188e+01
    2.925916e-01    2.857150e+02    1.843921e+01
    2.963681e-01    2.896451e+02    1.911031e+01
    3.001948e-01    2.936361e+02    1.980608e+01
    3.040720e-01    2.976892e+02    2.052739e+01
    3.080007e-01    3.018053e+02    2.127519e+01
    3.119813e-01    3.059858e+02    2.205044e+01
    3.160146e-01    3.102318e+02    2.285415e+01
    3.201012e-01    3.145445e+02    2.368732e+01
    3.242419e-01    3.189252e+02    2.455107e+01
    3.284372e-01    3.233752e+02    2.544647e+01
    3.326879e-01    3.278957e+02    2.637470e+01
    3.369948e-01    3.324881e+02    2.733693e+01
    3.413585e-01    3.371538e+02    2.833439e+01
    3.457798e-01    3.418943e+02    2.936838e+01
    3.502593e-01    3.467109e+02    3.044020e+01
    3.547979e-01    3.516052e+02    3.155123e+01
    3.593964e-01    3.565785e+02    3.270289e+01
    3.640554e-01    3.616326e+02    3.389663e+01
    3.687757e-01    3.667688e+02    3.513399e+01
    3.735581e-01    3.719891e+02    3.641653e+01
    3.784033e-01    3.772950e+02    3.774589e+01
    3.833123e-01    3.826881e+02    3.912375e+01
    3.882859e-01    3.881703e+02    4.055186e+01
    3.933247e-01    3.937434e+02    4.203201e+01
    3.984297e-01    3.994092e+02    4.356610e+01
    4.036016e-01    4.051696e+02    4.515605e+01
    4.088413e-01    4.110266e+02    4.680386e+01
    4.141497e-01    4.169821e+02    4.851161e+01
    4.195278e-01    4.230383e+02    5.028146e+01
    4.249762e-01    4.291971e+02    5.211561e+01
    4.304959e-01    4.354608e+02    5.401639e+01
    4.360879e-01    4.418316e+02    5.598614e+01
    4.417530e-01    4.483118e+02    5.802737e+01
    4.474921e-01    4.549036e+02    6.014261e+01
    4.533061e-01    4.616095e+02    6.233449e+01
    4.591962e-01    4.684319e+02    6.460577e+01
    4.651630e-01    4.753734e+02    6.695924e+01
    4.712076e-01    4.824366e+02    6.939786e+01
    4.773311e-01    4.896240e+02    7.192463e+01
    4.835343e-01    4.969387e+02    7.454270e+01
    4.898183e-01    5.043831e+02    7.725530e+01
    4.961841e-01    5.119603e+02    8.006580e+01
    5.026326e-01    5.196732e+02    8.297764e+01
    5.091651e-01    5.275250e+02    8.599443e+01
    5.157823e-01    5.355186e+02    8.911988e+01
    5.224855e-01    5.436574e+02    9.235783e+01
    5.292757e-01    5.519446e+02    9.571226e+01
    5.361539e-01    5.603836e+02    9.918727e+01
    5.431214e-01    5.689781e+02    1.027871e+02
    5.501790e-01    5.777315e+02    1.065162e+02
    5.573280e-01    5.866476e+02    1.103791e+02
    5.645697e-01    5.957300e+02    1.143805e+02
    5.719049e-01    6.049829e+02    1.185252e+02
    5.793349e-01    6.144102e+02    1.228183e+02
    5.868608e-01    6.240160e+02    1.272650e+02
    5.944840e-01    6.338045e+02    1.318707e+02
    6.022054e-01    6.437802e+02    1.366409e+02
    6.100265e-01    6.539477e+02    1.415816e+02
    6.179483e-01    6.643114e+02    1.466984e+02
    6.259721e-01    6.748761e+02    1.519977e+02
    6.340992e-01    6.856469e+02    1.574858e+02
    6.423307e-01    6.966286e+02    1.631693e+02
    6.506682e-01    7.078266e+02    1.690550e+02
    6.591126e-01    7.192461e+02    1.751499e+02
    6.676656e-01    7.308928e+02    1.814613e+02
    6.763282e-01    7.427722e+02    1.879968e+02
    6.851018e-01    7.548901e+02    1.947641e+02
    6.939879e-01    7.672526e+02    2.017713e+02
    7.029877e-01    7.798659e+02    2.090266e+02
    7.121027e-01    7.927363e+02    2.165388e+02
    7.213343e-01    8.058703e+02    2.243166e+02
    7.306837e-01    8.192748e+02    2.323693e+02
    7.401527e-01    8.329566e+02    2.407064e+02
    7.497424e-01    8.469229e+02    2.493376e+02
    7.594545e-01    8.611811e+02    2.582731e+02
    7.692902e-01    8.757387e+02    2.675234e+02
    7.792513e-01    8.906037e+02    2.770995e+02
    7.893392e-01    9.057839e+02    2.870122e+02
    7.995553e-01    9.212877e+02    2.972736e+02
    8.099014e-01    9.371236e+02    3.078952e+02
    8.203787e-01    9.533006e+02    3.188897e+02
    8.309891e-01    9.698274e+02    3.302696e+02
    8.417341e-01    9.867137e+02    3.420483e+02
    8.526151e-01    1.003969e+03    3.542394e+02
    8.636342e-01    1.021603e+03    3.668571e+02
    8.747926e-01    1.039625e+03    3.799157e+02
    8.860921e-01    1.058049e+03    3.934305e+02
    8.975344e-01    1.076881e+03    4.074169e+02
    9.091214e-01    1.096135e+03    4.218910e+02
    9.208544e-01    1.115823e+03    4.368696e+02
    9.327355e-01    1.135956e+03    4.523695e+02
    9.447663e-01    1.156545e+03    4.684087e+02
    9.569487e-01    1.177605e+03    4.850054e+02
    9.692843e-01    1.199146e+03    5.021785e+02
    9.817750e-01    1.221184e+03    5.199476e+02
    9.944227e-01    1.243732e+03    5.383329e+02
    1.007229e+00    1.266804e+03    5.573551e+02
    1.020196e+00    1.290414e+03    5.770357e+02
    1.033326e+00    1.314578e+03    5.973972e+02
    1.046621e+00    1.339310e+03    6.184623e+02
    1.060082e+00    1.364629e+03    6.402549e+02
    1.073711e+00    1.390549e+03    6.627994e+02
    1.087510e+00    1.417088e+03    6.861211e+02
    1.101482e+00    1.444263e+03    7.102461e+02
    1.115629e+00    1.472092e+03    7.352015e+02
    1.129951e+00    1.500595e+03    7.610150e+02
    1.144453e+00    1.529789e+03    7.877156e+02
    1.159135e+00    1.559695e+03    8.153328e+02
    1.173999e+00    1.590334e+03    8.438973e+02
    1.189049e+00    1.621727e+03    8.734409e+02
    1.204285e+00    1.653894e+03    9.039961e+02
    1.219711e+00    1.686859e+03    9.355968e+02
    1.235328e+00    1.720645e+03    9.682779e+02
    1.251139e+00    1.755273e+03    1.002075e+03
    1.267145e+00    1.790772e+03    1.037026e+03
    1.283350e+00    1.827164e+03    1.073169e+03
    1.299755e+00    1.864476e+03    1.110543e+03
    1.316362e+00    1.902734e+03    1.149190e+03
    1.333176e+00    1.941968e+03    1.189150e+03
    1.350196e+00    1.982204e+03    1.230470e+03
    1.367427e+00    2.023472e+03    1.273192e+03
    1.384869e+00    2.065803e+03    1.317363e+03
    1.402525e+00    2.109227e+03    1.363032e+03
    1.420400e+00    2.153778e+03    1.410247e+03
    1.438494e+00    2.199486e+03    1.459061e+03
    1.456810e+00    2.246390e+03    1.509524e+03
    1.475351e+00    2.294521e+03    1.561692e+03
    1.494120e+00    2.343916e+03    1.615621e+03
    1.513118e+00    2.394615e+03    1.671369e+03
    1.532348e+00    2.446654e+03    1.728994e+03
    1.551814e+00    2.500073e+03    1.788560e+03
    1.571517e+00    2.554915e+03    1.850130e+03
    1.591461e+00    2.611221e+03    1.913767e+03
