    1.000000e-07    9.306141e-05    2.133848e-08
    1.023293e-07    9.522959e-05    2.201378e-08
    1.047129e-07    9.744829e-05    2.270966e-08
    1.071519e-07    9.971869e-05    2.342792e-08
    1.096478e-07    1.020420e-04    2.416579e-08
    1.122018e-07    1.044194e-04    2.493198e-08
    1.148154e-07    1.068523e-04    2.571675e-08
    1.174898e-07    1.093418e-04    2.652915e-08
    1.202264e-07    1.118893e-04    2.736627e-08
    1.230269e-07    1.144962e-04    2.823029e-08
    1.258925e-07    1.171638e-04    2.911786e-08
    1.288250e-07    1.198936e-04    3.003807e-08
    1.318257e-07    1.226870e-04    3.098340e-08
    1.348963e-07    1.255455e-04    3.196054e-08
    1.380384e-07    1.284706e-04    3.296429e-08
    1.412538e-07    1.314638e-04    3.400334e-08
    1.445440e-07    1.345268e-04    3.507397e-08
    1.479108e-07    1.376612e-04    3.617894e-08
    1.513561e-07    1.408685e-04    3.731398e-08
    1.548817e-07    1.441507e-04    3.848434e-08
    1.584893e-07    1.475093e-04    3.969583e-08
    1.621810e-07    1.509462e-04    4.094028e-08
    1.659587e-07    1.544631e-04    4.222845e-08
    1.698244e-07    1.580620e-04    4.355164e-08
    1.737801e-07    1.617448e-04    4.492132e-08
    1.778279e-07    1.655134e-04    4.632822e-08
    1.819701e-07    1.693698e-04    4.777885e-08
    1.862087e-07    1.733160e-04    4.928042e-08
    1.905461e-07    1.773543e-04    5.082278e-08
    1.949845e-07    1.814866e-04    5.241438e-08
    1.995262e-07    1.857152e-04    5.405409e-08
    2.041738e-07    1.900423e-04    5.574473e-08
    2.089296e-07    1.944703e-04    5.749469e-08
    2.137962e-07    1.990014e-04    5.929216e-08
    2.187762e-07    2.036382e-04    6.114698e-08
    2.238721e-07    2.083830e-04    6.305782e-08
    2.290868e-07    2.132383e-04    6.502797e-08
    2.344229e-07    2.182068e-04    6.706095e-08
    2.398833e-07    2.232911e-04    6.915533e-08
    2.454709e-07    2.284939e-04    7.131468e-08
    2.511886e-07    2.338179e-04    7.354286e-08
    2.570396e-07    2.392659e-04    7.583831e-08
    2.630268e-07    2.448409e-04    7.820495e-08
    2.691535e-07    2.505459e-04    8.064701e-08
    2.754229e-07    2.563837e-04    8.316276e-08
    2.818383e-07    2.623576e-04    8.574848e-08
    2.884032e-07    2.684708e-04    8.842460e-08
    2.951209e-07    2.747264e-04    9.118146e-08
    3.019952e-07    2.811277e-04    9.401496e-08
    3.090295e-07    2.876782e-04    9.694749e-08
    3.162278e-07    2.943814e-04    9.996847e-08
    3.235937e-07    3.012408e-04    1.030734e-07
    3.311311e-07    3.082600e-04    1.062868e-07
    3.388442e-07    3.154429e-04    1.095971e-07
    3.467369e-07    3.227931e-04    1.129994e-07
    3.548134e-07    3.303146e-04    1.165066e-07
    3.630781e-07    3.380113e-04    1.201364e-07
    3.715352e-07    3.458875e-04    1.238642e-07
    3.801894e-07    3.539472e-04    1.277187e-07
    3.890451e-07    3.621947e-04    1.316803e-07
    3.981072e-07    3.706344e-04    1.357803e-07
    4.073803e-07    3.792708e-04    1.399907e-07
    4.168694e-07    3.881084e-04    1.443310e-07
    4.265795e-07    3.971521e-04    1.488053e-07
    4.365158e-07    4.064064e-04    1.534213e-07
    4.466836e-07    4.158765e-04    1.581759e-07
    4.570882e-07    4.255672e-04    1.630772e-07
    4.677351e-07    4.354838e-04    1.681296e-07
    4.786301e-07    4.456315e-04    1.733378e-07
    4.897788e-07    4.560157e-04    1.787278e-07
    5.011872e-07    4.666419e-04    1.842455e-07
    5.128614e-07    4.775158e-04    1.899507e-07
    5.248075e-07    4.886431e-04    1.958317e-07
    5.370318e-07    5.000296e-04    2.018940e-07
    5.495409e-07    5.116816e-04    2.081235e-07
    5.623413e-07    5.236051e-04    2.145901e-07
    5.754399e-07    5.358065e-04    2.212098e-07
    5.888437e-07    5.482923e-04    2.280542e-07
    6.025596e-07    5.610691e-04    2.350874e-07
    6.165950e-07    5.741436e-04    2.423594e-07
    6.309573e-07    5.875229e-04    2.498320e-07
    6.456542e-07    6.012140e-04    2.575583e-07
    6.606934e-07    6.152241e-04    2.654976e-07
    6.760830e-07    6.295608e-04    2.737064e-07
    6.918310e-07    6.442317e-04    2.821750e-07
    7.079458e-07    6.592444e-04    2.908701e-07
    7.244360e-07    6.746071e-04    2.998321e-07
    7.413102e-07    6.903278e-04    3.090692e-07
    7.585776e-07    7.064149e-04    3.186200e-07
    7.762471e-07    7.228770e-04    3.284338e-07
    7.943282e-07    7.397227e-04    3.385488e-07
    8.128305e-07    7.569611e-04    3.489742e-07
    8.317638e-07    7.746012e-04    3.597195e-07
    8.511380e-07    7.926525e-04    3.707946e-07
    8.709636e-07    8.111245e-04    3.822095e-07
    8.912509e-07    8.300271e-04    3.939746e-07
    9.120108e-07    8.493702e-04    4.061006e-07
    9.332543e-07    8.691642e-04    4.185987e-07
    9.549926e-07    8.894196e-04    4.314392e-07
    9.772372e-07    9.101470e-04    4.447145e-07
    1.000000e-06    9.313576e-04    4.583970e-07
    1.023293e-06    9.530626e-04    4.724992e-07
    1.047129e-06    9.752734e-04    4.869876e-07
    1.071519e-06    9.980020e-04    5.019666e-07
    1.096478e-06    1.021260e-03    5.173557e-07
    1.122018e-06    1.045061e-03    5.332024e-07
    1.148154e-06    1.069416e-03    5.495986e-07
    1.174898e-06    1.094339e-03    5.664435e-07
    1.202264e-06    1.119843e-03    5.838588e-07
    1.230269e-06    1.145941e-03    6.017507e-07
    1.258925e-06    1.172648e-03    6.201893e-07
    1.288250e-06    1.199977e-03    6.392523e-07
    1.318257e-06    1.227943e-03    6.588367e-07
    1.348963e-06    1.256561e-03    6.790196e-07
    1.380384e-06    1.285846e-03    6.997355e-07
    1.412538e-06    1.315814e-03    7.212357e-07
    1.445440e-06    1.346480e-03    7.433247e-07
    1.479108e-06    1.377861e-03    7.660885e-07
    1.513561e-06    1.409974e-03    7.895476e-07
    1.548817e-06    1.442835e-03    8.136260e-07
    1.584893e-06    1.476463e-03    8.385370e-07
    1.621810e-06    1.510874e-03    8.642088e-07
    1.659587e-06    1.546087e-03    8.905792e-07
    1.698244e-06    1.582121e-03    9.178403e-07
    1.737801e-06    1.618995e-03    9.458207e-07
    1.778279e-06    1.656729e-03    9.747686e-07
    1.819701e-06    1.695342e-03    1.004552e-06
    1.862087e-06    1.734855e-03    1.035120e-06
    1.905461e-06    1.775290e-03    1.066794e-06
    1.949845e-06    1.816667e-03    1.099330e-06
    1.995262e-06    1.859008e-03    1.132964e-06
    2.041738e-06    1.902337e-03    1.167486e-06
    2.089296e-06    1.946676e-03    1.203085e-06
    2.137962e-06    1.992048e-03    1.239767e-06
    2.187762e-06    2.038478e-03    1.277536e-06
    2.238721e-06    2.085991e-03    1.316483e-06
    2.290868e-06    2.134611e-03    1.356452e-06
    2.344229e-06    2.184364e-03    1.397935e-06
    2.398833e-06    2.235278e-03    1.440544e-06
    2.454709e-06    2.287378e-03    1.484272e-06
    2.511886e-06    2.340693e-03    1.529507e-06
    2.570396e-06    2.395251e-03    1.575929e-06
    2.630268e-06    2.451081e-03    1.623949e-06
    2.691535e-06    2.508213e-03    1.673231e-06
    2.754229e-06    2.566676e-03    1.724213e-06
    2.818383e-06    2.626502e-03    1.776573e-06
    2.884032e-06    2.687724e-03    1.830477e-06
    2.951209e-06    2.750372e-03    1.886239e-06
    3.019952e-06    2.814481e-03    1.943464e-06
    3.090295e-06    2.880085e-03    2.002421e-06
    3.162278e-06    2.947218e-03    2.063211e-06
    3.235937e-06    3.015916e-03    2.125794e-06
    3.311311e-06    3.086216e-03    2.190322e-06
    3.388442e-06    3.158156e-03    2.256752e-06
    3.467369e-06    3.231772e-03    2.325247e-06
    3.548134e-06    3.307105e-03    2.395528e-06
    3.630781e-06    3.384194e-03    2.468468e-06
    3.715352e-06    3.463080e-03    2.543070e-06
    3.801894e-06    3.543806e-03    2.619922e-06
    3.890451e-06    3.626414e-03    2.699417e-06
    3.981072e-06    3.710948e-03    2.780984e-06
    4.073803e-06    3.797452e-03    2.865287e-06
    4.168694e-06    3.885974e-03    2.951924e-06
    4.265795e-06    3.976560e-03    3.041106e-06
    4.365158e-06    4.069258e-03    3.132978e-06
    4.466836e-06    4.164118e-03    3.227620e-06
    4.570882e-06    4.261189e-03    3.325518e-06
    4.677351e-06    4.360523e-03    3.425966e-06
    4.786301e-06    4.462174e-03    3.529095e-06
    4.897788e-06    4.566195e-03    3.635680e-06
    5.011872e-06    4.672641e-03    3.745564e-06
    5.128614e-06    4.781570e-03    3.858675e-06
    5.248075e-06    4.893038e-03    3.975196e-06
    5.370318e-06    5.007106e-03    4.094825e-06
    5.495409e-06    5.123833e-03    4.218256e-06
    5.623413e-06    5.243283e-03    4.345391e-06
    5.754399e-06    5.365517e-03    4.476684e-06
    5.888437e-06    5.490602e-03    4.611376e-06
    6.025596e-06    5.618604e-03    4.750112e-06
    6.165950e-06    5.749591e-03    4.893016e-06
    6.309573e-06    5.883632e-03    5.040210e-06
    6.456542e-06    6.020798e-03    5.191825e-06
    6.606934e-06    6.161164e-03    5.347992e-06
    6.760830e-06    6.304802e-03    5.508849e-06
    6.918310e-06    6.451790e-03    5.674535e-06
    7.079458e-06    6.602206e-03    5.845195e-06
    7.244360e-06    6.756130e-03    6.020364e-06
    7.413102e-06    6.913643e-03    6.201407e-06
    7.585776e-06    7.074829e-03    6.387246e-06
    7.762471e-06    7.239774e-03    6.579301e-06
    7.943282e-06    7.408566e-03    6.776443e-06
    8.128305e-06    7.581294e-03    6.979481e-06
    8.317638e-06    7.758051e-03    7.188432e-06
    8.511380e-06    7.938929e-03    7.403791e-06
    8.709636e-06    8.124026e-03    7.625973e-06
    8.912509e-06    8.313439e-03    7.854811e-06
    9.120108e-06    8.507270e-03    8.089669e-06
    9.332543e-06    8.705621e-03    8.331557e-06
    9.549926e-06    8.908599e-03    8.580907e-06
    9.772372e-06    9.116310e-03    8.837455e-06
    1.000000e-05    9.328865e-03    9.101659e-06
    1.023293e-05    9.546378e-03    9.374220e-06
    1.047129e-05    9.768964e-03    9.653740e-06
    1.071519e-05    9.996741e-03    9.941797e-06
    1.096478e-05    1.022983e-02    1.023944e-05
    1.122018e-05    1.046836e-02    1.054471e-05
    1.148154e-05    1.071245e-02    1.085930e-05
    1.174898e-05    1.096223e-02    1.118325e-05
    1.202264e-05    1.121784e-02    1.151660e-05
    1.230269e-05    1.147940e-02    1.186013e-05
    1.258925e-05    1.174708e-02    1.221237e-05
    1.288250e-05    1.202099e-02    1.257657e-05
    1.318257e-05    1.230129e-02    1.295005e-05
    1.348963e-05    1.258813e-02    1.333624e-05
    1.380384e-05    1.288166e-02    1.373223e-05
    1.412538e-05    1.318204e-02    1.414170e-05
    1.445440e-05    1.348943e-02    1.456155e-05
    1.479108e-05    1.380398e-02    1.499417e-05
    1.513561e-05    1.412587e-02    1.543923e-05
    1.548817e-05    1.445527e-02    1.589786e-05
    1.584893e-05    1.479235e-02    1.636974e-05
    1.621810e-05    1.513730e-02    1.685559e-05
    1.659587e-05    1.549029e-02    1.735620e-05
    1.698244e-05    1.585152e-02    1.786942e-05
    1.737801e-05    1.622117e-02    1.839963e-05
    1.778279e-05    1.659945e-02    1.894404e-05
    1.819701e-05    1.698655e-02    1.950612e-05
    1.862087e-05    1.738268e-02    2.008276e-05
    1.905461e-05    1.778805e-02    2.067641e-05
    1.949845e-05    1.820287e-02    2.128757e-05
    1.995262e-05    1.862738e-02    2.191714e-05
    2.041738e-05    1.906178e-02    2.256488e-05
    2.089296e-05    1.950632e-02    2.323172e-05
    2.137962e-05    1.996123e-02    2.391572e-05
    2.187762e-05    2.042676e-02    2.462238e-05
    2.238721e-05    2.090314e-02    2.534713e-05
    2.290868e-05    2.139064e-02    2.609599e-05
    2.344229e-05    2.188951e-02    2.686409e-05
    2.398833e-05    2.240002e-02    2.765475e-05
    2.454709e-05    2.292244e-02    2.847150e-05
    2.511886e-05    2.345704e-02    2.930934e-05
    2.570396e-05    2.400412e-02    3.017177e-05
    2.630268e-05    2.456396e-02    3.105623e-05
    2.691535e-05    2.513687e-02    3.196992e-05
    2.754229e-05    2.572314e-02    3.291030e-05
    2.818383e-05    2.632309e-02    3.387839e-05
    2.884032e-05    2.693703e-02    3.487046e-05
    2.951209e-05    2.756530e-02    3.589223e-05
    3.019952e-05    2.820823e-02    3.694765e-05
    3.090295e-05    2.886616e-02    3.803011e-05
    3.162278e-05    2.953944e-02    3.914419e-05
    3.235937e-05    3.022843e-02    4.028998e-05
    3.311311e-05    3.093350e-02    4.146989e-05
    3.388442e-05    3.165501e-02    4.268214e-05
    3.467369e-05    3.239336e-02    4.392881e-05
    3.548134e-05    3.314894e-02    4.521495e-05
    3.630781e-05    3.392215e-02    4.653286e-05
    3.715352e-05    3.471340e-02    4.789003e-05
    3.801894e-05    3.552312e-02    4.928566e-05
    3.890451e-05    3.635173e-02    5.072811e-05
    3.981072e-05    3.719967e-02    5.220616e-05
    4.073803e-05    3.806740e-02    5.372822e-05
    4.168694e-05    3.895538e-02    5.528713e-05
    4.265795e-05    3.986407e-02    5.689870e-05
    4.365158e-05    4.079397e-02    5.855591e-05
    4.466836e-05    4.174558e-02    6.026214e-05
    4.570882e-05    4.271938e-02    6.201019e-05
    4.677351e-05    4.371592e-02    6.380876e-05
    4.786301e-05    4.473570e-02    6.565897e-05
    4.897788e-05    4.577929e-02    6.757173e-05
    5.011872e-05    4.684723e-02    6.952332e-05
    5.128614e-05    4.794009e-02    7.153858e-05
    5.248075e-05    4.905845e-02    7.361238e-05
    5.370318e-05    5.020291e-02    7.574607e-05
    5.495409e-05    5.137408e-02    7.793389e-05
    5.623413e-05    5.257259e-02    8.019234e-05
    5.754399e-05    5.379906e-02    8.250638e-05
    5.888437e-05    5.505416e-02    8.488735e-05
    6.025596e-05    5.633855e-02    8.733673e-05
    6.165950e-05    5.765291e-02    8.985600e-05
    6.309573e-05    5.899795e-02    9.244811e-05
    6.456542e-05    6.037438e-02    9.511415e-05
    6.606934e-05    6.178293e-02    9.785726e-05
    6.760830e-05    6.322436e-02    1.006678e-04
    6.918310e-05    6.469943e-02    1.035678e-04
    7.079458e-05    6.620893e-02    1.065416e-04
    7.244360e-05    6.775366e-02    1.095997e-04
    7.413102e-05    6.933445e-02    1.127458e-04
    7.585776e-05    7.095213e-02    1.159810e-04
    7.762471e-05    7.260756e-02    1.193071e-04
    7.943282e-05    7.430164e-02    1.227304e-04
    8.128305e-05    7.603526e-02    1.262507e-04
    8.317638e-05    7.780934e-02    1.298549e-04
    8.511380e-05    7.962483e-02    1.335784e-04
    8.709636e-05    8.148270e-02    1.373933e-04
    8.912509e-05    8.338393e-02    1.413129e-04
    9.120108e-05    8.532955e-02    1.453474e-04
    9.332543e-05    8.732057e-02    1.494926e-04
    9.549926e-05    8.935808e-02    1.537592e-04
    9.772372e-05    9.144314e-02    1.581429e-04
    1.000000e-04    9.357687e-02    1.626351e-04
    1.023293e-04    9.576041e-02    1.672714e-04
    1.047129e-04    9.799493e-02    1.720180e-04
    1.071519e-04    1.002816e-01    1.769028e-04
    1.096478e-04    1.026217e-01    1.819209e-04
    1.122018e-04    1.050163e-01    1.870816e-04
    1.148154e-04    1.074669e-01    1.923901e-04
    1.174898e-04    1.099747e-01    1.978445e-04
    1.202264e-04    1.125410e-01    2.034539e-04
    1.230269e-04    1.151673e-01    2.091952e-04
    1.258925e-04    1.178548e-01    2.150987e-04
    1.288250e-04    1.206051e-01    2.211964e-04
    1.318257e-04    1.234196e-01    2.274346e-04
    1.348963e-04    1.262998e-01    2.338491e-04
    1.380384e-04    1.292473e-01    2.404414e-04
    1.412538e-04    1.322635e-01    2.472181e-04
    1.445440e-04    1.353502e-01    2.541558e-04
    1.479108e-04    1.385090e-01    2.613160e-04
    1.513561e-04    1.417414e-01    2.686441e-04
    1.548817e-04    1.450494e-01    2.762114e-04
    1.584893e-04    1.484346e-01    2.839536e-04
    1.621810e-04    1.518988e-01    2.919058e-04
    1.659587e-04    1.554439e-01    3.000842e-04
    1.698244e-04    1.590718e-01    3.084922e-04
    1.737801e-04    1.627844e-01    3.170925e-04
    1.778279e-04    1.665836e-01    3.259701e-04
    1.819701e-04    1.704716e-01    3.350736e-04
    1.862087e-04    1.744503e-01    3.444258e-04
    1.905461e-04    1.785220e-01    3.540181e-04
    1.949845e-04    1.826887e-01    3.638750e-04
    1.995262e-04    1.869527e-01    3.740036e-04
    2.041738e-04    1.913162e-01    3.844046e-04
    2.089296e-04    1.957817e-01    3.950498e-04
    2.137962e-04    2.003514e-01    4.060338e-04
    2.187762e-04    2.050278e-01    4.172715e-04
    2.238721e-04    2.098134e-01    4.288707e-04
    2.290868e-04    2.147108e-01    4.407259e-04
    2.344229e-04    2.197225e-01    4.529132e-04
    2.398833e-04    2.248513e-01    4.654256e-04
    2.454709e-04    2.300937e-01    4.744369e-04
    2.511886e-04    2.354645e-01    4.874388e-04
    2.570396e-04    2.409608e-01    5.008652e-04
    2.630268e-04    2.465853e-01    5.145818e-04
    2.691535e-04    2.523414e-01    5.259156e-04
    2.754229e-04    2.582318e-01    5.334119e-04
    2.818383e-04    2.642597e-01    5.398619e-04
    2.884032e-04    2.704281e-01    5.461527e-04
    2.951209e-04    2.767404e-01    5.519737e-04
    3.019952e-04    2.831999e-01    5.581205e-04
    3.090295e-04    2.898100e-01    5.637981e-04
    3.162278e-04    2.965742e-01    5.695261e-04
    3.235937e-04    3.034961e-01    5.753451e-04
    3.311311e-04    3.105794e-01    5.806368e-04
    3.388442e-04    3.178278e-01    5.866627e-04
    3.467369e-04    3.252451e-01    5.927059e-04
    3.548134e-04    3.328354e-01    5.983396e-04
    3.630781e-04    3.406027e-01    6.045190e-04
    3.715352e-04    3.485510e-01    6.104572e-04
    3.801894e-04    3.566846e-01    6.164120e-04
    3.890451e-04    3.650078e-01    6.230389e-04
    3.981072e-04    3.735250e-01    6.292451e-04
    4.073803e-04    3.822408e-01    6.355943e-04
    4.168694e-04    3.911597e-01    6.425557e-04
    4.265795e-04    4.002866e-01    6.492668e-04
    4.365158e-04    4.096262e-01    6.560532e-04
    4.466836e-04    4.191836e-01    6.629888e-04
    4.570882e-04    4.289637e-01    6.706548e-04
    4.677351e-04    4.389718e-01    6.779263e-04
    4.786301e-04    4.492132e-01    6.853734e-04
    4.897788e-04    4.596934e-01    6.930357e-04
    5.011872e-04    4.704178e-01    7.014267e-04
    5.128614e-04    4.813923e-01    7.094425e-04
    5.248075e-04    4.926225e-01    7.176746e-04
    5.370318e-04    5.041146e-01    7.266688e-04
    5.495409e-04    5.158745e-01    7.353474e-04
    5.623413e-04    5.279086e-01    7.444628e-04
    5.754399e-04    5.402232e-01    7.539389e-04
    5.888437e-04    5.528249e-01    7.632827e-04
    6.025596e-04    5.657204e-01    7.734717e-04
    6.165950e-04    5.789165e-01    7.833448e-04
    6.309573e-04    5.924201e-01    7.940399e-04
    6.456542e-04    6.062386e-01    8.044952e-04
    6.606934e-04    6.203792e-01    8.157856e-04
    6.760830e-04    6.348495e-01    8.273807e-04
    6.918310e-04    6.496571e-01    8.387028e-04
    7.079458e-04    6.648098e-01    8.508956e-04
    7.244360e-04    6.803158e-01    8.634349e-04
    7.413102e-04    6.961833e-01    8.757277e-04
    7.585776e-04    7.124207e-01    8.889729e-04
    7.762471e-04    7.290366e-01    9.025673e-04
    7.943282e-04    7.460399e-01    9.165490e-04
    8.128305e-04    7.634396e-01    9.309113e-04
    8.317638e-04    7.812449e-01    9.450657e-04
    8.511380e-04    7.994653e-01    9.602247e-04
    8.709636e-04    8.181105e-01    9.758400e-04
    8.912509e-04    8.371903e-01    9.918790e-04
    9.120108e-04    8.567150e-01    1.008698e-03
    9.332543e-04    8.766948e-01    1.025916e-03
    9.549926e-04    8.971405e-01    1.043373e-03
    9.772372e-04    9.180628e-01    1.061299e-03
    1.000000e-03    9.394728e-01    1.079772e-03
    1.023293e-03    9.613821e-01    1.098894e-03
    1.047129e-03    9.838021e-01    1.118891e-03
    1.071519e-03    1.006745e+00    1.138995e-03
    1.096478e-03    1.030222e+00    1.160294e-03
    1.122018e-03    1.054247e+00    1.181577e-03
    1.148154e-03    1.078832e+00    1.203466e-03
    1.174898e-03    1.103991e+00    1.226646e-03
    1.202264e-03    1.129736e+00    1.250440e-03
    1.230269e-03    1.156081e+00    1.274288e-03
    1.258925e-03    1.183040e+00    1.299488e-03
    1.288250e-03    1.210628e+00    1.325418e-03
    1.318257e-03    1.238859e+00    1.351438e-03
    1.348963e-03    1.267748e+00    1.378857e-03
    1.380384e-03    1.297311e+00    1.407047e-03
    1.412538e-03    1.327563e+00    1.436115e-03
    1.445440e-03    1.358521e+00    1.465929e-03
    1.479108e-03    1.390200e+00    1.496680e-03
    1.513561e-03    1.422618e+00    1.528230e-03
    1.548817e-03    1.455792e+00    1.560779e-03
    1.584893e-03    1.489739e+00    1.594185e-03
    1.621810e-03    1.524478e+00    1.628611e-03
    1.659587e-03    1.560027e+00    1.664692e-03
    1.698244e-03    1.596405e+00    1.701088e-03
    1.737801e-03    1.633630e+00    1.738607e-03
    1.778279e-03    1.671724e+00    1.777777e-03
    1.819701e-03    1.710707e+00    1.817466e-03
    1.862087e-03    1.750598e+00    1.858691e-03
    1.905461e-03    1.791419e+00    1.900899e-03
    1.949845e-03    1.833192e+00    1.944745e-03
    1.995262e-03    1.875939e+00    1.989143e-03
    2.041738e-03    1.919683e+00    2.035521e-03
    2.089296e-03    1.964447e+00    2.082984e-03
    2.137962e-03    2.010255e+00    2.131537e-03
    2.187762e-03    2.057131e+00    2.181913e-03
    2.238721e-03    2.105100e+00    2.233728e-03
    2.290868e-03    2.154188e+00    2.286992e-03
    2.344229e-03    2.204420e+00    2.341780e-03
    2.398833e-03    2.255824e+00    2.398070e-03
    2.454709e-03    2.308427e+00    2.455937e-03
    2.511886e-03    2.362256e+00    2.515392e-03
    2.570396e-03    2.417340e+00    2.576514e-03
    2.630268e-03    2.473709e+00    2.639350e-03
    2.691535e-03    2.531392e+00    2.703912e-03
    2.754229e-03    2.590420e+00    2.770284e-03
    2.818383e-03    2.650825e+00    2.838398e-03
    2.884032e-03    2.712639e+00    2.909219e-03
    2.951209e-03    2.775894e+00    2.981137e-03
    3.019952e-03    2.840624e+00    3.055065e-03
    3.090295e-03    2.906864e+00    3.131745e-03
    3.162278e-03    2.974649e+00    3.209699e-03
    3.235937e-03    3.044014e+00    3.289825e-03
    3.311311e-03    3.114997e+00    3.372826e-03
    3.388442e-03    3.187635e+00    3.457249e-03
    3.467369e-03    3.261967e+00    3.544691e-03
    3.548134e-03    3.338033e+00    3.634520e-03
    3.630781e-03    3.415873e+00    3.725826e-03
    3.715352e-03    3.495527e+00    3.820433e-03
    3.801894e-03    3.577040e+00    3.916692e-03
    3.890451e-03    3.660454e+00    4.016198e-03
    3.981072e-03    3.745812e+00    4.118333e-03
    4.073803e-03    3.833162e+00    4.222287e-03
    4.092607e-03    3.850875e+00    4.243686e-03
    4.111497e-03    3.868669e+00    4.265242e-03
    4.130475e-03    3.886546e+00    4.286897e-03
    4.149540e-03    3.904506e+00    4.307878e-03
    4.168694e-03    3.922549e+00    4.329787e-03
    4.187936e-03    3.940675e+00    4.351736e-03
    4.207266e-03    3.958884e+00    4.373785e-03
    4.226686e-03    3.977178e+00    4.395206e-03
    4.246196e-03    3.995556e+00    4.417513e-03
    4.265795e-03    4.014020e+00    4.439921e-03
    4.285485e-03    4.032568e+00    4.462493e-03
    4.305266e-03    4.051203e+00    4.484301e-03
    4.325138e-03    4.069923e+00    4.507075e-03
    4.345102e-03    4.088730e+00    4.529951e-03
    4.365158e-03    4.107624e+00    4.552932e-03
    4.385307e-03    4.126606e+00    4.575258e-03
    4.405549e-03    4.145675e+00    4.598443e-03
    4.425884e-03    4.164832e+00    4.621797e-03
    4.446313e-03    4.184077e+00    4.645256e-03
    4.466836e-03    4.203412e+00    4.667982e-03
    4.487454e-03    4.222836e+00    4.691714e-03
    4.508167e-03    4.242349e+00    4.715425e-03
    4.528976e-03    4.261953e+00    4.739372e-03
    4.549881e-03    4.281648e+00    4.762903e-03
    4.570882e-03    4.301433e+00    4.786793e-03
    4.591980e-03    4.321310e+00    4.811062e-03
    4.613176e-03    4.341279e+00    4.835439e-03
    4.634469e-03    4.361340e+00    4.859249e-03
    4.655861e-03    4.381494e+00    4.883708e-03
    4.677351e-03    4.401741e+00    4.908546e-03
    4.698941e-03    4.422081e+00    4.933359e-03
    4.720630e-03    4.442516e+00    4.958420e-03
    4.742420e-03    4.463045e+00    4.982693e-03
    4.764310e-03    4.483669e+00    5.007906e-03
    4.786301e-03    4.504388e+00    5.033301e-03
    4.808393e-03    4.525202e+00    5.058809e-03
    4.830588e-03    4.546114e+00    5.083580e-03
    4.852885e-03    4.567121e+00    5.109312e-03
    4.875285e-03    4.588226e+00    5.135229e-03
    4.897788e-03    4.609428e+00    5.161262e-03
    4.920395e-03    4.630729e+00    5.187469e-03
    4.943107e-03    4.652127e+00    5.212803e-03
    4.965923e-03    4.673625e+00    5.239108e-03
    4.988845e-03    4.695222e+00    5.265675e-03
    5.011872e-03    4.716919e+00    5.292359e-03
    5.035006e-03    4.738716e+00    5.318196e-03
    5.058247e-03    4.760614e+00    5.345113e-03
    5.081594e-03    4.782613e+00    5.372150e-03
    5.105050e-03    4.804713e+00    5.399306e-03
    5.128614e-03    4.826916e+00    5.425743e-03
    5.152286e-03    4.849222e+00    5.453135e-03
    5.176068e-03    4.871630e+00    5.480647e-03
    5.199960e-03    4.894142e+00    5.508432e-03
    5.223962e-03    4.916758e+00    5.535712e-03
    5.248075e-03    4.939479e+00    5.563280e-03
    5.272299e-03    4.962304e+00    5.591429e-03
    5.296634e-03    4.985236e+00    5.619625e-03
    5.321083e-03    5.008273e+00    5.648079e-03
    5.345644e-03    5.031416e+00    5.675585e-03
    5.370318e-03    5.054667e+00    5.704148e-03
    5.395106e-03    5.078025e+00    5.732994e-03
    5.420009e-03    5.101491e+00    5.761888e-03
    5.445027e-03    5.125065e+00    5.790006e-03
    5.470160e-03    5.148748e+00    5.819227e-03
    5.495409e-03    5.172541e+00    5.848577e-03
    5.520774e-03    5.196444e+00    5.877973e-03
    5.546257e-03    5.220457e+00    5.906657e-03
    5.571857e-03    5.244581e+00    5.936468e-03
    5.597576e-03    5.268817e+00    5.966368e-03
    5.623413e-03    5.293164e+00    5.996357e-03
    5.649370e-03    5.317625e+00    6.026560e-03
    5.675446e-03    5.342198e+00    6.055945e-03
    5.701643e-03    5.366885e+00    6.086405e-03
    5.727960e-03    5.391685e+00    6.116997e-03
    5.754399e-03    5.416601e+00    6.147721e-03
    5.780960e-03    5.441632e+00    6.177694e-03
    5.807644e-03    5.466778e+00    6.208765e-03
    5.834451e-03    5.492040e+00    6.239928e-03
    5.861382e-03    5.517420e+00    6.271268e-03
    5.888437e-03    5.542916e+00    6.302744e-03
    5.915616e-03    5.568531e+00    6.333401e-03
    5.942922e-03    5.594263e+00    6.365187e-03
    5.970353e-03    5.620115e+00    6.397110e-03
    5.997911e-03    5.646086e+00    6.429169e-03
    6.025596e-03    5.672178e+00    6.460436e-03
    6.053409e-03    5.698389e+00    6.492811e-03
    6.081350e-03    5.724722e+00    6.525325e-03
    6.109420e-03    5.751177e+00    6.558024e-03
    6.137620e-03    5.777754e+00    6.590825e-03
    6.165950e-03    5.804453e+00    6.622839e-03
    6.194411e-03    5.831276e+00    6.656000e-03
    6.223003e-03    5.858224e+00    6.689303e-03
    6.251727e-03    5.885295e+00    6.722427e-03
    6.280584e-03    5.912492e+00    6.755356e-03
    6.309573e-03    5.939814e+00    6.789081e-03
    6.338697e-03    5.967263e+00    6.822998e-03
    6.367955e-03    5.994838e+00    6.857058e-03
    6.397348e-03    6.022541e+00    6.890309e-03
    6.426877e-03    6.050372e+00    6.924702e-03
    6.456542e-03    6.078332e+00    6.959242e-03
    6.486344e-03    6.106421e+00    6.993928e-03
    6.516284e-03    6.134639e+00    7.028370e-03
    6.546362e-03    6.162989e+00    7.062808e-03
    6.576578e-03    6.191469e+00    7.097981e-03
    6.606934e-03    6.220080e+00    7.133302e-03
    6.637431e-03    6.248824e+00    7.167872e-03
    6.668068e-03    6.277701e+00    7.203538e-03
    6.698846e-03    6.306711e+00    7.239353e-03
    6.729767e-03    6.335855e+00    7.275320e-03
    6.760830e-03    6.365134e+00    7.311490e-03
    6.792036e-03    6.394549e+00    7.346834e-03
    6.823387e-03    6.424099e+00    7.383303e-03
    6.854882e-03    6.453786e+00    7.419926e-03
    6.886523e-03    6.483610e+00    7.456755e-03
    6.918310e-03    6.513571e+00    7.492738e-03
    6.950243e-03    6.543672e+00    7.529924e-03
    6.982324e-03    6.573911e+00    7.567264e-03
    7.014553e-03    6.604290e+00    7.604712e-03
    7.046931e-03    6.634810e+00    7.641397e-03
    7.079458e-03    6.665470e+00    7.679259e-03
    7.112135e-03    6.696273e+00    7.717226e-03
    7.144963e-03    6.727217e+00    7.755406e-03
    7.177943e-03    6.758305e+00    7.792751e-03
    7.211075e-03    6.789536e+00    7.831246e-03
    7.244360e-03    6.820912e+00    7.870012e-03
    7.277798e-03    6.852433e+00    7.908829e-03
    7.311391e-03    6.884099e+00    7.946901e-03
    7.345139e-03    6.915912e+00    7.986093e-03
    7.379042e-03    6.947871e+00    8.025505e-03
    7.413102e-03    6.979979e+00    8.065082e-03
    7.447320e-03    7.012235e+00    8.103682e-03
    7.481695e-03    7.044639e+00    8.143796e-03
    7.516229e-03    7.077194e+00    8.183922e-03
    7.550922e-03    7.109899e+00    8.224214e-03
    7.585776e-03    7.142755e+00    8.264365e-03
    7.620790e-03    7.175763e+00    8.304347e-03
    7.655966e-03    7.208924e+00    8.345198e-03
    7.691304e-03    7.242238e+00    8.386219e-03
    7.726806e-03    7.275706e+00    8.426378e-03
    7.762471e-03    7.309328e+00    8.467794e-03
    7.798301e-03    7.343106e+00    8.509383e-03
    7.834296e-03    7.377040e+00    8.551206e-03
    7.870458e-03    7.411131e+00    8.592084e-03
    7.906786e-03    7.445379e+00    8.634249e-03
    7.943282e-03    7.479786e+00    8.676589e-03
    7.979947e-03    7.514351e+00    8.719168e-03
    8.016781e-03    7.549077e+00    8.760778e-03
    8.053784e-03    7.583962e+00    8.803705e-03
    8.090959e-03    7.619010e+00    8.846811e-03
    8.128305e-03    7.654219e+00    8.889906e-03
    8.165824e-03    7.689590e+00    8.932578e-03
    8.203515e-03    7.725126e+00    8.976281e-03
    8.241381e-03    7.760825e+00    9.020165e-03
    8.279422e-03    7.796690e+00    9.063104e-03
    8.317638e-03    7.832720e+00    9.107412e-03
    8.356030e-03    7.868916e+00    9.151906e-03
    8.394600e-03    7.905280e+00    9.196584e-03
    8.433348e-03    7.941812e+00    9.240424e-03
    8.472274e-03    7.978513e+00    9.285469e-03
    8.511380e-03    8.015384e+00    9.330768e-03
    8.550667e-03    8.052425e+00    9.376256e-03
    8.590135e-03    8.089637e+00    9.420817e-03
    8.629785e-03    8.127021e+00    9.466813e-03
    8.669619e-03    8.164578e+00    9.512866e-03
    8.709636e-03    8.202308e+00    9.558043e-03
    8.749838e-03    8.240213e+00    9.604611e-03
    8.790225e-03    8.278293e+00    9.651374e-03
    8.830799e-03    8.316549e+00    9.698333e-03
    8.871560e-03    8.354981e+00    9.744325e-03
    8.912509e-03    8.393592e+00    9.791741e-03
    8.953648e-03    8.432380e+00    9.839285e-03
    8.994976e-03    8.471348e+00    9.887099e-03
    9.036495e-03    8.510497e+00    9.933994e-03
    9.078205e-03    8.549826e+00    9.982204e-03
    9.120108e-03    8.589336e+00    1.003062e-02
    9.162205e-03    8.629030e+00    1.007816e-02
    9.204496e-03    8.668907e+00    1.012705e-02
    9.246982e-03    8.708968e+00    1.017614e-02
    9.289664e-03    8.749214e+00    1.022458e-02
    9.332543e-03    8.789646e+00    1.027393e-02
    9.375620e-03    8.830265e+00    1.032371e-02
    9.418896e-03    8.871072e+00    1.037371e-02
    9.462372e-03    8.912068e+00    1.042280e-02
    9.506048e-03    8.953252e+00    1.047329e-02
    9.549926e-03    8.994628e+00    1.052399e-02
    9.594006e-03    9.036194e+00    1.057369e-02
    9.638290e-03    9.077953e+00    1.062490e-02
    9.682779e-03    9.119904e+00    1.067632e-02
    9.727472e-03    9.162049e+00    1.072742e-02
    9.772372e-03    9.204390e+00    1.077858e-02
    9.817479e-03    9.246925e+00    1.083074e-02
    9.862795e-03    9.289658e+00    1.088304e-02
    9.908319e-03    9.332588e+00    1.093446e-02
    9.954054e-03    9.375716e+00    1.098728e-02
    1.000000e-02    9.419044e+00    1.104033e-02
    1.004616e-02    9.462571e+00    1.109249e-02
    1.009253e-02    9.506300e+00    1.114599e-02
    1.013911e-02    9.550231e+00    1.119989e-02
    1.018591e-02    9.594366e+00    1.125271e-02
    1.023293e-02    9.638704e+00    1.130707e-02
    1.028016e-02    9.683247e+00    1.136158e-02
    1.032761e-02    9.727995e+00    1.141633e-02
    1.037528e-02    9.772951e+00    1.147024e-02
    1.042317e-02    9.818115e+00    1.152554e-02
    1.047129e-02    9.863487e+00    1.158117e-02
    1.051962e-02    9.909068e+00    1.163586e-02
    1.056818e-02    9.954861e+00    1.169189e-02
    1.061696e-02    1.000086e+01    1.174834e-02
    1.066596e-02    1.004708e+01    1.180375e-02
    1.071519e-02    1.009351e+01    1.186061e-02
    1.076465e-02    1.014016e+01    1.191781e-02
    1.081434e-02    1.018702e+01    1.197403e-02
    1.086426e-02    1.023409e+01    1.203182e-02
    1.091440e-02    1.028139e+01    1.208987e-02
    1.096478e-02    1.032890e+01    1.214684e-02
    1.101539e-02    1.037663e+01    1.220550e-02
    1.106624e-02    1.042459e+01    1.226424e-02
    1.111732e-02    1.047276e+01    1.232215e-02
    1.116863e-02    1.052116e+01    1.238160e-02
    1.122018e-02    1.056978e+01    1.244132e-02
    1.127197e-02    1.061863e+01    1.250002e-02
    1.132400e-02    1.066770e+01    1.256038e-02
    1.137627e-02    1.071700e+01    1.262101e-02
    1.142878e-02    1.076652e+01    1.268060e-02
    1.148154e-02    1.081628e+01    1.274179e-02
    1.153453e-02    1.086626e+01    1.280326e-02
    1.158777e-02    1.091648e+01    1.286463e-02
    1.164126e-02    1.096693e+01    1.292591e-02
    1.169499e-02    1.101761e+01    1.298824e-02
    1.174898e-02    1.106853e+01    1.304979e-02
    1.180321e-02    1.111968e+01    1.311279e-02
    1.185769e-02    1.117106e+01    1.317610e-02
    1.191242e-02    1.122269e+01    1.323852e-02
    1.196741e-02    1.127455e+01    1.330252e-02
    1.202264e-02    1.132665e+01    1.336683e-02
    1.207814e-02    1.137900e+01    1.343024e-02
    1.213389e-02    1.143158e+01    1.349517e-02
    1.218990e-02    1.148441e+01    1.356051e-02
    1.224616e-02    1.153749e+01    1.362493e-02
    1.230269e-02    1.159080e+01    1.369091e-02
    1.235947e-02    1.164437e+01    1.375720e-02
    1.241652e-02    1.169818e+01    1.382257e-02
    1.247384e-02    1.175224e+01    1.388962e-02
    1.253141e-02    1.180655e+01    1.395701e-02
    1.258925e-02    1.186111e+01    1.402345e-02
    1.264736e-02    1.191593e+01    1.409150e-02
    1.270574e-02    1.197099e+01    1.416000e-02
    1.276439e-02    1.202632e+01    1.422755e-02
    1.282331e-02    1.208189e+01    1.429674e-02
    1.288250e-02    1.213773e+01    1.436628e-02
    1.294196e-02    1.219382e+01    1.443486e-02
    1.300170e-02    1.225017e+01    1.450533e-02
    1.306171e-02    1.230678e+01    1.457595e-02
    1.312200e-02    1.236366e+01    1.464581e-02
    1.318257e-02    1.242079e+01    1.471716e-02
    1.324342e-02    1.247819e+01    1.478910e-02
    1.330454e-02    1.253586e+01    1.486006e-02
    1.336596e-02    1.259379e+01    1.493276e-02
    1.342765e-02    1.265199e+01    1.500585e-02
    1.348963e-02    1.271046e+01    1.507805e-02
    1.355189e-02    1.276920e+01    1.515203e-02
    1.361445e-02    1.282821e+01    1.522630e-02
    1.367729e-02    1.288749e+01    1.529980e-02
    1.374042e-02    1.294705e+01    1.537487e-02
    1.380384e-02    1.300688e+01    1.545059e-02
    1.386756e-02    1.306699e+01    1.552530e-02
    1.393157e-02    1.312738e+01    1.560185e-02
    1.399587e-02    1.318804e+01    1.567883e-02
    1.406048e-02    1.324899e+01    1.575491e-02
    1.412538e-02    1.331022e+01    1.583287e-02
    1.419058e-02    1.337173e+01    1.591116e-02
    1.425608e-02    1.343352e+01    1.598866e-02
    1.432188e-02    1.349561e+01    1.606784e-02
    1.438799e-02    1.355797e+01    1.614772e-02
    1.445440e-02    1.362063e+01    1.622657e-02
    1.452112e-02    1.368358e+01    1.630738e-02
    1.458814e-02    1.374681e+01    1.638854e-02
    1.465548e-02    1.381034e+01    1.646891e-02
    1.472313e-02    1.387416e+01    1.655116e-02
    1.479108e-02    1.393828e+01    1.663389e-02
    1.485936e-02    1.400269e+01    1.671584e-02
    1.492794e-02    1.406741e+01    1.679982e-02
    1.499685e-02    1.413242e+01    1.688406e-02
    1.506607e-02    1.419773e+01    1.696752e-02
    1.513561e-02    1.426334e+01    1.705305e-02
    1.520548e-02    1.432926e+01    1.713911e-02
    1.527566e-02    1.439548e+01    1.722413e-02
    1.534617e-02    1.446200e+01    1.731126e-02
    1.541700e-02    1.452884e+01    1.739895e-02
    1.548817e-02    1.459598e+01    1.748585e-02
    1.555966e-02    1.466343e+01    1.757492e-02
    1.563148e-02    1.473120e+01    1.766430e-02
    1.570363e-02    1.479928e+01    1.775289e-02
    1.577611e-02    1.486767e+01    1.784363e-02
    1.584893e-02    1.493638e+01    1.793490e-02
    1.592209e-02    1.500541e+01    1.802683e-02
    1.599558e-02    1.507475e+01    1.811799e-02
    1.606941e-02    1.514442e+01    1.821122e-02
    1.614359e-02    1.521441e+01    1.830508e-02
    1.621810e-02    1.528472e+01    1.839824e-02
    1.629296e-02    1.535536e+01    1.849344e-02
    1.636817e-02    1.542632e+01    1.858923e-02
    1.644372e-02    1.549761e+01    1.868581e-02
    1.651962e-02    1.556923e+01    1.878164e-02
    1.659587e-02    1.564118e+01    1.887958e-02
    1.667247e-02    1.571347e+01    1.897827e-02
    1.674943e-02    1.578609e+01    1.907629e-02
    1.682674e-02    1.585904e+01    1.917639e-02
    1.690441e-02    1.593233e+01    1.927728e-02
    1.698244e-02    1.600596e+01    1.937890e-02
    1.706082e-02    1.607993e+01    1.947993e-02
    1.713957e-02    1.615424e+01    1.958311e-02
    1.721869e-02    1.622890e+01    1.968705e-02
    1.729816e-02    1.630390e+01    1.979154e-02
    1.737801e-02    1.637925e+01    1.989597e-02
    1.745822e-02    1.645494e+01    2.000233e-02
    1.753881e-02    1.653099e+01    2.010956e-02
    1.761976e-02    1.660739e+01    2.021625e-02
    1.770109e-02    1.668414e+01    2.032512e-02
    1.778279e-02    1.676124e+01    2.043492e-02
    1.786488e-02    1.683870e+01    2.054556e-02
    1.794734e-02    1.691652e+01    2.065708e-02
    1.803018e-02    1.699470e+01    2.076822e-02
    1.811340e-02    1.707324e+01    2.088157e-02
    1.819701e-02    1.715215e+01    2.099583e-02
    1.828100e-02    1.723142e+01    2.111108e-02
    1.836538e-02    1.731105e+01    2.122593e-02
    1.845015e-02    1.739105e+01    2.134313e-02
    1.853532e-02    1.747143e+01    2.146121e-02
    1.862087e-02    1.755217e+01    2.158042e-02
    1.870682e-02    1.763329e+01    2.170062e-02
    1.879317e-02    1.771478e+01    2.182047e-02
    1.887991e-02    1.779665e+01    2.194276e-02
    1.896706e-02    1.787890e+01    2.206601e-02
    1.905461e-02    1.796153e+01    2.219039e-02
    1.914256e-02    1.804454e+01    2.231584e-02
    1.923092e-02    1.812793e+01    2.244114e-02
    1.931968e-02    1.821171e+01    2.256884e-02
    1.940886e-02    1.829588e+01    2.269774e-02
    1.949845e-02    1.838043e+01    2.282776e-02
    1.958845e-02    1.846538e+01    2.295894e-02
    1.967886e-02    1.855072e+01    2.309128e-02
    1.976970e-02    1.863645e+01    2.322489e-02
    1.986095e-02    1.872258e+01    2.335845e-02
    1.995262e-02    1.880911e+01    2.349456e-02
    2.004472e-02    1.889604e+01    2.363183e-02
    2.013724e-02    1.898337e+01    2.377052e-02
    2.023019e-02    1.907110e+01    2.391049e-02
    2.032357e-02    1.915924e+01    2.405176e-02
    2.041738e-02    1.924779e+01    2.419436e-02
    2.051162e-02    1.933675e+01    2.433837e-02
    2.060630e-02    1.942611e+01    2.448239e-02
    2.070141e-02    1.951590e+01    2.462922e-02
    2.079697e-02    1.960609e+01    2.477746e-02
    2.089296e-02    1.969670e+01    2.492713e-02
    2.098940e-02    1.978774e+01    2.507833e-02
    2.108628e-02    1.987919e+01    2.523100e-02
    2.118361e-02    1.997106e+01    2.538516e-02
    2.128139e-02    2.006337e+01    2.554085e-02
    2.137962e-02    2.015609e+01    2.569815e-02
    2.147830e-02    2.024925e+01    2.585703e-02
    2.157744e-02    2.034284e+01    2.601766e-02
    2.167704e-02    2.043685e+01    2.617974e-02
    2.177710e-02    2.053131e+01    2.634364e-02
    2.187762e-02    2.062620e+01    2.650912e-02
    2.197860e-02    2.072153e+01    2.667637e-02
    2.208005e-02    2.081730e+01    2.684544e-02
    2.218196e-02    2.091351e+01    2.701616e-02
    2.228435e-02    2.101017e+01    2.718875e-02
    2.238721e-02    2.110728e+01    2.736315e-02
    2.249055e-02    2.120483e+01    2.753947e-02
    2.259436e-02    2.130284e+01    2.771765e-02
    2.269865e-02    2.140129e+01    2.789772e-02
    2.280342e-02    2.150021e+01    2.807989e-02
    2.290868e-02    2.159958e+01    2.826384e-02
    2.301442e-02    2.169941e+01    2.844995e-02
    2.312065e-02    2.179970e+01    2.863808e-02
    2.322737e-02    2.190046e+01    2.882826e-02
    2.333458e-02    2.200168e+01    2.902175e-02
    2.344229e-02    2.210337e+01    2.921613e-02
    2.355049e-02    2.220553e+01    2.941284e-02
    2.365920e-02    2.230817e+01    2.961164e-02
    2.376840e-02    2.241127e+01    2.981267e-02
    2.387811e-02    2.251486e+01    3.001604e-02
    2.398833e-02    2.261892e+01    3.022179e-02
    2.409905e-02    2.272347e+01    3.043109e-02
    2.421029e-02    2.282849e+01    3.064145e-02
    2.432204e-02    2.293401e+01    3.085439e-02
    2.443431e-02    2.304001e+01    3.106978e-02
    2.454709e-02    2.314650e+01    3.128766e-02
    2.466039e-02    2.325349e+01    3.150918e-02
    2.477422e-02    2.336097e+01    3.173223e-02
    2.488857e-02    2.346895e+01    3.195789e-02
    2.500345e-02    2.357742e+01    3.218620e-02
    2.511886e-02    2.368640e+01    3.241840e-02
    2.523481e-02    2.379588e+01    3.265222e-02
    2.535129e-02    2.390587e+01    3.288891e-02
    2.546830e-02    2.401637e+01    3.312835e-02
    2.558586e-02    2.412738e+01    3.337184e-02
    2.570396e-02    2.423890e+01    3.361723e-02
    2.582260e-02    2.435094e+01    3.386551e-02
    2.594179e-02    2.446349e+01    3.411797e-02
    2.606154e-02    2.457657e+01    3.437241e-02
    2.618183e-02    2.469017e+01    3.462996e-02
    2.630268e-02    2.480430e+01    3.489183e-02
    2.642409e-02    2.491895e+01    3.515593e-02
    2.654606e-02    2.503414e+01    3.542321e-02
    2.666859e-02    2.514985e+01    3.569496e-02
    2.679168e-02    2.526611e+01    3.596902e-02
    2.691535e-02    2.538290e+01    3.624747e-02
    2.703958e-02    2.550023e+01    3.652861e-02
    2.716439e-02    2.561810e+01    3.681321e-02
    2.728978e-02    2.573652e+01    3.710236e-02
    2.741574e-02    2.585549e+01    3.739429e-02
    2.754229e-02    2.597501e+01    3.769088e-02
    2.766942e-02    2.609508e+01    3.799048e-02
    2.779713e-02    2.621570e+01    3.829467e-02
    2.792544e-02    2.633689e+01    3.860201e-02
    2.805434e-02    2.645863e+01    3.891405e-02
    2.818383e-02    2.658094e+01    3.922937e-02
    2.831392e-02    2.670382e+01    3.954969e-02
    2.844461e-02    2.682726e+01    3.987415e-02
    2.857591e-02    2.695127e+01    4.020212e-02
    2.870781e-02    2.707586e+01    4.053509e-02
    2.884032e-02    2.720103e+01    4.087172e-02
    2.897344e-02    2.732677e+01    4.121356e-02
    2.910717e-02    2.745310e+01    4.155914e-02
    2.924152e-02    2.758001e+01    4.191013e-02
    2.937650e-02    2.770751e+01    4.226577e-02
    2.951209e-02    2.783560e+01    4.262539e-02
    2.964831e-02    2.796428e+01    4.299064e-02
    2.978516e-02    2.809356e+01    4.336075e-02
    2.992265e-02    2.822343e+01    4.373582e-02
    3.006076e-02    2.835391e+01    4.411530e-02
    3.019952e-02    2.848499e+01    4.450052e-02
    3.033891e-02    2.861668e+01    4.489110e-02
    3.047895e-02    2.874897e+01    4.528614e-02
    3.061963e-02    2.888188e+01    4.568745e-02
    3.076097e-02    2.901541e+01    4.609406e-02
    3.090295e-02    2.914955e+01    4.650636e-02
    3.104560e-02    2.928432e+01    4.692422e-02
    3.118890e-02    2.941971e+01    4.734728e-02
    3.133286e-02    2.955572e+01    4.777677e-02
    3.147748e-02    2.969237e+01    4.821216e-02
    3.162278e-02    2.982965e+01    4.865364e-02
    3.176874e-02    2.996756e+01    4.910122e-02
    3.191538e-02    3.010611e+01    4.955499e-02
    3.206269e-02    3.024531e+01    5.001463e-02
    3.221069e-02    3.038515e+01    5.048120e-02
    3.235937e-02    3.052563e+01    5.095427e-02
    3.250873e-02    3.066677e+01    5.143396e-02
    3.265878e-02    3.080856e+01    5.192044e-02
    3.280953e-02    3.095101e+01    5.241375e-02
    3.296097e-02    3.109411e+01    5.291399e-02
    3.311311e-02    3.123789e+01    5.342129e-02
    3.326596e-02    3.138232e+01    5.393581e-02
    3.341950e-02    3.152743e+01    5.445762e-02
    3.357376e-02    3.167320e+01    5.498689e-02
    3.372873e-02    3.181966e+01    5.552367e-02
    3.388442e-02    3.196679e+01    5.606803e-02
    3.404082e-02    3.211460e+01    5.662028e-02
    3.419794e-02    3.226310e+01    5.718041e-02
    3.435579e-02    3.241228e+01    5.774855e-02
    3.451437e-02    3.256216e+01    5.832484e-02
    3.467369e-02    3.271273e+01    5.890940e-02
    3.483373e-02    3.286400e+01    5.950252e-02
    3.499452e-02    3.301597e+01    6.010413e-02
    3.515604e-02    3.316865e+01    6.071436e-02
    3.531832e-02    3.332203e+01    6.133342e-02
    3.548134e-02    3.347612e+01    6.196149e-02
    3.564511e-02    3.363093e+01    6.259871e-02
    3.580964e-02    3.378645e+01    6.324519e-02
    3.597493e-02    3.394270e+01    6.390074e-02
    3.614099e-02    3.409967e+01    6.456648e-02
    3.630781e-02    3.425737e+01    6.524155e-02
    3.647539e-02    3.441580e+01    6.592658e-02
    3.664376e-02    3.457496e+01    6.662167e-02
    3.681290e-02    3.473486e+01    6.732675e-02
    3.698282e-02    3.489550e+01    6.804238e-02
    3.715352e-02    3.505689e+01    6.876844e-02
    3.732502e-02    3.521902e+01    6.950526e-02
    3.749730e-02    3.538191e+01    7.025293e-02
    3.767038e-02    3.554555e+01    7.101136e-02
    4.027373e-02    3.800763e+01    7.396925e-02
    4.122441e-02    3.890662e+01    7.844616e-02
    4.219791e-02    3.982730e+01    8.327639e-02
    4.319477e-02    4.077019e+01    8.848898e-02
    4.421559e-02    4.173587e+01    9.411529e-02
    4.526097e-02    4.272491e+01    1.001892e-01
    4.633151e-02    4.373792e+01    1.067472e-01
    4.742785e-02    4.477549e+01    1.138286e-01
    4.855064e-02    4.583827e+01    1.214762e-01
    4.970054e-02    4.692691e+01    1.297356e-01
    5.087825e-02    4.804207e+01    1.386564e-01
    5.208447e-02    4.918445e+01    1.482918e-01
    5.331992e-02    5.035474e+01    1.586992e-01
    5.458534e-02    5.155370e+01    1.699408e-01
    5.588151e-02    5.278205e+01    1.820831e-01
    5.720920e-02    5.404059e+01    1.951983e-01
    5.856925e-02    5.533012e+01    2.093635e-01
    5.996248e-02    5.665145e+01    2.246627e-01
    6.138974e-02    5.800544e+01    2.411855e-01
    6.285193e-02    5.939298e+01    2.590287e-01
    6.434996e-02    6.081497e+01    2.782969e-01
    6.588477e-02    6.227235e+01    2.991023e-01
    6.745733e-02    6.376608e+01    3.215658e-01
    6.906864e-02    6.529718e+01    3.458177e-01
    7.071971e-02    6.686668e+01    3.719981e-01
    7.241162e-02    6.847564e+01    4.002578e-01
    7.414547e-02    7.012518e+01    4.307596e-01
    7.592237e-02    7.181645e+01    4.636780e-01
    7.774350e-02    7.355063e+01    4.992014e-01
    7.961006e-02    7.532897e+01    5.375323e-01
    8.152330e-02    7.715273e+01    5.788887e-01
    8.348450e-02    7.902323e+01    6.235051e-01
    8.549499e-02    8.094187e+01    6.716342e-01
    8.755614e-02    8.291007e+01    7.235478e-01
    8.966938e-02    8.492929e+01    7.795383e-01
    9.183617e-02    8.700109e+01    8.399205e-01
    9.405804e-02    8.912708e+01    9.050333e-01
    9.633657e-02    9.130893e+01    9.752416e-01
    9.867339e-02    9.354834e+01    1.050938e+00
    1.010702e-01    9.584716e+01    1.132545e+00
    1.035287e-01    9.820726e+01    1.220517e+00
    1.060508e-01    1.006306e+02    1.315345e+00
    1.073363e-01    1.018666e+02    1.365493e+00
    1.086384e-01    1.031192e+02    1.417556e+00
    1.099574e-01    1.043887e+02    1.471606e+00
    1.112934e-01    1.056753e+02    1.527718e+00
    1.126468e-01    1.069793e+02    1.585970e+00
    1.140178e-01    1.083010e+02    1.646444e+00
    1.154068e-01    1.096408e+02    1.709222e+00
    1.168138e-01    1.109988e+02    1.774392e+00
    1.182395e-01    1.123755e+02    1.842044e+00
    1.196838e-01    1.137711e+02    1.912272e+00
    1.211471e-01    1.151859e+02    1.985175e+00
    1.226297e-01    1.166203e+02    2.060851e+00
    1.241378e-01    1.180805e+02    2.139164e+00
    1.256772e-01    1.195717e+02    2.220021e+00
    1.272434e-01    1.210900e+02    2.303744e+00
    1.288356e-01    1.226345e+02    2.390510e+00
    1.304534e-01    1.242050e+02    2.480478e+00
    1.320968e-01    1.258016e+02    2.573800e+00
    1.337661e-01    1.274245e+02    2.670625e+00
    1.354615e-01    1.290739e+02    2.771110e+00
    1.371832e-01    1.307504e+02    2.875410e+00
    1.389315e-01    1.324540e+02    2.983688e+00
    1.407066e-01    1.341853e+02    3.096114e+00
    1.425093e-01    1.359447e+02    3.212861e+00
    1.443396e-01    1.377328e+02    3.334108e+00
    1.461982e-01    1.395500e+02    3.460043e+00
    1.480853e-01    1.413969e+02    3.590860e+00
    1.500016e-01    1.432739e+02    3.726762e+00
    1.519474e-01    1.451816e+02    3.867960e+00
    1.539233e-01    1.471208e+02    4.014672e+00
    1.559296e-01    1.490919e+02    4.167125e+00
    1.579671e-01    1.510955e+02    4.325559e+00
    1.600363e-01    1.531324e+02    4.490219e+00
    1.621376e-01    1.552031e+02    4.661364e+00
    1.642717e-01    1.573084e+02    4.839261e+00
    1.664392e-01    1.594491e+02    5.024192e+00
    1.686406e-01    1.616258e+02    5.216447e+00
    1.708766e-01    1.638393e+02    5.416332e+00
    1.731478e-01    1.660903e+02    5.624162e+00
    1.754549e-01    1.683797e+02    5.840271e+00
    1.777986e-01    1.707084e+02    6.065003e+00
    1.801795e-01    1.730771e+02    6.298718e+00
    1.825984e-01    1.754868e+02    6.541792e+00
    1.850559e-01    1.779383e+02    6.794619e+00
    1.875527e-01    1.804326e+02    7.057606e+00
    1.900899e-01    1.829707e+02    7.331182e+00
    1.926679e-01    1.855535e+02    7.615795e+00
    1.952876e-01    1.881821e+02    7.911910e+00
    1.979499e-01    1.908574e+02    8.220012e+00
    2.006557e-01    1.935807e+02    8.540612e+00
    2.034056e-01    1.963531e+02    8.874240e+00
    2.062006e-01    1.991755e+02    9.221452e+00
    2.090417e-01    2.020493e+02    9.582827e+00
    2.119297e-01    2.049756e+02    9.958971e+00
    2.148655e-01    2.079558e+02    1.035052e+01
    2.178502e-01    2.109910e+02    1.075813e+01
    2.208846e-01    2.140827e+02    1.118249e+01
    2.239697e-01    2.172321e+02    1.162433e+01
    2.271067e-01    2.204407e+02    1.208441e+01
    2.302966e-01    2.237101e+02    1.256351e+01
    2.335404e-01    2.270415e+02    1.306247e+01
    2.368391e-01    2.304366e+02    1.358213e+01
    2.401940e-01    2.338970e+02    1.412342e+01
    2.436060e-01    2.374241e+02    1.468726e+01
    2.470766e-01    2.410199e+02    1.527466e+01
    2.506066e-01    2.446860e+02    1.588665e+01
    2.541973e-01    2.484241e+02    1.652430e+01
    2.578500e-01    2.522361e+02    1.718874e+01
    2.615660e-01    2.561237e+02    1.788117e+01
    2.653465e-01    2.600892e+02    1.860281e+01
    2.691927e-01    2.641343e+02    1.935498e+01
    2.731060e-01    2.682611e+02    2.013900e+01
    2.770878e-01    2.724716e+02    2.095631e+01
    2.811393e-01    2.767683e+02    2.180838e+01
    2.852619e-01    2.811531e+02    2.269678e+01
    2.894571e-01    2.856284e+02    2.362312e+01
    2.937262e-01    2.901964e+02    2.458909e+01
    2.980707e-01    2.948598e+02    2.559647e+01
    3.024921e-01    2.996210e+02    2.664713e+01
    3.069918e-01    3.044824e+02    2.774299e+01
    3.115713e-01    3.094468e+02    2.888610e+01
    3.162321e-01    3.145167e+02    3.007858e+01
    3.209757e-01    3.196952e+02    3.132265e+01
    3.258038e-01    3.249847e+02    3.262062e+01
    3.307177e-01    3.303885e+02    3.397494e+01
    3.357192e-01    3.359093e+02    3.538813e+01
    3.408097e-01    3.415505e+02    3.686285e+01
    3.459909e-01    3.473149e+02    3.840188e+01
    3.512644e-01    3.532060e+02    4.000810e+01
    3.566318e-01    3.592269e+02    4.168456e+01
    3.620946e-01    3.653814e+02    4.343440e+01
    3.676545e-01    3.716727e+02    4.526093e+01
    3.733132e-01    3.781043e+02    4.716759e+01
    3.790723e-01    3.846801e+02    4.915797e+01
    3.849333e-01    3.914038e+02    5.123586e+01
    3.908979e-01    3.982793e+02    5.340514e+01
    3.969678e-01    4.053105e+02    5.566992e+01
    4.031446e-01    4.125015e+02    5.803446e+01
    4.094298e-01    4.198565e+02    6.050320e+01
    4.158252e-01    4.273797e+02    6.308075e+01
    4.223322e-01    4.350755e+02    6.577198e+01
    4.289525e-01    4.429485e+02    6.858190e+01
    4.356877e-01    4.510031e+02    7.151575e+01
    4.425395e-01    4.592441e+02    7.457897e+01
    4.495092e-01    4.676765e+02    7.777726e+01
    4.565984e-01    4.763049e+02    8.111652e+01
    4.638087e-01    4.851347e+02    8.460290e+01
    4.711417e-01    4.941709e+02    8.824279e+01
    4.785986e-01    5.034188e+02    9.204283e+01
    4.861813e-01    5.128840e+02    9.600994e+01
    4.938908e-01    5.225720e+02    1.001513e+02
    5.017288e-01    5.324886e+02    1.044744e+02
    5.096967e-01    5.426396e+02    1.089868e+02
    5.177959e-01    5.530310e+02    1.136968e+02
    5.260276e-01    5.636691e+02    1.186127e+02
    5.343932e-01    5.745602e+02    1.237429e+02
    5.428943e-01    5.857108e+02    1.290967e+02
    5.515318e-01    5.971275e+02    1.346832e+02
    5.603072e-01    6.088172e+02    1.405121e+02
    5.692217e-01    6.207870e+02    1.465935e+02
    5.782765e-01    6.330440e+02    1.529376e+02
    5.874730e-01    6.455957e+02    1.595553e+02
    5.968121e-01    6.584497e+02    1.664575e+02
    6.062952e-01    6.716137e+02    1.736560e+02
    6.159234e-01    6.850959e+02    1.811625e+02
    6.256978e-01    6.989046e+02    1.889894e+02
    6.356195e-01    7.130480e+02    1.971494e+02
    6.456897e-01    7.275350e+02    2.056559e+02
    6.559093e-01    7.423746e+02    2.145223e+02
    6.662797e-01    7.575761e+02    2.237628e+02
    6.768017e-01    7.731489e+02    2.333920e+02
    6.874764e-01    7.891027e+02    2.434251e+02
    6.983050e-01    8.054477e+02    2.538774e+02
    7.092884e-01    8.221943e+02    2.647653e+02
    7.204276e-01    8.393529e+02    2.761053e+02
    7.317237e-01    8.569348e+02    2.879146e+02
    7.431779e-01    8.749511e+02    3.002109e+02
    7.547909e-01    8.934136e+02    3.130129e+02
    7.665640e-01    9.123341e+02    3.263391e+02
    7.784982e-01    9.317252e+02    3.402092e+02
    7.905944e-01    9.515995e+02    3.546436e+02
    8.028538e-01    9.719702e+02    3.696629e+02
    8.152774e-01    9.928507e+02    3.852888e+02
    8.278663e-01    1.014255e+03    4.015435e+02
    8.406215e-01    1.036198e+03    4.184498e+02
    8.535442e-01    1.058694e+03    4.360316e+02
    8.666355e-01    1.081757e+03    4.543131e+02
    8.798963e-01    1.105406e+03    4.733197e+02
    8.933281e-01    1.129655e+03    4.930775e+02
    9.069318e-01    1.154522e+03    5.136132e+02
    9.207087e-01    1.180022e+03    5.349546e+02
    9.346600e-01    1.206175e+03    5.571303e+02
    9.487867e-01    1.232999e+03    5.801698e+02
    9.630903e-01    1.260513e+03    6.041035e+02
    9.775720e-01    1.288735e+03    6.289629e+02
    9.922331e-01    1.317687e+03    6.547805e+02
    1.007075e+00    1.347390e+03    6.815895e+02
    1.022099e+00    1.377864e+03    7.094245e+02
    1.037306e+00    1.409133e+03    7.383213e+02
    1.052698e+00    1.441219e+03    7.683165e+02
    1.068276e+00    1.474144e+03    7.994479e+02
    1.084042e+00    1.507935e+03    8.317548e+02
    1.099997e+00    1.542615e+03    8.652773e+02
    1.116143e+00    1.578211e+03    9.000571e+02
    1.132481e+00    1.614750e+03    9.361372e+02
    1.149013e+00    1.652259e+03    9.735618e+02
    1.165740e+00    1.690765e+03    1.012377e+03
    1.182665e+00    1.730300e+03    1.052629e+03
    1.199788e+00    1.770893e+03    1.094367e+03
    1.217112e+00    1.812574e+03    1.137641e+03
    1.234638e+00    1.855376e+03    1.182503e+03
    1.252368e+00    1.899333e+03    1.229006e+03
    1.270304e+00    1.944479e+03    1.277205e+03
    1.288448e+00    1.990848e+03    1.327158e+03
    1.306802e+00    2.038477e+03    1.378921e+03
    1.325367e+00    2.087405e+03    1.432556e+03
    1.344146e+00    2.137667e+03    1.488126e+03
    1.363140e+00    2.189307e+03    1.545696e+03
    1.382351e+00    2.242363e+03    1.605329e+03
    1.401783e+00    2.296880e+03    1.667096e+03
    1.421436e+00    2.352901e+03    1.731066e+03
    1.441314e+00    2.410469e+03    1.797312e+03
    1.461417e+00    2.469633e+03    1.865911e+03
    1.481749e+00    2.530441e+03    1.936940e+03
    1.502311e+00    2.592942e+03    2.010476e+03
    1.523106e+00    2.657186e+03    2.086604e+03
    1.544137e+00    2.723226e+03    2.165409e+03
    1.565405e+00    2.791117e+03    2.246977e+03
    1.586914e+00    2.860916e+03    2.331401e+03
    1.608665e+00    2.932678e+03    2.418770e+03
    1.630661e+00    3.006464e+03    2.509185e+03
    1.652905e+00    3.082336e+03    2.602742e+03
    1.675399e+00    3.160356e+03    2.699545e+03
    1.698146e+00    3.240590e+03    2.799698e+03
    1.721148e+00    3.323106e+03    2.903311e+03
    1.744409e+00    3.407971e+03    3.010496e+03
    1.767930e+00    3.495259e+03    3.121369e+03
