    1.000000e-03    9.396400e-01    8.800000e-04
    2.000000e-03    1.880460e+00    1.680000e-03
    3.000000e-03    2.821730e+00    2.570000e-03
    4.000000e-03    3.763280e+00    3.460000e-03
    5.000000e-03    4.705070e+00    4.350000e-03
    6.000000e-03    5.647040e+00    5.200000e-03
    7.000000e-03    6.589150e+00    6.020000e-03
    8.000000e-03    7.531370e+00    6.790000e-03
    9.000000e-03    8.473680e+00    7.520000e-03
    1.000000e-02    9.416070e+00    8.200000e-03
    1.100000e-02    1.035853e+01    8.840000e-03
    1.200000e-02    1.130105e+01    9.450000e-03
    1.300000e-02    1.224361e+01    1.004000e-02
    1.400000e-02    1.318623e+01    1.059000e-02
    1.500000e-02    1.412888e+01    1.113000e-02
    1.600000e-02    1.507156e+01    1.168000e-02
    1.700000e-02    1.601428e+01    1.222000e-02
    1.800000e-02    1.695702e+01    1.278000e-02
    1.900000e-02    1.789981e+01    1.339000e-02
    2.000000e-02    1.884263e+01    1.402000e-02
    2.100000e-02    1.978548e+01    1.471000e-02
    2.200000e-02    2.072836e+01    1.548000e-02
    2.300000e-02    2.167129e+01    1.632000e-02
    2.400000e-02    2.261424e+01    1.726000e-02
    2.500000e-02    2.355724e+01    1.829000e-02
    2.600000e-02    2.450028e+01    1.946000e-02
    2.700000e-02    2.544337e+01    2.074000e-02
    2.800000e-02    2.638652e+01    2.216000e-02
    2.900000e-02    2.732971e+01    2.375000e-02
    3.000000e-02    2.827296e+01    2.548000e-02
    3.100000e-02    2.921627e+01    2.741000e-02
    3.200000e-02    3.015965e+01    2.950000e-02
    3.300000e-02    3.110310e+01    3.182000e-02
    3.400000e-02    3.204662e+01    3.431000e-02
    3.500000e-02    3.299022e+01    3.702000e-02
    3.600000e-02    3.393388e+01    3.998000e-02
    3.700000e-02    3.487765e+01    4.315000e-02
    3.800000e-02    3.582150e+01    4.661000e-02
    3.900000e-02    3.676545e+01    5.027000e-02
    4.000000e-02    3.770949e+01    5.425000e-02
    4.100000e-02    3.865364e+01    5.846000e-02
    4.200000e-02    3.959789e+01    6.299000e-02
    4.300000e-02    4.054225e+01    6.777000e-02
    4.400000e-02    4.148672e+01    7.285000e-02
    4.500000e-02    4.243132e+01    7.828000e-02
    4.600000e-02    4.337604e+01    8.398000e-02
    4.700000e-02    4.432089e+01    9.006000e-02
    4.800000e-02    4.526587e+01    9.640000e-02
    4.900000e-02    4.621099e+01    1.031500e-01
    5.000000e-02    4.715625e+01    1.101700e-01
    5.100000e-02    4.810164e+01    1.176100e-01
    5.200000e-02    4.904719e+01    1.253400e-01
    5.300000e-02    4.999290e+01    1.334900e-01
    5.400000e-02    5.093876e+01    1.419400e-01
    5.500000e-02    5.188478e+01    1.508200e-01
    5.600000e-02    5.283097e+01    1.600000e-01
    5.700000e-02    5.377731e+01    1.696300e-01
    5.800000e-02    5.472370e+01    1.759200e-01
    5.900000e-02    5.567039e+01    1.862300e-01
    6.000000e-02    5.661727e+01    1.970300e-01
    6.100000e-02    5.756435e+01    2.081900e-01
    6.200000e-02    5.851159e+01    2.195700e-01
    6.300000e-02    5.945901e+01    2.312800e-01
    6.400000e-02    6.040667e+01    2.434200e-01
    6.500000e-02    6.132059e+01    2.594087e-01
    6.600000e-02    6.226808e+01    2.733198e-01
    6.700000e-02    6.321579e+01    2.877314e-01
    6.800000e-02    6.416371e+01    3.026512e-01
    6.900000e-02    6.511186e+01    3.180870e-01
    7.000000e-02    6.606023e+01    3.340462e-01
    7.100000e-02    6.700884e+01    3.505366e-01
    7.200000e-02    6.795768e+01    3.675655e-01
    7.300000e-02    6.890676e+01    3.851406e-01
    7.400000e-02    6.985609e+01    4.032690e-01
    7.500000e-02    7.080567e+01    4.219583e-01
    7.600000e-02    7.175550e+01    4.412157e-01
    7.700000e-02    7.270558e+01    4.610484e-01
    7.800000e-02    7.365593e+01    4.814636e-01
    7.900000e-02    7.460654e+01    5.024685e-01
    8.000000e-02    7.555742e+01    5.240702e-01
    8.100000e-02    7.650858e+01    5.462757e-01
    8.200000e-02    7.746002e+01    5.690920e-01
    8.300000e-02    7.841173e+01    5.925261e-01
    8.400000e-02    7.936373e+01    6.165849e-01
    8.500000e-02    8.031603e+01    6.412753e-01
    8.600000e-02    8.126861e+01    6.666040e-01
    8.700000e-02    8.222150e+01    6.925780e-01
    8.800000e-02    8.317468e+01    7.192040e-01
    8.900000e-02    8.412818e+01    7.464886e-01
    9.000000e-02    8.508198e+01    7.744385e-01
    9.100000e-02    8.603610e+01    8.030605e-01
    9.200000e-02    8.699054e+01    8.323610e-01
    9.300000e-02    8.794529e+01    8.623468e-01
    9.400000e-02    8.890038e+01    8.930242e-01
    9.500000e-02    8.985579e+01    9.243999e-01
    9.600000e-02    9.081154e+01    9.564803e-01
    9.700000e-02    9.176763e+01    9.892718e-01
    9.800000e-02    9.272406e+01    1.022781e+00
    9.900000e-02    9.368083e+01    1.057014e+00
    1.000000e-01    9.463795e+01    1.091977e+00
    1.010000e-01    9.559543e+01    1.127677e+00
    1.020000e-01    9.655326e+01    1.164120e+00
    1.030000e-01    9.751146e+01    1.201312e+00
    1.040000e-01    9.847002e+01    1.239260e+00
    1.050000e-01    9.942895e+01    1.277969e+00
    1.060000e-01    1.003882e+02    1.317446e+00
    1.070000e-01    1.013479e+02    1.357697e+00
    1.080000e-01    1.023080e+02    1.398728e+00
    1.090000e-01    1.032684e+02    1.440546e+00
    1.100000e-01    1.042292e+02    1.483156e+00
    1.110000e-01    1.051905e+02    1.526564e+00
    1.120000e-01    1.061521e+02    1.570778e+00
    1.130000e-01    1.071141e+02    1.615802e+00
    1.140000e-01    1.080765e+02    1.661642e+00
    1.150000e-01    1.090393e+02    1.708305e+00
    1.160000e-01    1.100025e+02    1.755797e+00
    1.170000e-01    1.109662e+02    1.804124e+00
    1.180000e-01    1.119302e+02    1.853291e+00
    1.190000e-01    1.128947e+02    1.903304e+00
    1.200000e-01    1.138596e+02    1.954170e+00
    1.210000e-01    1.148250e+02    2.005895e+00
    1.220000e-01    1.157907e+02    2.058484e+00
    1.230000e-01    1.167569e+02    2.111942e+00
    1.240000e-01    1.177235e+02    2.166277e+00
    1.250000e-01    1.186906e+02    2.221494e+00
    1.260000e-01    1.196581e+02    2.277599e+00
    1.270000e-01    1.206261e+02    2.334597e+00
    1.280000e-01    1.215945e+02    2.392060e+00
    1.290000e-01    1.225634e+02    2.449858e+00
    1.300000e-01    1.235327e+02    2.508239e+00
    1.310000e-01    1.245025e+02    2.567275e+00
    1.320000e-01    1.254727e+02    2.627009e+00
    1.330000e-01    1.264434e+02    2.687470e+00
    1.340000e-01    1.274145e+02    2.748681e+00
    1.350000e-01    1.283861e+02    2.810658e+00
    1.360000e-01    1.293582e+02    2.873418e+00
    1.370000e-01    1.303307e+02    2.936975e+00
    1.380000e-01    1.313037e+02    3.001341e+00
    1.390000e-01    1.322772e+02    3.066526e+00
    1.400000e-01    1.332511e+02    3.132542e+00
    1.410000e-01    1.342255e+02    3.199397e+00
    1.420000e-01    1.352004e+02    3.267102e+00
    1.430000e-01    1.361758e+02    3.335665e+00
    1.440000e-01    1.371516e+02    3.405095e+00
    1.450000e-01    1.381279e+02    3.475399e+00
    1.460000e-01    1.391047e+02    3.546586e+00
    1.470000e-01    1.400821e+02    3.618663e+00
    1.480000e-01    1.410599e+02    3.691638e+00
    1.490000e-01    1.420382e+02    3.765519e+00
    1.500000e-01    1.430170e+02    3.840312e+00
    1.510000e-01    1.439963e+02    3.916025e+00
    1.520000e-01    1.449761e+02    3.992664e+00
    1.530000e-01    1.459564e+02    4.070237e+00
    1.540000e-01    1.469372e+02    4.148750e+00
    1.550000e-01    1.479185e+02    4.228211e+00
    1.560000e-01    1.489004e+02    4.308625e+00
    1.570000e-01    1.498827e+02    4.390000e+00
    1.580000e-01    1.508656e+02    4.472342e+00
    1.590000e-01    1.518491e+02    4.555658e+00
    1.600000e-01    1.528330e+02    4.639954e+00
    1.610000e-01    1.538175e+02    4.725236e+00
    1.620000e-01    1.548025e+02    4.811511e+00
    1.630000e-01    1.557880e+02    4.898786e+00
    1.640000e-01    1.567741e+02    4.987066e+00
    1.650000e-01    1.577607e+02    5.076359e+00
    1.660000e-01    1.587479e+02    5.166669e+00
    1.670000e-01    1.597356e+02    5.258004e+00
    1.680000e-01    1.607238e+02    5.350370e+00
    1.690000e-01    1.617127e+02    5.443773e+00
    1.700000e-01    1.627020e+02    5.538220e+00
    1.710000e-01    1.636920e+02    5.633715e+00
    1.720000e-01    1.646824e+02    5.730266e+00
    1.730000e-01    1.656735e+02    5.827879e+00
    1.740000e-01    1.666651e+02    5.926560e+00
    1.750000e-01    1.676573e+02    6.026315e+00
    1.760000e-01    1.686501e+02    6.127150e+00
    1.770000e-01    1.696434e+02    6.229071e+00
    1.780000e-01    1.706373e+02    6.332084e+00
    1.790000e-01    1.716318e+02    6.436196e+00
    1.800000e-01    1.726269e+02    6.541412e+00
    1.810000e-01    1.736226e+02    6.647739e+00
    1.820000e-01    1.746189e+02    6.755183e+00
    1.830000e-01    1.756157e+02    6.863749e+00
    1.840000e-01    1.766132e+02    6.973443e+00
    1.850000e-01    1.776112e+02    7.084273e+00
    1.860000e-01    1.786099e+02    7.196243e+00
    1.870000e-01    1.796091e+02    7.309361e+00
    1.880000e-01    1.806090e+02    7.423631e+00
    1.890000e-01    1.816095e+02    7.539059e+00
    1.900000e-01    1.826106e+02    7.655653e+00
    1.910000e-01    1.836123e+02    7.773418e+00
    1.920000e-01    1.846146e+02    7.892359e+00
    1.930000e-01    1.856176e+02    8.012484e+00
    1.940000e-01    1.866212e+02    8.133797e+00
    1.950000e-01    1.876254e+02    8.256305e+00
    1.960000e-01    1.886302e+02    8.380013e+00
    1.970000e-01    1.896357e+02    8.504929e+00
    1.980000e-01    1.906418e+02    8.631057e+00
    1.990000e-01    1.916485e+02    8.758404e+00
    2.000000e-01    1.926559e+02    8.886976e+00
    2.010000e-01    1.936640e+02    9.016779e+00
    2.020000e-01    1.946726e+02    9.147818e+00
    2.030000e-01    1.956820e+02    9.280099e+00
    2.040000e-01    1.966920e+02    9.413629e+00
    2.050000e-01    1.977026e+02    9.548414e+00
    2.060000e-01    1.987139e+02    9.684459e+00
    2.070000e-01    1.997259e+02    9.821770e+00
    2.080000e-01    2.007386e+02    9.960353e+00
    2.090000e-01    2.017519e+02    1.010022e+01
    2.100000e-01    2.027659e+02    1.024136e+01
    2.110000e-01    2.037805e+02    1.038380e+01
    2.120000e-01    2.047958e+02    1.052753e+01
    2.130000e-01    2.058119e+02    1.067256e+01
    2.140000e-01    2.068286e+02    1.081890e+01
    2.150000e-01    2.078460e+02    1.096656e+01
    2.160000e-01    2.088640e+02    1.111553e+01
    2.170000e-01    2.098828e+02    1.126583e+01
    2.180000e-01    2.109023e+02    1.141746e+01
    2.190000e-01    2.119224e+02    1.157043e+01
    2.200000e-01    2.129433e+02    1.172474e+01
    2.210000e-01    2.139649e+02    1.188040e+01
    2.220000e-01    2.149872e+02    1.203742e+01
    2.230000e-01    2.160101e+02    1.219579e+01
    2.240000e-01    2.170338e+02    1.235553e+01
    2.250000e-01    2.180583e+02    1.251665e+01
    2.260000e-01    2.190834e+02    1.267914e+01
    2.270000e-01    2.201093e+02    1.284302e+01
    2.280000e-01    2.211358e+02    1.300828e+01
    2.290000e-01    2.221632e+02    1.317494e+01
    2.300000e-01    2.231912e+02    1.334300e+01
    2.310000e-01    2.242200e+02    1.351247e+01
    2.320000e-01    2.252495e+02    1.368336e+01
    2.330000e-01    2.262797e+02    1.385566e+01
    2.340000e-01    2.273107e+02    1.402938e+01
    2.350000e-01    2.283425e+02    1.420454e+01
    2.360000e-01    2.293750e+02    1.438113e+01
    2.370000e-01    2.304082e+02    1.455916e+01
    2.380000e-01    2.314422e+02    1.473864e+01
    2.390000e-01    2.324770e+02    1.491957e+01
    2.400000e-01    2.335125e+02    1.510197e+01
    2.410000e-01    2.345487e+02    1.528582e+01
    2.420000e-01    2.355858e+02    1.547115e+01
    2.430000e-01    2.366236e+02    1.565795e+01
    2.440000e-01    2.376622e+02    1.584623e+01
    2.450000e-01    2.387015e+02    1.603601e+01
    2.460000e-01    2.397417e+02    1.622727e+01
    2.470000e-01    2.407826e+02    1.642003e+01
    2.480000e-01    2.418243e+02    1.661430e+01
    2.490000e-01    2.428668e+02    1.681007e+01
    2.500000e-01    2.439100e+02    1.700736e+01
    2.510000e-01    2.449541e+02    1.720617e+01
    2.520000e-01    2.459990e+02    1.740651e+01
    2.530000e-01    2.470446e+02    1.760838e+01
    2.540000e-01    2.480911e+02    1.781179e+01
    2.550000e-01    2.491384e+02    1.801673e+01
    2.560000e-01    2.501864e+02    1.822323e+01
    2.570000e-01    2.512353e+02    1.843128e+01
    2.580000e-01    2.522850e+02    1.864089e+01
    2.590000e-01    2.533355e+02    1.885207e+01
    2.600000e-01    2.543868e+02    1.906482e+01
    2.610000e-01    2.554390e+02    1.927914e+01
    2.620000e-01    2.564920e+02    1.949504e+01
    2.630000e-01    2.575458e+02    1.971253e+01
    2.640000e-01    2.586004e+02    1.993161e+01
    2.650000e-01    2.596558e+02    2.015228e+01
    2.660000e-01    2.607121e+02    2.037456e+01
    2.670000e-01    2.617693e+02    2.059845e+01
    2.680000e-01    2.628273e+02    2.082395e+01
    2.690000e-01    2.638861e+02    2.105107e+01
    2.700000e-01    2.649457e+02    2.127981e+01
    2.710000e-01    2.660063e+02    2.151019e+01
    2.720000e-01    2.670676e+02    2.174219e+01
    2.730000e-01    2.681299e+02    2.197584e+01
    2.740000e-01    2.691930e+02    2.221113e+01
    2.750000e-01    2.702569e+02    2.244807e+01
    2.760000e-01    2.713217e+02    2.268666e+01
    2.770000e-01    2.723874e+02    2.292691e+01
    2.780000e-01    2.734540e+02    2.316883e+01
    2.790000e-01    2.745214e+02    2.341242e+01
    2.800000e-01    2.755897e+02    2.365768e+01
    2.810000e-01    2.766589e+02    2.390463e+01
    2.820000e-01    2.777289e+02    2.415326e+01
    2.830000e-01    2.787999e+02    2.440358e+01
    2.840000e-01    2.798717e+02    2.465559e+01
    2.850000e-01    2.809444e+02    2.490930e+01
    2.860000e-01    2.820181e+02    2.516472e+01
    2.870000e-01    2.830926e+02    2.542185e+01
    2.880000e-01    2.841680e+02    2.568070e+01
    2.890000e-01    2.852443e+02    2.594126e+01
    2.900000e-01    2.863215e+02    2.620355e+01
    2.910000e-01    2.873996e+02    2.646757e+01
    2.920000e-01    2.884787e+02    2.673332e+01
    2.930000e-01    2.895586e+02    2.700081e+01
    2.940000e-01    2.906395e+02    2.727004e+01
    2.950000e-01    2.917213e+02    2.754102e+01
    2.960000e-01    2.928040e+02    2.781376e+01
    2.970000e-01    2.938876e+02    2.808825e+01
    2.980000e-01    2.949722e+02    2.836451e+01
    2.990000e-01    2.960577e+02    2.864253e+01
    3.000000e-01    2.971441e+02    2.892232e+01
    3.010000e-01    2.982314e+02    2.920389e+01
    3.020000e-01    2.993197e+02    2.948724e+01
    3.030000e-01    3.004090e+02    2.977237e+01
    3.040000e-01    3.014992e+02    3.005929e+01
    3.050000e-01    3.025903e+02    3.034801e+01
    3.060000e-01    3.036824e+02    3.063852e+01
    3.070000e-01    3.047754e+02    3.093084e+01
    3.080000e-01    3.058694e+02    3.122496e+01
    3.090000e-01    3.069643e+02    3.152090e+01
    3.100000e-01    3.080602e+02    3.181865e+01
    3.110000e-01    3.091571e+02    3.211822e+01
    3.120000e-01    3.102549e+02    3.241961e+01
    3.130000e-01    3.113537e+02    3.272283e+01
    3.140000e-01    3.124535e+02    3.302788e+01
    3.150000e-01    3.135542e+02    3.333477e+01
    3.160000e-01    3.146559e+02    3.364350e+01
    3.170000e-01    3.157587e+02    3.395408e+01
    3.180000e-01    3.168623e+02    3.426650e+01
    3.190000e-01    3.179670e+02    3.458078e+01
    3.200000e-01    3.190727e+02    3.489691e+01
    3.210000e-01    3.201793e+02    3.521490e+01
    3.220000e-01    3.212870e+02    3.553476e+01
    3.230000e-01    3.223956e+02    3.585648e+01
    3.240000e-01    3.235052e+02    3.618008e+01
    3.250000e-01    3.246159e+02    3.650555e+01
    3.260000e-01    3.257275e+02    3.683291e+01
    3.270000e-01    3.268402e+02    3.716214e+01
    3.280000e-01    3.279538e+02    3.749327e+01
    3.290000e-01    3.290685e+02    3.782628e+01
    3.300000e-01    3.301842e+02    3.816119e+01
    3.310000e-01    3.313009e+02    3.849799e+01
    3.320000e-01    3.324186e+02    3.883670e+01
    3.330000e-01    3.335374e+02    3.917732e+01
    3.340000e-01    3.346572e+02    3.951984e+01
    3.350000e-01    3.357780e+02    3.986427e+01
    3.360000e-01    3.368998e+02    4.021062e+01
    3.370000e-01    3.380227e+02    4.055889e+01
    3.380000e-01    3.391466e+02    4.090908e+01
    3.390000e-01    3.402715e+02    4.126120e+01
    3.400000e-01    3.413975e+02    4.161525e+01
    3.410000e-01    3.425246e+02    4.197123e+01
    3.420000e-01    3.436526e+02    4.232914e+01
    3.430000e-01    3.447818e+02    4.268899e+01
    3.440000e-01    3.459119e+02    4.305079e+01
    3.450000e-01    3.470432e+02    4.341453e+01
    3.460000e-01    3.481755e+02    4.378022e+01
    3.470000e-01    3.493088e+02    4.414786e+01
    3.480000e-01    3.504432e+02    4.451745e+01
    3.490000e-01    3.515787e+02    4.488901e+01
    3.500000e-01    3.527152e+02    4.526252e+01
    3.510000e-01    3.538529e+02    4.563799e+01
    3.520000e-01    3.549915e+02    4.601543e+01
    3.530000e-01    3.561313e+02    4.639485e+01
    3.540000e-01    3.572722e+02    4.677623e+01
    3.550000e-01    3.584141e+02    4.715958e+01
    3.560000e-01    3.595571e+02    4.754492e+01
    3.570000e-01    3.607012e+02    4.793223e+01
    3.580000e-01    3.618463e+02    4.832153e+01
    3.590000e-01    3.629926e+02    4.871281e+01
    3.600000e-01    3.641400e+02    4.910609e+01
    3.610000e-01    3.652884e+02    4.950135e+01
    3.620000e-01    3.664380e+02    4.989860e+01
    3.630000e-01    3.675886e+02    5.029785e+01
    3.640000e-01    3.687404e+02    5.069910e+01
    3.650000e-01    3.698932e+02    5.110235e+01
    3.660000e-01    3.710472e+02    5.150760e+01
    3.670000e-01    3.722023e+02    5.191486e+01
    3.680000e-01    3.733585e+02    5.232413e+01
    3.690000e-01    3.745158e+02    5.273540e+01
    3.700000e-01    3.756742e+02    5.314869e+01
    3.710000e-01    3.768337e+02    5.356399e+01
    3.720000e-01    3.779944e+02    5.398131e+01
    3.730000e-01    3.791562e+02    5.440065e+01
    3.740000e-01    3.803191e+02    5.482201e+01
    3.750000e-01    3.814831e+02    5.524539e+01
    3.760000e-01    3.826483e+02    5.567080e+01
    3.770000e-01    3.838146e+02    5.609823e+01
    3.780000e-01    3.849821e+02    5.652770e+01
    3.790000e-01    3.861507e+02    5.695919e+01
    3.800000e-01    3.873204e+02    5.739272e+01
    3.810000e-01    3.884913e+02    5.782828e+01
    3.820000e-01    3.896633e+02    5.826588e+01
    3.830000e-01    3.908364e+02    5.870552e+01
    3.840000e-01    3.920107e+02    5.914720e+01
    3.850000e-01    3.931862e+02    5.959092e+01
    3.860000e-01    3.943628e+02    6.003669e+01
    3.870000e-01    3.955406e+02    6.048450e+01
    3.880000e-01    3.967196e+02    6.093436e+01
    3.890000e-01    3.978997e+02    6.138626e+01
    3.900000e-01    3.990809e+02    6.184022e+01
    3.910000e-01    4.002634e+02    6.229623e+01
    3.920000e-01    4.014470e+02    6.275429e+01
    3.930000e-01    4.026317e+02    6.321441e+01
    3.940000e-01    4.038177e+02    6.367658e+01
    3.950000e-01    4.050048e+02    6.414081e+01
    3.960000e-01    4.061931e+02    6.460710e+01
    3.970000e-01    4.073826e+02    6.507546e+01
    3.980000e-01    4.085732e+02    6.554587e+01
    3.990000e-01    4.097651e+02    6.601834e+01
    4.000000e-01    4.109581e+02    6.649289e+01
    4.010000e-01    4.121523e+02    6.696949e+01
    4.020000e-01    4.133478e+02    6.744816e+01
    4.030000e-01    4.145444e+02    6.792891e+01
    4.040000e-01    4.157422e+02    6.841172e+01
    4.050000e-01    4.169412e+02    6.889660e+01
    4.060000e-01    4.181414e+02    6.938355e+01
    4.070000e-01    4.193428e+02    6.987257e+01
    4.080000e-01    4.205454e+02    7.036367e+01
    4.090000e-01    4.217492e+02    7.085684e+01
    4.100000e-01    4.229542e+02    7.135209e+01
    4.110000e-01    4.241604e+02    7.184941e+01
    4.120000e-01    4.253679e+02    7.234881e+01
    4.130000e-01    4.265765e+02    7.285029e+01
    4.140000e-01    4.277864e+02    7.335385e+01
    4.150000e-01    4.289975e+02    7.385948e+01
    4.160000e-01    4.302098e+02    7.436720e+01
    4.170000e-01    4.314234e+02    7.487700e+01
    4.180000e-01    4.326381e+02    7.538888e+01
    4.190000e-01    4.338541e+02    7.590284e+01
    4.200000e-01    4.350713e+02    7.641889e+01
    4.210000e-01    4.362898e+02    7.693702e+01
    4.220000e-01    4.375095e+02    7.745723e+01
    4.230000e-01    4.387304e+02    7.797953e+01
    4.240000e-01    4.399525e+02    7.850391e+01
    4.250000e-01    4.411759e+02    7.903038e+01
    4.260000e-01    4.424006e+02    7.955894e+01
    4.270000e-01    4.436264e+02    8.008958e+01
    4.280000e-01    4.448536e+02    8.062231e+01
    4.290000e-01    4.460819e+02    8.115713e+01
    4.300000e-01    4.473116e+02    8.169403e+01
    4.310000e-01    4.485424e+02    8.223303e+01
    4.320000e-01    4.497746e+02    8.277411e+01
    4.330000e-01    4.510079e+02    8.331728e+01
    4.340000e-01    4.522426e+02    8.386254e+01
    4.350000e-01    4.534785e+02    8.440990e+01
    4.360000e-01    4.547156e+02    8.495934e+01
    4.370000e-01    4.559540e+02    8.551087e+01
    4.380000e-01    4.571937e+02    8.606449e+01
    4.390000e-01    4.584347e+02    8.662020e+01
    4.400000e-01    4.596769e+02    8.717800e+01
    4.410000e-01    4.609204e+02    8.773790e+01
    4.420000e-01    4.621651e+02    8.829988e+01
    4.430000e-01    4.634112e+02    8.886395e+01
    4.440000e-01    4.646585e+02    8.943012e+01
    4.450000e-01    4.659071e+02    8.999838e+01
    4.460000e-01    4.671569e+02    9.056872e+01
    4.470000e-01    4.684081e+02    9.114116e+01
    4.480000e-01    4.696605e+02    9.171569e+01
    4.490000e-01    4.709142e+02    9.229231e+01
    4.500000e-01    4.721692e+02    9.287101e+01
    4.510000e-01    4.734255e+02    9.345181e+01
    4.520000e-01    4.746831e+02    9.403470e+01
    4.530000e-01    4.759420e+02    9.461968e+01
    4.540000e-01    4.772021e+02    9.520675e+01
    4.550000e-01    4.784636e+02    9.579591e+01
    4.560000e-01    4.797263e+02    9.638716e+01
    4.570000e-01    4.809904e+02    9.698050e+01
    4.580000e-01    4.822558e+02    9.757592e+01
    4.590000e-01    4.835224e+02    9.817344e+01
    4.600000e-01    4.847904e+02    9.877304e+01
    4.610000e-01    4.860597e+02    9.937473e+01
    4.620000e-01    4.873302e+02    9.997851e+01
    4.630000e-01    4.886021e+02    1.005844e+02
    4.640000e-01    4.898753e+02    1.011923e+02
    4.650000e-01    4.911498e+02    1.018024e+02
    4.660000e-01    4.924256e+02    1.024145e+02
    4.670000e-01    4.937028e+02    1.030287e+02
    4.680000e-01    4.949812e+02    1.036450e+02
    4.690000e-01    4.962610e+02    1.042634e+02
    4.700000e-01    4.975421e+02    1.048838e+02
    4.710000e-01    4.988245e+02    1.055064e+02
    4.720000e-01    5.001083e+02    1.061310e+02
    4.730000e-01    5.013933e+02    1.067577e+02
    4.740000e-01    5.026797e+02    1.073865e+02
    4.750000e-01    5.039675e+02    1.080174e+02
    4.760000e-01    5.052565e+02    1.086504e+02
    4.770000e-01    5.065469e+02    1.092854e+02
    4.780000e-01    5.078386e+02    1.099225e+02
    4.790000e-01    5.091317e+02    1.105617e+02
    4.800000e-01    5.104261e+02    1.112030e+02
    4.810000e-01    5.117218e+02    1.118464e+02
    4.820000e-01    5.130189e+02    1.124918e+02
    4.830000e-01    5.143173e+02    1.131393e+02
    4.840000e-01    5.156170e+02    1.137889e+02
    4.850000e-01    5.169181e+02    1.144405e+02
    4.860000e-01    5.182206e+02    1.150942e+02
    4.870000e-01    5.195244e+02    1.157501e+02
    4.880000e-01    5.208295e+02    1.164079e+02
    4.890000e-01    5.221360e+02    1.170679e+02
    4.900000e-01    5.234438e+02    1.177299e+02
    4.910000e-01    5.247530e+02    1.183940e+02
    4.920000e-01    5.260636e+02    1.190601e+02
    4.930000e-01    5.273755e+02    1.197284e+02
    4.940000e-01    5.286887e+02    1.203986e+02
    4.950000e-01    5.300034e+02    1.210710e+02
    4.960000e-01    5.313194e+02    1.217454e+02
    4.970000e-01    5.326367e+02    1.224219e+02
    4.980000e-01    5.339554e+02    1.231005e+02
    4.990000e-01    5.352755e+02    1.237811e+02
    5.000000e-01    5.365969e+02    1.244638e+02
    5.010000e-01    5.379197e+02    1.251485e+02
    5.020000e-01    5.392439e+02    1.258353e+02
    5.030000e-01    5.405694e+02    1.265242e+02
    5.040000e-01    5.418964e+02    1.272151e+02
    5.050000e-01    5.432246e+02    1.279080e+02
    5.060000e-01    5.445543e+02    1.286031e+02
    5.070000e-01    5.458853e+02    1.293002e+02
    5.080000e-01    5.472178e+02    1.299993e+02
    5.090000e-01    5.485516e+02    1.307005e+02
    5.100000e-01    5.498867e+02    1.314037e+02
    5.110000e-01    5.512233e+02    1.321090e+02
    5.120000e-01    5.525612e+02    1.328164e+02
    5.130000e-01    5.539005e+02    1.335258e+02
    5.140000e-01    5.552412e+02    1.342372e+02
    5.150000e-01    5.565833e+02    1.349507e+02
    5.160000e-01    5.579268e+02    1.356662e+02
    5.170000e-01    5.592717e+02    1.363838e+02
    5.180000e-01    5.606179e+02    1.371034e+02
    5.190000e-01    5.619656e+02    1.378251e+02
    5.200000e-01    5.633146e+02    1.385488e+02
    5.210000e-01    5.646651e+02    1.392745e+02
    5.220000e-01    5.660169e+02    1.400023e+02
    5.230000e-01    5.673701e+02    1.407321e+02
    5.240000e-01    5.687247e+02    1.414640e+02
    5.250000e-01    5.700808e+02    1.421979e+02
    5.260000e-01    5.714382e+02    1.429338e+02
    5.270000e-01    5.727970e+02    1.436718e+02
    5.280000e-01    5.741572e+02    1.444118e+02
    5.290000e-01    5.755189e+02    1.451538e+02
    5.300000e-01    5.768819e+02    1.458979e+02
    5.310000e-01    5.782463e+02    1.466439e+02
    5.320000e-01    5.796122e+02    1.473921e+02
    5.330000e-01    5.809794e+02    1.481422e+02
    5.340000e-01    5.823481e+02    1.488943e+02
    5.350000e-01    5.837182e+02    1.496485e+02
    5.360000e-01    5.850896e+02    1.504047e+02
    5.370000e-01    5.864625e+02    1.511630e+02
    5.380000e-01    5.878369e+02    1.519232e+02
    5.390000e-01    5.892126e+02    1.526855e+02
    5.400000e-01    5.905897e+02    1.534498e+02
    5.410000e-01    5.919683e+02    1.542161e+02
    5.420000e-01    5.933483e+02    1.549844e+02
    5.430000e-01    5.947297e+02    1.557547e+02
    5.440000e-01    5.961125e+02    1.565270e+02
    5.450000e-01    5.974967e+02    1.573014e+02
    5.460000e-01    5.988824e+02    1.580778e+02
    5.470000e-01    6.002695e+02    1.588561e+02
    5.480000e-01    6.016580e+02    1.596365e+02
    5.490000e-01    6.030479e+02    1.604189e+02
    5.500000e-01    6.044393e+02    1.612033e+02
    5.510000e-01    6.058321e+02    1.619897e+02
    5.520000e-01    6.072263e+02    1.627781e+02
    5.530000e-01    6.086219e+02    1.635684e+02
    5.540000e-01    6.100190e+02    1.643608e+02
    5.550000e-01    6.114175e+02    1.651552e+02
    5.560000e-01    6.128175e+02    1.659516e+02
    5.570000e-01    6.142189e+02    1.667500e+02
    5.580000e-01    6.156217e+02    1.675504e+02
    5.590000e-01    6.170259e+02    1.683527e+02
    5.600000e-01    6.184316e+02    1.691571e+02
    5.610000e-01    6.198387e+02    1.699635e+02
    5.620000e-01    6.212473e+02    1.707718e+02
    5.630000e-01    6.226573e+02    1.715821e+02
    5.640000e-01    6.240688e+02    1.723944e+02
    5.650000e-01    6.254817e+02    1.732087e+02
    5.660000e-01    6.268960e+02    1.740250e+02
    5.670000e-01    6.283118e+02    1.748433e+02
    5.680000e-01    6.297290e+02    1.756635e+02
    5.690000e-01    6.311477e+02    1.764858e+02
    5.700000e-01    6.325678e+02    1.773100e+02
    5.710000e-01    6.339893e+02    1.781361e+02
    5.720000e-01    6.354123e+02    1.789643e+02
    5.730000e-01    6.368368e+02    1.797944e+02
    5.740000e-01    6.382627e+02    1.806265e+02
    5.750000e-01    6.396901e+02    1.814606e+02
    5.760000e-01    6.411189e+02    1.822966e+02
    5.770000e-01    6.425492e+02    1.831347e+02
    5.780000e-01    6.439809e+02    1.839746e+02
    5.790000e-01    6.454141e+02    1.848166e+02
    5.800000e-01    6.468487e+02    1.856605e+02
    5.810000e-01    6.482848e+02    1.865064e+02
    5.820000e-01    6.497223e+02    1.873542e+02
    5.830000e-01    6.511613e+02    1.882040e+02
    5.840000e-01    6.526018e+02    1.890557e+02
    5.850000e-01    6.540437e+02    1.899095e+02
    5.860000e-01    6.554871e+02    1.907651e+02
    5.870000e-01    6.569320e+02    1.916227e+02
    5.880000e-01    6.583783e+02    1.924823e+02
    5.890000e-01    6.598260e+02    1.933439e+02
    5.900000e-01    6.612753e+02    1.942073e+02
    5.910000e-01    6.627260e+02    1.950728e+02
    5.920000e-01    6.641781e+02    1.959401e+02
    5.930000e-01    6.656318e+02    1.968095e+02
    5.940000e-01    6.670869e+02    1.976807e+02
    5.950000e-01    6.685435e+02    1.985540e+02
    5.960000e-01    6.700015e+02    1.994291e+02
    5.970000e-01    6.714610e+02    2.003062e+02
    5.980000e-01    6.729220e+02    2.011853e+02
    5.990000e-01    6.743844e+02    2.020662e+02
    6.000000e-01    6.758484e+02    2.029492e+02
    6.010000e-01    6.773138e+02    2.038340e+02
    6.020000e-01    6.787806e+02    2.047208e+02
    6.030000e-01    6.802490e+02    2.056095e+02
    6.040000e-01    6.817188e+02    2.065002e+02
    6.050000e-01    6.831901e+02    2.073927e+02
    6.060000e-01    6.846629e+02    2.082873e+02
    6.070000e-01    6.861371e+02    2.091837e+02
    6.080000e-01    6.876129e+02    2.100821e+02
    6.090000e-01    6.890901e+02    2.109824e+02
    6.100000e-01    6.905688e+02    2.118846e+02
    6.110000e-01    6.920490e+02    2.127887e+02
    6.120000e-01    6.935306e+02    2.136948e+02
    6.130000e-01    6.950137e+02    2.146028e+02
    6.140000e-01    6.964984e+02    2.155127e+02
    6.150000e-01    6.979845e+02    2.164245e+02
    6.160000e-01    6.994721e+02    2.173382e+02
    6.170000e-01    7.009611e+02    2.182538e+02
    6.180000e-01    7.024517e+02    2.191714e+02
    6.190000e-01    7.039437e+02    2.200909e+02
    6.200000e-01    7.054373e+02    2.210123e+02
    6.210000e-01    7.069323e+02    2.219356e+02
    6.220000e-01    7.084288e+02    2.228608e+02
    6.230000e-01    7.099268e+02    2.237879e+02
    6.240000e-01    7.114263e+02    2.247169e+02
    6.250000e-01    7.129272e+02    2.256478e+02
    6.260000e-01    7.144297e+02    2.265806e+02
    6.270000e-01    7.159337e+02    2.275153e+02
    6.280000e-01    7.174391e+02    2.284519e+02
    6.290000e-01    7.189460e+02    2.293905e+02
    6.300000e-01    7.204545e+02    2.303309e+02
    6.310000e-01    7.219644e+02    2.312732e+02
    6.320000e-01    7.234758e+02    2.322174e+02
    6.330000e-01    7.249888e+02    2.331635e+02
    6.340000e-01    7.265032e+02    2.341115e+02
    6.350000e-01    7.280191e+02    2.350614e+02
    6.360000e-01    7.295365e+02    2.360131e+02
    6.370000e-01    7.310554e+02    2.369668e+02
    6.380000e-01    7.325758e+02    2.379223e+02
    6.390000e-01    7.340977e+02    2.388798e+02
    6.400000e-01    7.356211e+02    2.398391e+02
    6.410000e-01    7.371460e+02    2.408003e+02
    6.420000e-01    7.386724e+02    2.417634e+02
    6.430000e-01    7.402003e+02    2.427283e+02
    6.440000e-01    7.417298e+02    2.436952e+02
    6.450000e-01    7.432607e+02    2.446639e+02
    6.460000e-01    7.447931e+02    2.456345e+02
    6.470000e-01    7.463270e+02    2.466070e+02
    6.480000e-01    7.478624e+02    2.475813e+02
    6.490000e-01    7.493994e+02    2.485575e+02
    6.500000e-01    7.509378e+02    2.495356e+02
    6.510000e-01    7.524778e+02    2.505156e+02
    6.520000e-01    7.540192e+02    2.514974e+02
    6.530000e-01    7.555622e+02    2.524811e+02
    6.540000e-01    7.571066e+02    2.534667e+02
    6.550000e-01    7.586526e+02    2.544541e+02
    6.560000e-01    7.602001e+02    2.554434e+02
    6.570000e-01    7.617491e+02    2.564345e+02
    6.580000e-01    7.632996e+02    2.574276e+02
    6.590000e-01    7.648516e+02    2.584224e+02
    6.600000e-01    7.664051e+02    2.594192e+02
    6.610000e-01    7.679601e+02    2.604178e+02
    6.620000e-01    7.695167e+02    2.614182e+02
    6.630000e-01    7.710748e+02    2.624205e+02
    6.640000e-01    7.726343e+02    2.634247e+02
    6.650000e-01    7.741954e+02    2.644307e+02
    6.660000e-01    7.757580e+02    2.654386e+02
    6.670000e-01    7.773221e+02    2.664483e+02
    6.680000e-01    7.788878e+02    2.674599e+02
    6.690000e-01    7.804549e+02    2.684733e+02
    6.700000e-01    7.820236e+02    2.694886e+02
    6.710000e-01    7.835937e+02    2.705057e+02
    6.720000e-01    7.851654e+02    2.715246e+02
    6.730000e-01    7.867387e+02    2.725454e+02
    6.740000e-01    7.883134e+02    2.735680e+02
    6.750000e-01    7.898896e+02    2.745925e+02
    6.760000e-01    7.914674e+02    2.756188e+02
    6.770000e-01    7.930467e+02    2.766470e+02
    6.780000e-01    7.946275e+02    2.776770e+02
    6.790000e-01    7.962098e+02    2.787088e+02
    6.800000e-01    7.977937e+02    2.797425e+02
    6.810000e-01    7.993791e+02    2.807780e+02
    6.820000e-01    8.009660e+02    2.818153e+02
    6.830000e-01    8.025544e+02    2.828545e+02
    6.840000e-01    8.041443e+02    2.838955e+02
    6.850000e-01    8.057358e+02    2.849383e+02
    6.860000e-01    8.073288e+02    2.859830e+02
    6.870000e-01    8.089233e+02    2.870295e+02
    6.880000e-01    8.105193e+02    2.880778e+02
    6.890000e-01    8.121169e+02    2.891279e+02
    6.900000e-01    8.137160e+02    2.901798e+02
    6.910000e-01    8.153166e+02    2.912336e+02
    6.920000e-01    8.169187e+02    2.922892e+02
    6.930000e-01    8.185224e+02    2.933466e+02
    6.940000e-01    8.201276e+02    2.944059e+02
    6.950000e-01    8.217343e+02    2.954669e+02
    6.960000e-01    8.233425e+02    2.965298e+02
    6.970000e-01    8.249523e+02    2.975945e+02
    6.980000e-01    8.265636e+02    2.986610e+02
    6.990000e-01    8.281765e+02    2.997293e+02
    7.000000e-01    8.297908e+02    3.007994e+02
    7.010000e-01    8.314067e+02    3.018714e+02
    7.020000e-01    8.330241e+02    3.029451e+02
    7.030000e-01    8.346431e+02    3.040207e+02
    7.040000e-01    8.362636e+02    3.050981e+02
    7.050000e-01    8.378856e+02    3.061772e+02
    7.060000e-01    8.395091e+02    3.072582e+02
    7.070000e-01    8.411342e+02    3.083410e+02
    7.080000e-01    8.427608e+02    3.094256e+02
    7.090000e-01    8.443890e+02    3.105120e+02
    7.100000e-01    8.460187e+02    3.116002e+02
    7.110000e-01    8.476499e+02    3.126902e+02
    7.120000e-01    8.492826e+02    3.137820e+02
    7.130000e-01    8.509169e+02    3.148755e+02
    7.140000e-01    8.525527e+02    3.159709e+02
    7.150000e-01    8.541901e+02    3.170681e+02
    7.160000e-01    8.558290e+02    3.181671e+02
    7.170000e-01    8.574694e+02    3.192679e+02
    7.180000e-01    8.591114e+02    3.203704e+02
    7.190000e-01    8.607549e+02    3.214748e+02
    7.200000e-01    8.623999e+02    3.225809e+02
    7.210000e-01    8.640465e+02    3.236889e+02
    7.220000e-01    8.656946e+02    3.247986e+02
    7.230000e-01    8.673443e+02    3.259101e+02
    7.240000e-01    8.689955e+02    3.270234e+02
    7.250000e-01    8.706482e+02    3.281385e+02
    7.260000e-01    8.723025e+02    3.292554e+02
    7.270000e-01    8.739583e+02    3.303740e+02
    7.280000e-01    8.756156e+02    3.314945e+02
    7.290000e-01    8.772745e+02    3.326167e+02
    7.300000e-01    8.789349e+02    3.337407e+02
    7.310000e-01    8.805969e+02    3.348665e+02
    7.320000e-01    8.822604e+02    3.359940e+02
    7.330000e-01    8.839255e+02    3.371234e+02
    7.340000e-01    8.855921e+02    3.382545e+02
    7.350000e-01    8.872602e+02    3.393874e+02
    7.360000e-01    8.889299e+02    3.405220e+02
    7.370000e-01    8.906011e+02    3.416585e+02
    7.380000e-01    8.922739e+02    3.427967e+02
    7.390000e-01    8.939482e+02    3.439367e+02
    7.400000e-01    8.956240e+02    3.450784e+02
    7.410000e-01    8.973014e+02    3.462219e+02
    7.420000e-01    8.989804e+02    3.473672e+02
    7.430000e-01    9.006608e+02    3.485143e+02
    7.440000e-01    9.023429e+02    3.496631e+02
    7.450000e-01    9.040265e+02    3.508137e+02
    7.460000e-01    9.057116e+02    3.519661e+02
    7.470000e-01    9.073982e+02    3.531202e+02
    7.480000e-01    9.090865e+02    3.542761e+02
    7.490000e-01    9.107762e+02    3.554337e+02
    7.500000e-01    9.124675e+02    3.565931e+02
    7.510000e-01    9.141604e+02    3.577543e+02
    7.520000e-01    9.158548e+02    3.589172e+02
    7.530000e-01    9.175507e+02    3.600819e+02
    7.540000e-01    9.192482e+02    3.612484e+02
    7.550000e-01    9.209473e+02    3.624166e+02
    7.560000e-01    9.226479e+02    3.635865e+02
    7.570000e-01    9.243500e+02    3.647582e+02
    7.580000e-01    9.260537e+02    3.659317e+02
    7.590000e-01    9.277589e+02    3.671069e+02
    7.600000e-01    9.294657e+02    3.682839e+02
    7.610000e-01    9.311741e+02    3.694626e+02
    7.620000e-01    9.328840e+02    3.706431e+02
    7.630000e-01    9.345954e+02    3.718253e+02
    7.640000e-01    9.363084e+02    3.730093e+02
    7.650000e-01    9.380229e+02    3.741950e+02
    7.660000e-01    9.397390e+02    3.753824e+02
    7.670000e-01    9.414567e+02    3.765716e+02
    7.680000e-01    9.431759e+02    3.777626e+02
    7.690000e-01    9.448966e+02    3.789553e+02
    7.700000e-01    9.466189e+02    3.801497e+02
    7.710000e-01    9.483428e+02    3.813459e+02
    7.720000e-01    9.500682e+02    3.825438e+02
    7.730000e-01    9.517951e+02    3.837435e+02
    7.740000e-01    9.535236e+02    3.849449e+02
    7.750000e-01    9.552537e+02    3.861480e+02
    7.760000e-01    9.569853e+02    3.873529e+02
    7.770000e-01    9.587185e+02    3.885595e+02
    7.780000e-01    9.604532e+02    3.897679e+02
    7.790000e-01    9.621895e+02    3.909780e+02
    7.800000e-01    9.639273e+02    3.921898e+02
    7.810000e-01    9.656667e+02    3.934033e+02
    7.820000e-01    9.674077e+02    3.946186e+02
    7.830000e-01    9.691502e+02    3.958356e+02
    7.840000e-01    9.708942e+02    3.970544e+02
    7.850000e-01    9.726398e+02    3.982749e+02
    7.860000e-01    9.743870e+02    3.994971e+02
    7.870000e-01    9.761357e+02    4.007210e+02
    7.880000e-01    9.778860e+02    4.019467e+02
    7.890000e-01    9.796378e+02    4.031741e+02
    7.900000e-01    9.813912e+02    4.044032e+02
    7.910000e-01    9.831462e+02    4.056340e+02
    7.920000e-01    9.849027e+02    4.068666e+02
    7.930000e-01    9.866608e+02    4.081009e+02
    7.940000e-01    9.884204e+02    4.093369e+02
    7.950000e-01    9.901815e+02    4.105747e+02
    7.960000e-01    9.919443e+02    4.118141e+02
    7.970000e-01    9.937086e+02    4.130553e+02
    7.980000e-01    9.954744e+02    4.142982e+02
    7.990000e-01    9.972418e+02    4.155428e+02
    8.000000e-01    9.990108e+02    4.167891e+02
    8.010000e-01    1.000781e+03    4.180372e+02
    8.020000e-01    1.002553e+03    4.192870e+02
    8.030000e-01    1.004327e+03    4.205384e+02
    8.040000e-01    1.006102e+03    4.217916e+02
    8.050000e-01    1.007879e+03    4.230466e+02
    8.060000e-01    1.009657e+03    4.243032e+02
    8.070000e-01    1.011437e+03    4.255615e+02
    8.080000e-01    1.013219e+03    4.268216e+02
    8.090000e-01    1.015002e+03    4.280833e+02
    8.100000e-01    1.016786e+03    4.293468e+02
    8.110000e-01    1.018572e+03    4.306120e+02
    8.120000e-01    1.020360e+03    4.318789e+02
    8.130000e-01    1.022149e+03    4.331475e+02
    8.140000e-01    1.023940e+03    4.344178e+02
    8.150000e-01    1.025733e+03    4.356898e+02
    8.160000e-01    1.027526e+03    4.369635e+02
    8.170000e-01    1.029322e+03    4.382389e+02
    8.180000e-01    1.031119e+03    4.395161e+02
    8.190000e-01    1.032918e+03    4.407949e+02
    8.200000e-01    1.034718e+03    4.420754e+02
    8.210000e-01    1.036520e+03    4.433577e+02
    8.220000e-01    1.038323e+03    4.446416e+02
    8.230000e-01    1.040128e+03    4.459272e+02
    8.240000e-01    1.041934e+03    4.472146e+02
    8.250000e-01    1.043742e+03    4.485036e+02
    8.260000e-01    1.045552e+03    4.497943e+02
    8.270000e-01    1.047363e+03    4.510868e+02
    8.280000e-01    1.049176e+03    4.523809e+02
    8.290000e-01    1.050990e+03    4.536767e+02
    8.300000e-01    1.052806e+03    4.549743e+02
    8.310000e-01    1.054623e+03    4.562735e+02
    8.320000e-01    1.056442e+03    4.575744e+02
    8.330000e-01    1.058263e+03    4.588770e+02
    8.340000e-01    1.060085e+03    4.601813e+02
    8.350000e-01    1.061908e+03    4.614873e+02
    8.360000e-01    1.063733e+03    4.627949e+02
    8.370000e-01    1.065560e+03    4.641043e+02
    8.380000e-01    1.067389e+03    4.654154e+02
    8.390000e-01    1.069218e+03    4.667281e+02
    8.400000e-01    1.071050e+03    4.680426e+02
    8.410000e-01    1.072883e+03    4.693587e+02
    8.420000e-01    1.074718e+03    4.706765e+02
    8.430000e-01    1.076554e+03    4.719960e+02
    8.440000e-01    1.078392e+03    4.733172e+02
    8.450000e-01    1.080231e+03    4.746401e+02
    8.460000e-01    1.082072e+03    4.759646e+02
    8.470000e-01    1.083914e+03    4.772908e+02
    8.480000e-01    1.085758e+03    4.786188e+02
    8.490000e-01    1.087604e+03    4.799484e+02
    8.500000e-01    1.089451e+03    4.812797e+02
    8.510000e-01    1.091300e+03    4.826126e+02
    8.520000e-01    1.093150e+03    4.839473e+02
    8.530000e-01    1.095002e+03    4.852836e+02
    8.540000e-01    1.096855e+03    4.866216e+02
    8.550000e-01    1.098710e+03    4.879613e+02
    8.560000e-01    1.100567e+03    4.893027e+02
    8.570000e-01    1.102425e+03    4.906457e+02
    8.580000e-01    1.104284e+03    4.919904e+02
    8.590000e-01    1.106146e+03    4.933368e+02
    8.600000e-01    1.108008e+03    4.946849e+02
    8.610000e-01    1.109873e+03    4.960346e+02
    8.620000e-01    1.111739e+03    4.973860e+02
    8.630000e-01    1.113606e+03    4.987391e+02
    8.640000e-01    1.115475e+03    5.000939e+02
    8.650000e-01    1.117346e+03    5.014503e+02
    8.660000e-01    1.119218e+03    5.028084e+02
    8.670000e-01    1.121092e+03    5.041682e+02
    8.680000e-01    1.122967e+03    5.055297e+02
    8.690000e-01    1.124844e+03    5.068928e+02
    8.700000e-01    1.126723e+03    5.082576e+02
    8.710000e-01    1.128603e+03    5.096240e+02
    8.720000e-01    1.130485e+03    5.109922e+02
    8.730000e-01    1.132368e+03    5.123620e+02
    8.740000e-01    1.134252e+03    5.137334e+02
    8.750000e-01    1.136139e+03    5.151065e+02
    8.760000e-01    1.138027e+03    5.164813e+02
    8.770000e-01    1.139916e+03    5.178578e+02
    8.780000e-01    1.141807e+03    5.192359e+02
    8.790000e-01    1.143700e+03    5.206157e+02
    8.800000e-01    1.145594e+03    5.219971e+02
    8.810000e-01    1.147490e+03    5.233802e+02
    8.820000e-01    1.149387e+03    5.247650e+02
    8.830000e-01    1.151286e+03    5.261515e+02
    8.840000e-01    1.153187e+03    5.275395e+02
    8.850000e-01    1.155089e+03    5.289293e+02
    8.860000e-01    1.156992e+03    5.303207e+02
    8.870000e-01    1.158898e+03    5.317138e+02
    8.880000e-01    1.160804e+03    5.331085e+02
    8.890000e-01    1.162713e+03    5.345049e+02
    8.900000e-01    1.164623e+03    5.359030e+02
    8.910000e-01    1.166534e+03    5.373027e+02
    8.920000e-01    1.168447e+03    5.387040e+02
    8.930000e-01    1.170362e+03    5.401070e+02
    8.940000e-01    1.172278e+03    5.415117e+02
    8.950000e-01    1.174196e+03    5.429180e+02
    8.960000e-01    1.176115e+03    5.443260e+02
    8.970000e-01    1.178036e+03    5.457356e+02
    8.980000e-01    1.179959e+03    5.471469e+02
    8.990000e-01    1.181883e+03    5.485599e+02
    9.000000e-01    1.183808e+03    5.499744e+02
    9.010000e-01    1.185735e+03    5.513907e+02
    9.020000e-01    1.187664e+03    5.528086e+02
    9.030000e-01    1.189595e+03    5.542281e+02
    9.040000e-01    1.191527e+03    5.556493e+02
    9.050000e-01    1.193460e+03    5.570721e+02
    9.060000e-01    1.195395e+03    5.584966e+02
    9.070000e-01    1.197332e+03    5.599228e+02
    9.080000e-01    1.199270e+03    5.613506e+02
    9.090000e-01    1.201210e+03    5.627800e+02
    9.100000e-01    1.203151e+03    5.642111e+02
    9.110000e-01    1.205094e+03    5.656438e+02
    9.120000e-01    1.207039e+03    5.670782e+02
    9.130000e-01    1.208985e+03    5.685142e+02
    9.140000e-01    1.210932e+03    5.699518e+02
    9.150000e-01    1.212882e+03    5.713911e+02
    9.160000e-01    1.214832e+03    5.728321e+02
    9.170000e-01    1.216785e+03    5.742747e+02
    9.180000e-01    1.218739e+03    5.757189e+02
    9.190000e-01    1.220694e+03    5.771647e+02
    9.200000e-01    1.222651e+03    5.786123e+02
    9.210000e-01    1.224610e+03    5.800614e+02
    9.220000e-01    1.226570e+03    5.815122e+02
    9.230000e-01    1.228532e+03    5.829646e+02
    9.240000e-01    1.230496e+03    5.844187e+02
    9.250000e-01    1.232461e+03    5.858744e+02
    9.260000e-01    1.234427e+03    5.873318e+02
    9.270000e-01    1.236395e+03    5.887907e+02
    9.280000e-01    1.238365e+03    5.902514e+02
    9.290000e-01    1.240336e+03    5.917136e+02
    9.300000e-01    1.242309e+03    5.931775e+02
    9.310000e-01    1.244284e+03    5.946431e+02
    9.320000e-01    1.246260e+03    5.961102e+02
    9.330000e-01    1.248237e+03    5.975790e+02
    9.340000e-01    1.250216e+03    5.990495e+02
    9.350000e-01    1.252197e+03    6.005215e+02
    9.360000e-01    1.254179e+03    6.019952e+02
    9.370000e-01    1.256163e+03    6.034706e+02
    9.380000e-01    1.258149e+03    6.049475e+02
    9.390000e-01    1.260136e+03    6.064261e+02
    9.400000e-01    1.262124e+03    6.079063e+02
    9.410000e-01    1.264114e+03    6.093882e+02
    9.420000e-01    1.266106e+03    6.108717e+02
    9.430000e-01    1.268100e+03    6.123568e+02
    9.440000e-01    1.270094e+03    6.138436e+02
    9.450000e-01    1.272091e+03    6.153319e+02
    9.460000e-01    1.274089e+03    6.168219e+02
    9.470000e-01    1.276089e+03    6.183136e+02
    9.480000e-01    1.278090e+03    6.198068e+02
    9.490000e-01    1.280093e+03    6.213017e+02
    9.500000e-01    1.282097e+03    6.227982e+02
    9.510000e-01    1.284103e+03    6.242964e+02
    9.520000e-01    1.286110e+03    6.257962e+02
    9.530000e-01    1.288120e+03    6.272975e+02
    9.540000e-01    1.290130e+03    6.288006e+02
    9.550000e-01    1.292142e+03    6.303052e+02
    9.560000e-01    1.294156e+03    6.318115e+02
    9.570000e-01    1.296172e+03    6.333194e+02
    9.580000e-01    1.298189e+03    6.348289e+02
    9.590000e-01    1.300207e+03    6.363400e+02
    9.600000e-01    1.302227e+03    6.378528e+02
    9.610000e-01    1.304249e+03    6.393671e+02
    9.620000e-01    1.306272e+03    6.408831e+02
    9.630000e-01    1.308297e+03    6.424008e+02
    9.640000e-01    1.310324e+03    6.439200e+02
    9.650000e-01    1.312352e+03    6.454409e+02
    9.660000e-01    1.314381e+03    6.469633e+02
    9.670000e-01    1.316412e+03    6.484874e+02
    9.680000e-01    1.318445e+03    6.500132e+02
    9.690000e-01    1.320479e+03    6.515405e+02
    9.700000e-01    1.322515e+03    6.530694e+02
    9.710000e-01    1.324553e+03    6.546000e+02
    9.720000e-01    1.326592e+03    6.561322e+02
    9.730000e-01    1.328632e+03    6.576660e+02
    9.740000e-01    1.330675e+03    6.592014e+02
    9.750000e-01    1.332718e+03    6.607385e+02
    9.760000e-01    1.334764e+03    6.622771e+02
    9.770000e-01    1.336811e+03    6.638174e+02
    9.780000e-01    1.338859e+03    6.653592e+02
    9.790000e-01    1.340909e+03    6.669027e+02
    9.800000e-01    1.342961e+03    6.684478e+02
    9.810000e-01    1.345014e+03    6.699946e+02
    9.820000e-01    1.347069e+03    6.715429e+02
    9.830000e-01    1.349126e+03    6.730928e+02
    9.840000e-01    1.351184e+03    6.746444e+02
    9.850000e-01    1.353243e+03    6.761976e+02
    9.860000e-01    1.355304e+03    6.777523e+02
    9.870000e-01    1.357367e+03    6.793087e+02
    9.880000e-01    1.359431e+03    6.808667e+02
    9.890000e-01    1.361497e+03    6.824263e+02
    9.900000e-01    1.363565e+03    6.839876e+02
    9.910000e-01    1.365634e+03    6.855504e+02
    9.920000e-01    1.367704e+03    6.871148e+02
    9.930000e-01    1.369776e+03    6.886809e+02
    9.940000e-01    1.371850e+03    6.902485e+02
    9.950000e-01    1.373925e+03    6.918178e+02
    9.960000e-01    1.376002e+03    6.933886e+02
    9.970000e-01    1.378081e+03    6.949611e+02
    9.980000e-01    1.380161e+03    6.965352e+02
    9.990000e-01    1.382243e+03    6.981109e+02
    1.000000e+00    1.384326e+03    6.996882e+02
    1.001000e+00    1.386411e+03    7.012671e+02
    1.002000e+00    1.388497e+03    7.028476e+02
    1.003000e+00    1.390585e+03    7.044297e+02
    1.004000e+00    1.392674e+03    7.060134e+02
    1.005000e+00    1.394766e+03    7.075987e+02
    1.006000e+00    1.396858e+03    7.091856e+02
    1.007000e+00    1.398953e+03    7.107741e+02
    1.008000e+00    1.401048e+03    7.123642e+02
    1.009000e+00    1.403146e+03    7.139560e+02
    1.010000e+00    1.405245e+03    7.155493e+02
    1.011000e+00    1.407345e+03    7.171442e+02
    1.012000e+00    1.409448e+03    7.187407e+02
    1.013000e+00    1.411551e+03    7.203389e+02
    1.014000e+00    1.413657e+03    7.219386e+02
    1.015000e+00    1.415764e+03    7.235399e+02
    1.016000e+00    1.417872e+03    7.251429e+02
    1.017000e+00    1.419982e+03    7.267474e+02
    1.018000e+00    1.422094e+03    7.283535e+02
    1.019000e+00    1.424207e+03    7.299612e+02
    1.020000e+00    1.426322e+03    7.315705e+02
    1.021000e+00    1.428438e+03    7.331815e+02
    1.022000e+00    1.430556e+03    7.347940e+02
    1.023000e+00    1.432676e+03    7.364081e+02
    1.024000e+00    1.434797e+03    7.380238e+02
    1.025000e+00    1.436919e+03    7.396411e+02
    1.026000e+00    1.439044e+03    7.412600e+02
    1.027000e+00    1.441169e+03    7.428805e+02
    1.028000e+00    1.443297e+03    7.445026e+02
    1.029000e+00    1.445426e+03    7.461263e+02
    1.030000e+00    1.447556e+03    7.477516e+02
    1.031000e+00    1.449689e+03    7.493784e+02
    1.032000e+00    1.451822e+03    7.510069e+02
    1.033000e+00    1.453958e+03    7.526370e+02
    1.034000e+00    1.456095e+03    7.542686e+02
    1.035000e+00    1.458233e+03    7.559019e+02
    1.036000e+00    1.460373e+03    7.575367e+02
    1.037000e+00    1.462515e+03    7.591731e+02
    1.038000e+00    1.464658e+03    7.608112e+02
    1.039000e+00    1.466803e+03    7.624508e+02
    1.040000e+00    1.468949e+03    7.640920e+02
    1.041000e+00    1.471097e+03    7.657348e+02
    1.042000e+00    1.473247e+03    7.673792e+02
    1.043000e+00    1.475398e+03    7.690251e+02
    1.044000e+00    1.477550e+03    7.706727e+02
    1.045000e+00    1.479705e+03    7.723219e+02
    1.046000e+00    1.481860e+03    7.739726e+02
    1.047000e+00    1.484018e+03    7.756249e+02
    1.048000e+00    1.486177e+03    7.772789e+02
    1.049000e+00    1.488337e+03    7.789344e+02
    1.050000e+00    1.490500e+03    7.805915e+02
    1.051000e+00    1.492663e+03    7.822502e+02
    1.052000e+00    1.494829e+03    7.839104e+02
    1.053000e+00    1.496995e+03    7.855723e+02
    1.054000e+00    1.499164e+03    7.872357e+02
    1.055000e+00    1.501334e+03    7.889008e+02
    1.056000e+00    1.503506e+03    7.905674e+02
    1.057000e+00    1.505679e+03    7.922356e+02
    1.058000e+00    1.507854e+03    7.939054e+02
    1.059000e+00    1.510030e+03    7.955767e+02
    1.060000e+00    1.512208e+03    7.972497e+02
    1.061000e+00    1.514387e+03    7.989242e+02
    1.062000e+00    1.516569e+03    8.006004e+02
    1.063000e+00    1.518751e+03    8.022781e+02
    1.064000e+00    1.520935e+03    8.039574e+02
    1.065000e+00    1.523121e+03    8.056382e+02
    1.066000e+00    1.525309e+03    8.073207e+02
    1.067000e+00    1.527498e+03    8.090047e+02
    1.068000e+00    1.529688e+03    8.106904e+02
    1.069000e+00    1.531880e+03    8.123776e+02
    1.070000e+00    1.534074e+03    8.140663e+02
    1.071000e+00    1.536270e+03    8.157567e+02
    1.072000e+00    1.538466e+03    8.174487e+02
    1.073000e+00    1.540665e+03    8.191422e+02
    1.074000e+00    1.542865e+03    8.208373e+02
    1.075000e+00    1.545067e+03    8.225340e+02
    1.076000e+00    1.547270e+03    8.242322e+02
    1.077000e+00    1.549475e+03    8.259321e+02
    1.078000e+00    1.551681e+03    8.276335e+02
    1.079000e+00    1.553889e+03    8.293365e+02
    1.080000e+00    1.556098e+03    8.310411e+02
    1.081000e+00    1.558309e+03    8.327472e+02
    1.082000e+00    1.560522e+03    8.344550e+02
    1.083000e+00    1.562736e+03    8.361643e+02
    1.084000e+00    1.564952e+03    8.378752e+02
    1.085000e+00    1.567170e+03    8.395877e+02
    1.086000e+00    1.569389e+03    8.413017e+02
    1.087000e+00    1.571609e+03    8.430173e+02
    1.088000e+00    1.573831e+03    8.447345e+02
    1.089000e+00    1.576055e+03    8.464533e+02
    1.090000e+00    1.578280e+03    8.481736e+02
    1.091000e+00    1.580507e+03    8.498956e+02
    1.092000e+00    1.582736e+03    8.516191e+02
    1.093000e+00    1.584966e+03    8.533441e+02
    1.094000e+00    1.587198e+03    8.550708e+02
    1.095000e+00    1.589431e+03    8.567990e+02
    1.096000e+00    1.591666e+03    8.585288e+02
    1.097000e+00    1.593902e+03    8.602602e+02
    1.098000e+00    1.596140e+03    8.619931e+02
    1.099000e+00    1.598379e+03    8.637276e+02
    1.100000e+00    1.600620e+03    8.654637e+02
    1.101000e+00    1.602863e+03    8.672014e+02
    1.102000e+00    1.605107e+03    8.689406e+02
    1.103000e+00    1.607353e+03    8.706814e+02
    1.104000e+00    1.609601e+03    8.724238e+02
    1.105000e+00    1.611850e+03    8.741677e+02
    1.106000e+00    1.614100e+03    8.759132e+02
    1.107000e+00    1.616352e+03    8.776603e+02
    1.108000e+00    1.618606e+03    8.794090e+02
    1.109000e+00    1.620861e+03    8.811592e+02
    1.110000e+00    1.623118e+03    8.829110e+02
    1.111000e+00    1.625377e+03    8.846643e+02
    1.112000e+00    1.627637e+03    8.864193e+02
    1.113000e+00    1.629899e+03    8.881758e+02
    1.114000e+00    1.632162e+03    8.899339e+02
    1.115000e+00    1.634427e+03    8.916935e+02
    1.116000e+00    1.636693e+03    8.934547e+02
    1.117000e+00    1.638961e+03    8.952175e+02
    1.118000e+00    1.641230e+03    8.969818e+02
    1.119000e+00    1.643501e+03    8.987477e+02
    1.120000e+00    1.645774e+03    9.005152e+02
    1.121000e+00    1.648048e+03    9.022843e+02
    1.122000e+00    1.650324e+03    9.040549e+02
    1.123000e+00    1.652602e+03    9.058271e+02
    1.124000e+00    1.654881e+03    9.076008e+02
    1.125000e+00    1.657161e+03    9.093761e+02
    1.126000e+00    1.659443e+03    9.111530e+02
    1.127000e+00    1.661727e+03    9.129314e+02
    1.128000e+00    1.664012e+03    9.147114e+02
    1.129000e+00    1.666299e+03    9.164930e+02
    1.130000e+00    1.668588e+03    9.182762e+02
    1.131000e+00    1.670878e+03    9.200609e+02
    1.132000e+00    1.673170e+03    9.218471e+02
    1.133000e+00    1.675463e+03    9.236350e+02
    1.134000e+00    1.677757e+03    9.254243e+02
    1.135000e+00    1.680054e+03    9.272153e+02
    1.136000e+00    1.682352e+03    9.290078e+02
    1.137000e+00    1.684651e+03    9.308019e+02
    1.138000e+00    1.686952e+03    9.325975e+02
    1.139000e+00    1.689255e+03    9.343948e+02
    1.140000e+00    1.691559e+03    9.361935e+02
    1.141000e+00    1.693865e+03    9.379939e+02
    1.142000e+00    1.696173e+03    9.397957e+02
    1.143000e+00    1.698482e+03    9.415992e+02
    1.144000e+00    1.700792e+03    9.434042e+02
    1.145000e+00    1.703104e+03    9.452108e+02
    1.146000e+00    1.705418e+03    9.470189e+02
    1.147000e+00    1.707733e+03    9.488286e+02
    1.148000e+00    1.710050e+03    9.506399e+02
    1.149000e+00    1.712369e+03    9.524527e+02
    1.150000e+00    1.714689e+03    9.542671e+02
    1.151000e+00    1.717010e+03    9.560830e+02
    1.152000e+00    1.719334e+03    9.579005e+02
    1.153000e+00    1.721658e+03    9.597196e+02
    1.154000e+00    1.723985e+03    9.615402e+02
    1.155000e+00    1.726313e+03    9.633623e+02
    1.156000e+00    1.728642e+03    9.651861e+02
    1.157000e+00    1.730973e+03    9.670114e+02
    1.158000e+00    1.733306e+03    9.688382e+02
    1.159000e+00    1.735640e+03    9.706666e+02
    1.160000e+00    1.737976e+03    9.724966e+02
    1.161000e+00    1.740313e+03    9.743281e+02
    1.162000e+00    1.742652e+03    9.761612e+02
    1.163000e+00    1.744993e+03    9.779958e+02
    1.164000e+00    1.747335e+03    9.798320e+02
    1.165000e+00    1.749679e+03    9.816697e+02
    1.166000e+00    1.752024e+03    9.835090e+02
    1.167000e+00    1.754371e+03    9.853499e+02
    1.168000e+00    1.756719e+03    9.871923e+02
    1.169000e+00    1.759069e+03    9.890363e+02
    1.170000e+00    1.761421e+03    9.908818e+02
    1.171000e+00    1.763774e+03    9.927289e+02
    1.172000e+00    1.766129e+03    9.945775e+02
    1.173000e+00    1.768485e+03    9.964277e+02
    1.174000e+00    1.770843e+03    9.982794e+02
    1.175000e+00    1.773203e+03    1.000133e+03
    1.176000e+00    1.775564e+03    1.001988e+03
    1.177000e+00    1.777926e+03    1.003844e+03
    1.178000e+00    1.780291e+03    1.005702e+03
    1.179000e+00    1.782656e+03    1.007561e+03
    1.180000e+00    1.785024e+03    1.009422e+03
    1.181000e+00    1.787393e+03    1.011285e+03
    1.182000e+00    1.789763e+03    1.013149e+03
    1.183000e+00    1.792136e+03    1.015015e+03
    1.184000e+00    1.794509e+03    1.016882e+03
    1.185000e+00    1.796884e+03    1.018751e+03
    1.186000e+00    1.799261e+03    1.020621e+03
    1.187000e+00    1.801640e+03    1.022493e+03
    1.188000e+00    1.804020e+03    1.024367e+03
    1.189000e+00    1.806401e+03    1.026242e+03
    1.190000e+00    1.808785e+03    1.028118e+03
    1.191000e+00    1.811169e+03    1.029997e+03
    1.192000e+00    1.813556e+03    1.031876e+03
    1.193000e+00    1.815943e+03    1.033757e+03
    1.194000e+00    1.818333e+03    1.035640e+03
    1.195000e+00    1.820724e+03    1.037525e+03
    1.196000e+00    1.823117e+03    1.039410e+03
    1.197000e+00    1.825511e+03    1.041298e+03
    1.198000e+00    1.827907e+03    1.043187e+03
    1.199000e+00    1.830304e+03    1.045077e+03
    1.200000e+00    1.832703e+03    1.046969e+03
    1.201000e+00    1.835103e+03    1.048863e+03
    1.202000e+00    1.837506e+03    1.050758e+03
    1.203000e+00    1.839909e+03    1.052655e+03
    1.204000e+00    1.842314e+03    1.054553e+03
    1.205000e+00    1.844721e+03    1.056453e+03
    1.206000e+00    1.847130e+03    1.058354e+03
    1.207000e+00    1.849540e+03    1.060257e+03
    1.208000e+00    1.851951e+03    1.062162e+03
    1.209000e+00    1.854364e+03    1.064068e+03
    1.210000e+00    1.856779e+03    1.065975e+03
    1.211000e+00    1.859195e+03    1.067884e+03
    1.212000e+00    1.861613e+03    1.069795e+03
    1.213000e+00    1.864033e+03    1.071707e+03
    1.214000e+00    1.866454e+03    1.073621e+03
    1.215000e+00    1.868876e+03    1.075536e+03
    1.216000e+00    1.871300e+03    1.077453e+03
    1.217000e+00    1.873726e+03    1.079371e+03
    1.218000e+00    1.876154e+03    1.081291e+03
    1.219000e+00    1.878582e+03    1.083213e+03
    1.220000e+00    1.881013e+03    1.085136e+03
    1.221000e+00    1.883445e+03    1.087060e+03
    1.222000e+00    1.885879e+03    1.088986e+03
    1.223000e+00    1.888314e+03    1.090914e+03
    1.224000e+00    1.890751e+03    1.092843e+03
    1.225000e+00    1.893189e+03    1.094774e+03
    1.226000e+00    1.895629e+03    1.096706e+03
    1.227000e+00    1.898070e+03    1.098640e+03
    1.228000e+00    1.900514e+03    1.100575e+03
    1.229000e+00    1.902958e+03    1.102512e+03
    1.230000e+00    1.905404e+03    1.104451e+03
    1.231000e+00    1.907852e+03    1.106391e+03
    1.232000e+00    1.910302e+03    1.108332e+03
    1.233000e+00    1.912753e+03    1.110275e+03
    1.234000e+00    1.915205e+03    1.112220e+03
    1.235000e+00    1.917659e+03    1.114166e+03
    1.236000e+00    1.920115e+03    1.116114e+03
    1.237000e+00    1.922572e+03    1.118063e+03
    1.238000e+00    1.925031e+03    1.120014e+03
    1.239000e+00    1.927492e+03    1.121966e+03
    1.240000e+00    1.929954e+03    1.123920e+03
    1.241000e+00    1.932417e+03    1.125875e+03
    1.242000e+00    1.934882e+03    1.127832e+03
    1.243000e+00    1.937349e+03    1.129791e+03
    1.244000e+00    1.939817e+03    1.131751e+03
    1.245000e+00    1.942287e+03    1.133712e+03
    1.246000e+00    1.944759e+03    1.135675e+03
    1.247000e+00    1.947232e+03    1.137640e+03
    1.248000e+00    1.949706e+03    1.139606e+03
    1.249000e+00    1.952183e+03    1.141574e+03
    1.250000e+00    1.954660e+03    1.143543e+03
    1.251000e+00    1.957140e+03    1.145514e+03
    1.252000e+00    1.959621e+03    1.147486e+03
    1.253000e+00    1.962103e+03    1.149460e+03
    1.254000e+00    1.964587e+03    1.151435e+03
    1.255000e+00    1.967073e+03    1.153412e+03
    1.256000e+00    1.969560e+03    1.155391e+03
    1.257000e+00    1.972049e+03    1.157371e+03
    1.258000e+00    1.974539e+03    1.159352e+03
    1.259000e+00    1.977031e+03    1.161335e+03
    1.260000e+00    1.979525e+03    1.163320e+03
    1.261000e+00    1.982020e+03    1.165306e+03
    1.262000e+00    1.984517e+03    1.167294e+03
    1.263000e+00    1.987015e+03    1.169283e+03
    1.264000e+00    1.989515e+03    1.171274e+03
    1.265000e+00    1.992016e+03    1.173266e+03
    1.266000e+00    1.994519e+03    1.175260e+03
    1.267000e+00    1.997024e+03    1.177255e+03
    1.268000e+00    1.999530e+03    1.179252e+03
    1.269000e+00    2.002038e+03    1.181251e+03
    1.270000e+00    2.004547e+03    1.183251e+03
    1.271000e+00    2.007058e+03    1.185252e+03
    1.272000e+00    2.009570e+03    1.187255e+03
    1.273000e+00    2.012084e+03    1.189260e+03
    1.274000e+00    2.014600e+03    1.191266e+03
    1.275000e+00    2.017117e+03    1.193274e+03
    1.276000e+00    2.019636e+03    1.195283e+03
    1.277000e+00    2.022156e+03    1.197294e+03
    1.278000e+00    2.024678e+03    1.199306e+03
    1.279000e+00    2.027201e+03    1.201320e+03
    1.280000e+00    2.029726e+03    1.203335e+03
    1.281000e+00    2.032253e+03    1.205352e+03
    1.282000e+00    2.034781e+03    1.207370e+03
    1.283000e+00    2.037311e+03    1.209390e+03
    1.284000e+00    2.039842e+03    1.211412e+03
    1.285000e+00    2.042375e+03    1.213435e+03
    1.286000e+00    2.044910e+03    1.215459e+03
    1.287000e+00    2.047446e+03    1.217485e+03
    1.288000e+00    2.049983e+03    1.219513e+03
    1.289000e+00    2.052523e+03    1.221542e+03
    1.290000e+00    2.055063e+03    1.223573e+03
    1.291000e+00    2.057606e+03    1.225605e+03
    1.292000e+00    2.060150e+03    1.227639e+03
    1.293000e+00    2.062695e+03    1.229674e+03
    1.294000e+00    2.065242e+03    1.231711e+03
    1.295000e+00    2.067791e+03    1.233749e+03
    1.296000e+00    2.070341e+03    1.235789e+03
    1.297000e+00    2.072893e+03    1.237830e+03
    1.298000e+00    2.075446e+03    1.239873e+03
    1.299000e+00    2.078001e+03    1.241918e+03
    1.300000e+00    2.080558e+03    1.243964e+03
