5.97051e-13 5.60096e-10 3.15998e-15
8.98764e-13 8.43134e-10 4.60688e-15
9.95529e-13 9.3391e-10 5.0713e-15
1.10271e-12 1.03446e-09 5.58606e-15
1.22144e-12 1.14584e-09 6.15675e-15
1.35294e-12 1.2692e-09 6.78957e-15
1.49861e-12 1.40585e-09 7.4915e-15
1.65996e-12 1.55721e-09 8.2703e-15
1.83868e-12 1.72487e-09 9.13468e-15
2.03664e-12 1.91058e-09 1.00944e-14
2.25592e-12 2.11628e-09 1.11604e-14
2.4988e-12 2.34413e-09 1.23451e-14
2.76783e-12 2.59652e-09 1.36622e-14
3.06583e-12 2.87607e-09 1.51275e-14
3.39592e-12 3.18572e-09 1.67587e-14
3.76154e-12 3.52872e-09 1.85757e-14
4.16653e-12 3.90864e-09 2.06012e-14
4.61512e-12 4.32946e-09 2.28612e-14
5.11201e-12 4.7956e-09 2.53849e-14
5.6624e-12 5.31192e-09 2.8206e-14
6.27204e-12 5.88382e-09 3.1363e-14
6.94732e-12 6.51731e-09 3.48998e-14
7.69531e-12 7.219e-09 3.88673e-14
8.52383e-12 7.99624e-09 4.33237e-14
9.44155e-12 8.85715e-09 4.83367e-14
1.04581e-11 9.81076e-09 5.39843e-14
1.15841e-11 1.0867e-08 6.03573e-14
1.28313e-11 1.2037e-08 6.75613e-14
1.42127e-11 1.3333e-08 7.57192e-14
1.5743e-11 1.47685e-08 8.49748e-14
1.74379e-11 1.63586e-08 9.54963e-14
1.93154e-11 1.81199e-08 1.07481e-13
2.1395e-11 2.00707e-08 1.2116e-13
2.36985e-11 2.22317e-08 1.36807e-13
2.625e-11 2.46252e-08 1.54741e-13
2.90762e-11 2.72765e-08 1.75341e-13
3.22067e-11 3.02133e-08 1.99054e-13
3.56743e-11 3.34662e-08 2.26405e-13
3.95152e-11 3.70694e-08 2.58017e-13
4.37696e-11 4.10605e-08 2.94626e-13
4.84821e-11 4.54813e-08 3.37101e-13
5.37019e-11 5.03781e-08 3.86469e-13
5.94837e-11 5.58021e-08 4.43943e-13
6.58881e-11 6.18101e-08 5.10958e-13
7.29819e-11 6.84649e-08 5.89209e-13
8.08396e-11 7.58363e-08 6.80692e-13
8.95432e-11 8.40013e-08 7.87766e-13
9.91839e-11 9.30453e-08 9.13211e-13
1.09863e-10 1.03063e-07 1.0603e-12
1.21691e-10 1.1416e-07 1.23288e-12
1.34793e-10 1.26451e-07 1.43549e-12
1.49305e-10 1.40065e-07 1.67346e-12
1.6538e-10 1.55146e-07 1.95302e-12
1.83186e-10 1.7185e-07 2.28153e-12
2.02909e-10 1.90352e-07 2.66758e-12
2.24755e-10 2.10847e-07 3.12124e-12
2.48954e-10 2.33548e-07 3.65432e-12
2.75757e-10 2.58693e-07 4.28061e-12
3.05447e-10 2.86546e-07 5.01627e-12
3.38333e-10 3.17398e-07 5.88013e-12
3.7476e-10 3.51571e-07 6.89421e-12
4.15109e-10 3.89424e-07 8.0842e-12
4.59801e-10 4.31352e-07 9.48004e-12
5.09306e-10 4.77795e-07 1.11166e-11
5.64141e-10 5.29238e-07 1.30346e-11
6.24879e-10 5.8622e-07 1.52812e-11
6.92157e-10 6.49338e-07 1.79113e-11
7.66678e-10 7.19251e-07 2.0989e-11
8.49223e-10 7.96692e-07 2.45883e-11
9.40655e-10 8.82471e-07 2.87952e-11
1.04193e-09 9.77486e-07 3.37097e-11
1.15411e-09 1.08273e-06 3.94473e-11
1.27837e-09 1.19931e-06 4.6142e-11
1.41601e-09 1.32844e-06 5.39489e-11
1.56846e-09 1.47147e-06 6.30474e-11
1.73733e-09 1.6299e-06 7.36449e-11
1.92438e-09 1.8054e-06 8.59811e-11
2.13157e-09 1.99978e-06 1.00333e-10
2.36106e-09 2.2151e-06 1.1702e-10
2.61527e-09 2.45361e-06 1.36411e-10
2.89684e-09 2.71779e-06 1.58931e-10
3.20873e-09 3.01042e-06 1.85072e-10
3.5542e-09 3.33456e-06 2.15397e-10
3.93687e-09 3.6936e-06 2.50559e-10
4.36073e-09 4.09131e-06 2.91306e-10
4.83023e-09 4.53183e-06 3.38503e-10
5.35028e-09 5.01979e-06 3.93143e-10
5.92632e-09 5.5603e-06 4.56369e-10
6.56438e-09 6.159e-06 5.29495e-10
7.27114e-09 6.82217e-06 6.14034e-10
8.05399e-09 7.55676e-06 7.11723e-10
8.92113e-09 8.37044e-06 8.24561e-10
9.88162e-09 9.27174e-06 9.54844e-10
1.09455e-08 1.02701e-05 1.11241e-09
1.2124e-08 1.1376e-05 1.29083e-09
1.34293e-08 1.26009e-05 1.48889e-09
1.48752e-08 1.39578e-05 1.72118e-09
1.64767e-08 1.54607e-05 1.98555e-09
1.82507e-08 1.71256e-05 2.29405e-09
2.02157e-08 1.89696e-05 2.64566e-09
2.23922e-08 2.10123e-05 3.05346e-09
2.48031e-08 2.3275e-05 3.52171e-09
2.74735e-08 2.57813e-05 4.06031e-09
3.04315e-08 2.85575e-05 4.68343e-09
3.37079e-08 3.16327e-05 5.39353e-09
3.73371e-08 3.50391e-05 6.22051e-09
4.1357e-08 3.88111e-05 6.96678e-09
4.58097e-08 4.29905e-05 8.02847e-09
5.07418e-08 4.762e-05 9.23707e-09
5.62049e-08 5.27472e-05 1.03115e-08
6.22563e-08 5.84274e-05 1.18628e-08
6.89591e-08 6.47193e-05 1.36431e-08
7.63836e-08 7.16889e-05 1.57003e-08
8.46075e-08 7.94091e-05 1.80411e-08
9.37168e-08 8.79607e-05 2.07613e-08
1.03807e-07 9.74334e-05 2.38409e-08
1.14983e-07 0.000107926 2.74209e-08
1.27363e-07 0.000119549 3.14916e-08
1.41076e-07 0.000132424 3.61936e-08
1.56265e-07 0.000146686 4.15764e-08
1.73089e-07 0.000162484 4.77473e-08
1.91725e-07 0.000179983 5.48619e-08
2.12367e-07 0.000199367 6.29415e-08
2.35231e-07 0.00022084 7.23335e-08
2.60558e-07 0.000244625 8.2969e-08
2.88611e-07 0.000270972 9.53155e-08
3.19684e-07 0.000300152 1.05868e-07
3.54103e-07 0.00033248 1.21549e-07
3.92227e-07 0.000368291 1.3948e-07
4.34457e-07 0.000407957 1.5504e-07
4.81233e-07 0.000451897 1.78002e-07
5.33045e-07 0.000500572 2.04067e-07
5.90435e-07 0.00055449 2.3435e-07
6.54005e-07 0.000614216 2.68634e-07
7.24419e-07 0.000680377 3.08406e-07
8.02413e-07 0.000753666 3.53572e-07
8.88806e-07 0.000834851 4.0567e-07
9.84499e-07 0.000924782 4.6528e-07
1.0905e-06 0.0010244 5.33514e-07
1.2079e-06 0.00113476 6.12224e-07
1.33795e-06 0.001257 7.01553e-07
1.48201e-06 0.00139242 8.05277e-07
1.64157e-06 0.00154243 9.22648e-07
1.81831e-06 0.00170858 1.02418e-06
2.01407e-06 0.00189265 1.17343e-06
2.23092e-06 0.00209654 1.30056e-06
2.47111e-06 0.00232241 1.49057e-06
2.73717e-06 0.00257263 1.70787e-06
3.03187e-06 0.00284981 1.95863e-06
3.35829e-06 0.00315686 2.24312e-06
3.71987e-06 0.003497 2.57333e-06
4.12037e-06 0.0038738 2.94668e-06
4.56399e-06 0.00429122 3.37978e-06
5.05537e-06 0.00475362 3.8722e-06
5.59966e-06 0.00526587 4.4397e-06
6.20255e-06 0.00583333 5.08914e-06
6.87035e-06 0.00646181 5.6545e-06
7.61005e-06 0.00715817 6.48574e-06
8.42939e-06 0.00792961 7.42868e-06
9.33694e-06 0.00878422 8.52334e-06
1.03422e-05 0.00973074 9.43819e-06
1.14557e-05 0.0107795 1.08263e-05
1.26891e-05 0.0119413 1.24035e-05
1.40553e-05 0.0132283 1.37633e-05
1.55685e-05 0.0146542 1.57765e-05
1.72447e-05 0.0162337 1.80789e-05
1.91014e-05 0.0179836 2.07339e-05
2.11579e-05 0.0199222 2.37431e-05
2.34359e-05 0.0220699 2.72377e-05
2.59592e-05 0.0244492 3.11905e-05
2.87541e-05 0.0270851 3.57732e-05
3.18499e-05 0.0300046 3.95983e-05
3.5279e-05 0.0332392 4.38245e-05
3.90773e-05 0.036823 5.02257e-05
4.32846e-05 0.0407933 5.75414e-05
4.79449e-05 0.045192 6.59746e-05
5.31069e-05 0.0500652 7.55252e-05
5.88247e-05 0.0554641 8.65999e-05
6.51581e-05 0.0614456 9.91047e-05
7.99439e-05 0.075411 0.00011942
8.85511e-05 0.083544 0.000136875
9.8085e-05 0.0925547 0.000156856
0.000108645 0.102538 0.000179691
0.000120343 0.113596 0.000198251
0.000133299 0.12585 0.000227027
0.000147651 0.139425 0.000260444
0.000163548 0.154463 0.000286737
0.000181157 0.171126 0.000328856
0.000200661 0.189589 0.000376741
0.000222265 0.210044 0.000431887
0.000246195 0.232709 0.000495031
0.000839814 0.794927 0.00084272
0.00114132 1.08064 0.00104302
0.00155108 1.46903 0.0013588
0.00190306 1.80273 0.0017003
0.0023349 2.21223 0.00209961
0.00258629 2.45067 0.00241876
0.00286475 2.71482 0.00278078
0.00317318 3.00745 0.00318634
0.00351482 3.33163 0.00364203
0.00389325 3.69077 0.00415184
0.00431242 4.08864 0.00472066
0.00477672 4.52941 0.00535943
0.00586066 5.55834 0.00626232
0.00649165 6.15752 0.00707082
0.00719058 6.8213 0.00799877
0.00796475 7.55666 0.00906195
0.00882228 8.37131 0.0102961
0.00977214 9.27381 0.0117353
0.0108243 10.2736 0.0134183
0.0119897 11.3813 0.0154064
0.0132805 12.6085 0.0177363
0.0147104 13.9706 0.0224951
0.0162942 15.4774 0.0259914
0.0180485 17.1468 0.0301346
0.0199917 18.9964 0.0350185
0.0245283 23.3103 0.0444176
0.0271691 25.8252 0.0525002
0.0300943 28.6118 0.0622035
0.0333344 31.6996 0.0741684
0.0369234 35.1213 0.0895846
0.0408988 38.9134 0.110381
0.0453021 43.1164 0.140406
0.0501796 47.7758 0.183976
0.0555822 52.9425 0.245716
0.0615665 58.6733 0.331342
0.0681951 65.0319 0.449566
0.0755373 72.0901 0.611526
0.0836701 79.9288 0.836358
0.0926785 88.6402 1.15344
0.102657 98.33 1.59744
0.113709 109.119 2.20876
0.125952 121.147 3.04459
0.139513 134.562 4.06348
0.154533 149.549 5.4503
0.171171 166.322 7.37924
0.1896 185.136 10.0809
0.210014 206.305 13.627
0.232625 230.232 19.0939
0.257671 257.376 26.5372
0.285413 288.508 36.8131
0.316142 324.462 51.9586
0.350179 366.203 72.8768
0.387882 415.241 101.011
0.429643 472.945 138.288
0.475901 541.392 185.797
0.527139 622.723 245.901
0.583894 720.254 319.872
0.646759 836.89 411.588
0.716392 977.27 523.359
0.793523 1145.82 660.944
0.878958 1349.14 827.983
0.973591 1593.96 1033.1
1.07841 1889.73 1282.09
1.19452 2246.79 1588.33
1.32313 2678.95 1961.4
1.46559 3201.84 2423.28
