    1.000000e-07    9.305230e-05    2.092082e-08
    1.023293e-07    9.522026e-05    2.158022e-08
    1.047129e-07    9.743874e-05    2.226291e-08
    1.071519e-07    9.970891e-05    2.296418e-08
    1.096478e-07    1.020320e-04    2.369021e-08
    1.122018e-07    1.044092e-04    2.443600e-08
    1.148154e-07    1.068417e-04    2.520808e-08
    1.174898e-07    1.093310e-04    2.600118e-08
    1.202264e-07    1.118783e-04    2.681969e-08
    1.230269e-07    1.144849e-04    2.766300e-08
    1.258925e-07    1.171522e-04    2.853605e-08
    1.288250e-07    1.198817e-04    2.943282e-08
    1.318257e-07    1.226748e-04    3.035753e-08
    1.348963e-07    1.255330e-04    3.131184e-08
    1.380384e-07    1.284578e-04    3.229503e-08
    1.412538e-07    1.314507e-04    3.331128e-08
    1.445440e-07    1.345134e-04    3.435505e-08
    1.479108e-07    1.376474e-04    3.543723e-08
    1.513561e-07    1.408545e-04    3.654531e-08
    1.548817e-07    1.441363e-04    3.769592e-08
    1.584893e-07    1.474945e-04    3.887402e-08
    1.621810e-07    1.509310e-04    4.009245e-08
    1.659587e-07    1.544476e-04    4.134983e-08
    1.698244e-07    1.580461e-04    4.264522e-08
    1.737801e-07    1.617285e-04    4.398201e-08
    1.778279e-07    1.654967e-04    4.535920e-08
    1.819701e-07    1.693527e-04    4.677472e-08
    1.862087e-07    1.732985e-04    4.823991e-08
    1.905461e-07    1.773363e-04    4.974937e-08
    1.949845e-07    1.814682e-04    5.130703e-08
    1.995262e-07    1.856963e-04    5.290669e-08
    2.041738e-07    1.900230e-04    5.455846e-08
    2.089296e-07    1.944505e-04    5.626823e-08
    2.137962e-07    1.989812e-04    5.802140e-08
    2.187762e-07    2.036174e-04    5.982882e-08
    2.238721e-07    2.083617e-04    6.169960e-08
    2.290868e-07    2.132165e-04    6.362077e-08
    2.344229e-07    2.181845e-04    6.560136e-08
    2.398833e-07    2.232682e-04    6.765136e-08
    2.454709e-07    2.284704e-04    6.975657e-08
    2.511886e-07    2.337938e-04    7.192684e-08
    2.570396e-07    2.392412e-04    7.417316e-08
    2.630268e-07    2.448156e-04    7.647994e-08
    2.691535e-07    2.505199e-04    7.885799e-08
    2.754229e-07    2.563572e-04    8.131935e-08
    2.818383e-07    2.623304e-04    8.384692e-08
    2.884032e-07    2.684429e-04    8.644844e-08
    2.951209e-07    2.746977e-04    8.914095e-08
    3.019952e-07    2.810984e-04    9.191009e-08
    3.090295e-07    2.876482e-04    9.476475e-08
    3.162278e-07    2.943506e-04    9.769820e-08
    3.235937e-07    3.012092e-04    1.007437e-07
    3.311311e-07    3.082277e-04    1.038661e-07
    3.388442e-07    3.154097e-04    1.070848e-07
    3.467369e-07    3.227591e-04    1.104078e-07
    3.548134e-07    3.302797e-04    1.138363e-07
    3.630781e-07    3.379756e-04    1.173678e-07
    3.715352e-07    3.458508e-04    1.209965e-07
    3.801894e-07    3.539096e-04    1.247429e-07
    3.890451e-07    3.621562e-04    1.286202e-07
    3.981072e-07    3.705949e-04    1.325950e-07
    4.073803e-07    3.792303e-04    1.366919e-07
    4.168694e-07    3.880670e-04    1.409283e-07
    4.265795e-07    3.971095e-04    1.452815e-07
    4.365158e-07    4.063628e-04    1.497865e-07
    4.466836e-07    4.158318e-04    1.544118e-07
    4.570882e-07    4.255214e-04    1.591793e-07
    4.677351e-07    4.354369e-04    1.641090e-07
    4.786301e-07    4.455834e-04    1.691744e-07
    4.897788e-07    4.559663e-04    1.743954e-07
    5.011872e-07    4.665913e-04    1.797985e-07
    5.128614e-07    4.774638e-04    1.853458e-07
    5.248075e-07    4.885898e-04    1.910635e-07
    5.370318e-07    4.999750e-04    1.969379e-07
    5.495409e-07    5.116256e-04    2.030115e-07
    5.623413e-07    5.235477e-04    2.092717e-07
    5.754399e-07    5.357477e-04    2.157240e-07
    5.888437e-07    5.482319e-04    2.223744e-07
    6.025596e-07    5.610072e-04    2.292069e-07
    6.165950e-07    5.740801e-04    2.362998e-07
    6.309573e-07    5.874577e-04    2.435818e-07
    6.456542e-07    6.011472e-04    2.510630e-07
    6.606934e-07    6.151556e-04    2.587981e-07
    6.760830e-07    6.294906e-04    2.667447e-07
    6.918310e-07    6.441596e-04    2.749609e-07
    7.079458e-07    6.591705e-04    2.834019e-07
    7.244360e-07    6.745313e-04    2.921291e-07
    7.413102e-07    6.902500e-04    3.010950e-07
    7.585776e-07    7.063351e-04    3.103350e-07
    7.762471e-07    7.227952e-04    3.198729e-07
    7.943282e-07    7.396388e-04    3.297028e-07
    8.128305e-07    7.568750e-04    3.398173e-07
    8.317638e-07    7.745129e-04    3.502410e-07
    8.511380e-07    7.925619e-04    3.609832e-07
    8.709636e-07    8.110316e-04    3.720537e-07
    8.912509e-07    8.299318e-04    3.834624e-07
    9.120108e-07    8.492724e-04    3.952198e-07
    9.332543e-07    8.690639e-04    4.073365e-07
    9.549926e-07    8.893166e-04    4.198233e-07
    9.772372e-07    9.100414e-04    4.326916e-07
    1.000000e-06    9.312492e-04    4.459531e-07
    1.023293e-06    9.529514e-04    4.595637e-07
    1.047129e-06    9.751594e-04    4.735999e-07
    1.071519e-06    9.978849e-04    4.881108e-07
    1.096478e-06    1.021140e-03    5.030650e-07
    1.122018e-06    1.044938e-03    5.184253e-07
    1.148154e-06    1.069290e-03    5.343051e-07
    1.174898e-06    1.094209e-03    5.506162e-07
    1.202264e-06    1.119710e-03    5.674790e-07
    1.230269e-06    1.145804e-03    5.847284e-07
    1.258925e-06    1.172507e-03    6.026327e-07
    1.288250e-06    1.199833e-03    6.210229e-07
    1.318257e-06    1.227795e-03    6.399726e-07
    1.348963e-06    1.256409e-03    6.594987e-07
    1.380384e-06    1.285691e-03    6.796854e-07
    1.412538e-06    1.315654e-03    7.003343e-07
    1.445440e-06    1.346316e-03    7.216966e-07
    1.479108e-06    1.377693e-03    7.437087e-07
    1.513561e-06    1.409801e-03    7.663902e-07
    1.548817e-06    1.442658e-03    7.896652e-07
    1.584893e-06    1.476281e-03    8.137443e-07
    1.621810e-06    1.510687e-03    8.385556e-07
    1.659587e-06    1.545895e-03    8.640789e-07
    1.698244e-06    1.581924e-03    8.902681e-07
    1.737801e-06    1.618793e-03    9.174061e-07
    1.778279e-06    1.656521e-03    9.453692e-07
    1.819701e-06    1.695129e-03    9.740633e-07
    1.862087e-06    1.734637e-03    1.003650e-06
    1.905461e-06    1.775065e-03    1.034132e-06
    1.949845e-06    1.816436e-03    1.065513e-06
    1.995262e-06    1.858772e-03    1.097870e-06
    2.041738e-06    1.902094e-03    1.131318e-06
    2.089296e-06    1.946426e-03    1.165525e-06
    2.137962e-06    1.991792e-03    1.200911e-06
    2.187762e-06    2.038215e-03    1.237339e-06
    2.238721e-06    2.085721e-03    1.274899e-06
    2.290868e-06    2.134333e-03    1.313597e-06
    2.344229e-06    2.184080e-03    1.353300e-06
    2.398833e-06    2.234985e-03    1.394372e-06
    2.454709e-06    2.287078e-03    1.436510e-06
    2.511886e-06    2.340385e-03    1.480101e-06
    2.570396e-06    2.394934e-03    1.524823e-06
    2.630268e-06    2.450756e-03    1.571009e-06
    2.691535e-06    2.507878e-03    1.618391e-06
    2.754229e-06    2.566333e-03    1.667487e-06
    2.818383e-06    2.626150e-03    1.717858e-06
    2.884032e-06    2.687361e-03    1.769787e-06
    2.951209e-06    2.750000e-03    1.823241e-06
    3.019952e-06    2.814099e-03    1.878348e-06
    3.090295e-06    2.879692e-03    1.935072e-06
    3.162278e-06    2.946814e-03    1.993552e-06
    3.235937e-06    3.015502e-03    2.053542e-06
    3.311311e-06    3.085790e-03    2.115544e-06
    3.388442e-06    3.157718e-03    2.179465e-06
    3.467369e-06    3.231322e-03    2.245035e-06
    3.548134e-06    3.306642e-03    2.312573e-06
    3.630781e-06    3.383719e-03    2.382433e-06
    3.715352e-06    3.462592e-03    2.454095e-06
    3.801894e-06    3.543304e-03    2.527907e-06
    3.890451e-06    3.625898e-03    2.604257e-06
    3.981072e-06    3.710418e-03    2.682304e-06
    4.073803e-06    3.796908e-03    2.762964e-06
    4.168694e-06    3.885415e-03    2.846397e-06
    4.265795e-06    3.975985e-03    2.931684e-06
    4.365158e-06    4.068667e-03    3.019825e-06
    4.466836e-06    4.163510e-03    3.110611e-06
    4.570882e-06    4.260565e-03    3.203794e-06
    4.677351e-06    4.359882e-03    3.300173e-06
    4.786301e-06    4.461515e-03    3.399368e-06
    4.897788e-06    4.565517e-03    3.501181e-06
    5.011872e-06    4.671945e-03    3.606036e-06
    5.128614e-06    4.780853e-03    3.714025e-06
    5.248075e-06    4.892302e-03    3.825239e-06
    5.370318e-06    5.006349e-03    3.940268e-06
    5.495409e-06    5.123055e-03    4.058242e-06
    5.623413e-06    5.242482e-03    4.179739e-06
    5.754399e-06    5.364694e-03    4.304866e-06
    5.888437e-06    5.489756e-03    4.433730e-06
    6.025596e-06    5.617734e-03    4.565975e-06
    6.165950e-06    5.748696e-03    4.702637e-06
    6.309573e-06    5.882712e-03    4.842883e-06
    6.456542e-06    6.019852e-03    4.987814e-06
    6.606934e-06    6.160191e-03    5.136543e-06
    6.760830e-06    6.303802e-03    5.290242e-06
    6.918310e-06    6.450761e-03    5.447968e-06
    7.079458e-06    6.601148e-03    5.610385e-06
    7.244360e-06    6.755041e-03    5.777632e-06
    7.413102e-06    6.912523e-03    5.949853e-06
    7.585776e-06    7.073677e-03    6.127195e-06
    7.762471e-06    7.238590e-03    6.309669e-06
    7.943282e-06    7.407347e-03    6.497361e-06
    8.128305e-06    7.580041e-03    6.690634e-06
    8.317638e-06    7.756761e-03    6.890000e-06
    8.511380e-06    7.937602e-03    7.095293e-06
    8.709636e-06    8.122661e-03    7.305927e-06
    8.912509e-06    8.312035e-03    7.522632e-06
    9.120108e-06    8.505825e-03    7.745919e-06
    9.332543e-06    8.704135e-03    7.976649e-06
    9.549926e-06    8.907069e-03    8.213377e-06
    9.772372e-06    9.114736e-03    8.456041e-06
    1.000000e-05    9.327246e-03    8.707415e-06
    1.023293e-05    9.544711e-03    8.965302e-06
    1.047129e-05    9.767249e-03    9.231088e-06
    1.071519e-05    9.994976e-03    9.504942e-06
    1.096478e-05    1.022801e-02    9.785870e-06
    1.122018e-05    1.046649e-02    1.007592e-05
    1.148154e-05    1.071052e-02    1.037367e-05
    1.174898e-05    1.096025e-02    1.067997e-05
    1.202264e-05    1.121580e-02    1.099611e-05
    1.230269e-05    1.147731e-02    1.132013e-05
    1.258925e-05    1.174492e-02    1.165578e-05
    1.288250e-05    1.201877e-02    1.199855e-05
    1.318257e-05    1.229900e-02    1.235295e-05
    1.348963e-05    1.258578e-02    1.271751e-05
    1.380384e-05    1.287924e-02    1.309305e-05
    1.412538e-05    1.317954e-02    1.347796e-05
    1.445440e-05    1.348685e-02    1.387592e-05
    1.479108e-05    1.380133e-02    1.428377e-05
    1.513561e-05    1.412314e-02    1.470356e-05
    1.548817e-05    1.445246e-02    1.513599e-05
    1.584893e-05    1.478946e-02    1.558075e-05
    1.621810e-05    1.513432e-02    1.604061e-05
    1.659587e-05    1.548723e-02    1.651010e-05
    1.698244e-05    1.584836e-02    1.699511e-05
    1.737801e-05    1.621792e-02    1.749433e-05
    1.778279e-05    1.659610e-02    1.800757e-05
    1.819701e-05    1.698310e-02    1.853543e-05
    1.862087e-05    1.737912e-02    1.907768e-05
    1.905461e-05    1.778439e-02    1.963573e-05
    1.949845e-05    1.819911e-02    2.021110e-05
    1.995262e-05    1.862350e-02    2.080376e-05
    2.041738e-05    1.905779e-02    2.141213e-05
    2.089296e-05    1.950221e-02    2.203822e-05
    2.137962e-05    1.995699e-02    2.268132e-05
    2.187762e-05    2.042239e-02    2.334312e-05
    2.238721e-05    2.089864e-02    2.402547e-05
    2.290868e-05    2.138600e-02    2.472498e-05
    2.344229e-05    2.188473e-02    2.544758e-05
    2.398833e-05    2.239509e-02    2.618833e-05
    2.454709e-05    2.291736e-02    2.695057e-05
    2.511886e-05    2.345182e-02    2.773483e-05
    2.570396e-05    2.399874e-02    2.854189e-05
    2.630268e-05    2.455842e-02    2.937235e-05
    2.691535e-05    2.513115e-02    3.022688e-05
    2.754229e-05    2.571725e-02    3.110207e-05
    2.818383e-05    2.631701e-02    3.200671e-05
    2.884032e-05    2.693078e-02    3.293389e-05
    2.951209e-05    2.755885e-02    3.389159e-05
    3.019952e-05    2.820159e-02    3.487313e-05
    3.090295e-05    2.885931e-02    3.588224e-05
    3.162278e-05    2.953238e-02    3.692117e-05
    3.235937e-05    3.022115e-02    3.798993e-05
    3.311311e-05    3.092600e-02    3.908881e-05
    3.388442e-05    3.164728e-02    4.021789e-05
    3.467369e-05    3.238539e-02    4.137943e-05
    3.548134e-05    3.314073e-02    4.257349e-05
    3.630781e-05    3.391368e-02    4.380273e-05
    3.715352e-05    3.470467e-02    4.506474e-05
    3.801894e-05    3.551412e-02    4.636198e-05
    3.890451e-05    3.634245e-02    4.770261e-05
    3.981072e-05    3.719010e-02    4.906982e-05
    4.073803e-05    3.805753e-02    5.048278e-05
    4.168694e-05    3.894520e-02    5.193516e-05
    4.265795e-05    3.985358e-02    5.343019e-05
    4.365158e-05    4.078316e-02    5.496063e-05
    4.466836e-05    4.173442e-02    5.653446e-05
    4.570882e-05    4.270788e-02    5.816116e-05
    4.677351e-05    4.370406e-02    5.982633e-05
    4.786301e-05    4.472347e-02    6.153890e-05
    4.897788e-05    4.576668e-02    6.330147e-05
    5.011872e-05    4.683422e-02    6.511293e-05
    5.128614e-05    4.792667e-02    6.696815e-05
    5.248075e-05    4.904462e-02    6.888501e-05
    5.370318e-05    5.018865e-02    7.085529e-05
    5.495409e-05    5.135937e-02    7.287307e-05
    5.623413e-05    5.255741e-02    7.494794e-05
    5.754399e-05    5.378341e-02    7.708150e-05
    5.888437e-05    5.503801e-02    7.927510e-05
    6.025596e-05    5.632189e-02    8.153261e-05
    6.165950e-05    5.763573e-02    8.385236e-05
    6.309573e-05    5.898023e-02    8.623767e-05
    6.456542e-05    6.035610e-02    8.867986e-05
    6.606934e-05    6.176407e-02    9.120155e-05
    6.760830e-05    6.320491e-02    9.378292e-05
    6.918310e-05    6.467936e-02    9.643720e-05
    7.079458e-05    6.618822e-02    9.916605e-05
    7.244360e-05    6.773230e-02    1.019715e-04
    7.413102e-05    6.931240e-02    1.048558e-04
    7.585776e-05    7.092938e-02    1.078206e-04
    7.762471e-05    7.258410e-02    1.108535e-04
    7.943282e-05    7.427743e-02    1.139871e-04
    8.128305e-05    7.601028e-02    1.171943e-04
    8.317638e-05    7.778356e-02    1.204905e-04
    8.511380e-05    7.959823e-02    1.238942e-04
    8.709636e-05    8.145525e-02    1.273598e-04
    8.912509e-05    8.335561e-02    1.309400e-04
    9.120108e-05    8.530032e-02    1.346194e-04
    9.332543e-05    8.729041e-02    1.384018e-04
    9.549926e-05    8.932695e-02    1.422695e-04
    9.772372e-05    9.141101e-02    1.462650e-04
    1.000000e-04    9.354372e-02    1.503524e-04
    1.023293e-04    9.572620e-02    1.545509e-04
    1.047129e-04    9.795962e-02    1.588683e-04
    1.071519e-04    1.002452e-01    1.633053e-04
    1.096478e-04    1.025840e-01    1.678610e-04
    1.122018e-04    1.049775e-01    1.725466e-04
    1.148154e-04    1.074268e-01    1.773362e-04
    1.174898e-04    1.099333e-01    1.822826e-04
    1.202264e-04    1.124983e-01    1.873396e-04
    1.230269e-04    1.151232e-01    1.925389e-04
    1.258925e-04    1.178093e-01    1.978773e-04
    1.288250e-04    1.205582e-01    2.033646e-04
    1.318257e-04    1.233712e-01    2.089998e-04
    1.348963e-04    1.262498e-01    2.147933e-04
    1.380384e-04    1.291956e-01    2.207122e-04
    1.412538e-04    1.322102e-01    2.268266e-04
    1.445440e-04    1.352952e-01    2.330743e-04
    1.479108e-04    1.384521e-01    2.394906e-04
    1.513561e-04    1.416828e-01    2.460871e-04
    1.548817e-04    1.449888e-01    2.528585e-04
    1.584893e-04    1.483721e-01    2.598171e-04
    1.621810e-04    1.518343e-01    2.669267e-04
    1.659587e-04    1.553773e-01    2.742640e-04
    1.698244e-04    1.590030e-01    2.817668e-04
    1.737801e-04    1.627133e-01    2.894970e-04
    1.778279e-04    1.665103e-01    2.974054e-04
    1.819701e-04    1.703959e-01    3.055340e-04
    1.862087e-04    1.743721e-01    3.138760e-04
    1.905461e-04    1.784412e-01    3.224406e-04
    1.949845e-04    1.826053e-01    3.312212e-04
    1.995262e-04    1.868666e-01    3.402292e-04
    2.041738e-04    1.912274e-01    3.494806e-04
    2.089296e-04    1.956899e-01    3.589860e-04
    2.137962e-04    2.002567e-01    3.687123e-04
    2.187762e-04    2.049300e-01    3.787003e-04
    2.238721e-04    2.097124e-01    3.889586e-04
    2.290868e-04    2.146065e-01    3.994587e-04
    2.344229e-04    2.196148e-01    4.102487e-04
    2.398833e-04    2.247400e-01    4.213352e-04
    2.454709e-04    2.299849e-01    4.326613e-04
    2.511886e-04    2.353522e-01    4.443199e-04
    2.570396e-04    2.408448e-01    4.562633e-04
    2.630268e-04    2.464656e-01    4.685105e-04
    2.691535e-04    2.522177e-01    4.810918e-04
    2.754229e-04    2.581040e-01    4.939584e-04
    2.818383e-04    2.641278e-01    5.071659e-04
    2.884032e-04    2.702921e-01    5.207426e-04
    2.951209e-04    2.766004e-01    5.346331e-04
    3.019952e-04    2.830559e-01    5.489108e-04
    3.090295e-04    2.896605e-01    5.624626e-04
    3.162278e-04    2.964209e-01    5.774197e-04
    3.235937e-04    3.033392e-01    5.927234e-04
    3.311311e-04    3.104189e-01    6.084572e-04
    3.388442e-04    3.176640e-01    6.245647e-04
    3.467369e-04    3.250781e-01    6.410887e-04
    3.548134e-04    3.326654e-01    6.579782e-04
    3.630781e-04    3.404298e-01    6.753650e-04
    3.715352e-04    3.483752e-01    6.929615e-04
    3.801894e-04    3.565064e-01    6.977658e-04
    3.890451e-04    3.648273e-01    7.069425e-04
    3.981072e-04    3.733422e-01    7.156511e-04
    4.073803e-04    3.820558e-01    7.236865e-04
    4.168694e-04    3.909724e-01    7.318941e-04
    4.265795e-04    4.000970e-01    7.398175e-04
    4.365158e-04    4.094344e-01    7.479306e-04
    4.466836e-04    4.189894e-01    7.555568e-04
    4.570882e-04    4.287671e-01    7.634739e-04
    4.677351e-04    4.387729e-01    7.714919e-04
    4.786301e-04    4.490118e-01    7.791584e-04
    4.897788e-04    4.594895e-01    7.869787e-04
    5.011872e-04    4.702114e-01    7.951088e-04
    5.128614e-04    4.811833e-01    8.029260e-04
    5.248075e-04    4.924109e-01    8.111160e-04
    5.370318e-04    5.039003e-01    8.190480e-04
    5.495409e-04    5.156574e-01    8.276742e-04
    5.623413e-04    5.276886e-01    8.358702e-04
    5.754399e-04    5.400003e-01    8.441633e-04
    5.888437e-04    5.525990e-01    8.526744e-04
    6.025596e-04    5.654913e-01    8.619338e-04
    6.165950e-04    5.786841e-01    8.706849e-04
    6.309573e-04    5.921844e-01    8.797069e-04
    6.456542e-04    6.059995e-01    8.888782e-04
    6.606934e-04    6.201365e-01    8.981887e-04
    6.760830e-04    6.346031e-01    9.076894e-04
    6.918310e-04    6.494068e-01    9.172720e-04
    7.079458e-04    6.645557e-01    9.266670e-04
    7.244360e-04    6.800576e-01    9.367357e-04
    7.413102e-04    6.959208e-01    9.470336e-04
    7.585776e-04    7.121538e-01    9.575720e-04
    7.762471e-04    7.287652e-01    9.682612e-04
    7.943282e-04    7.457637e-01    9.792112e-04
    8.128305e-04    7.631585e-01    9.898711e-04
    8.317638e-04    7.809586e-01    1.001124e-03
    8.511380e-04    7.991737e-01    1.012780e-03
    8.709636e-04    8.178134e-01    1.024661e-03
    8.912509e-04    8.368875e-01    1.036308e-03
    9.120108e-04    8.564061e-01    1.048503e-03
    9.332543e-04    8.763798e-01    1.061196e-03
    9.549926e-04    8.968189e-01    1.074127e-03
    9.772372e-04    9.177345e-01    1.086628e-03
    1.000000e-03    9.391375e-01    1.100115e-03
    1.023293e-03    9.610395e-01    1.113873e-03
    1.047129e-03    9.834519e-01    1.127221e-03
    1.071519e-03    1.006387e+00    1.141573e-03
    1.096478e-03    1.029856e+00    1.156230e-03
    1.122018e-03    1.053872e+00    1.170501e-03
    1.148154e-03    1.078448e+00    1.185791e-03
    1.174898e-03    1.103597e+00    1.201425e-03
    1.202264e-03    1.129333e+00    1.216620e-03
    1.230269e-03    1.155667e+00    1.232884e-03
    1.258925e-03    1.182616e+00    1.248777e-03
    1.288250e-03    1.210193e+00    1.265719e-03
    1.318257e-03    1.238413e+00    1.283028e-03
    1.348963e-03    1.267290e+00    1.299994e-03
    1.380384e-03    1.296840e+00    1.318058e-03
    1.412538e-03    1.327079e+00    1.335679e-03
    1.445440e-03    1.358023e+00    1.354457e-03
    1.479108e-03    1.389688e+00    1.372922e-03
    1.513561e-03    1.422091e+00    1.392212e-03
    1.548817e-03    1.455250e+00    1.411680e-03
    1.584893e-03    1.489181e+00    1.431231e-03
    1.621810e-03    1.523903e+00    1.452001e-03
    1.659587e-03    1.559434e+00    1.472375e-03
    1.698244e-03    1.595794e+00    1.493981e-03
    1.737801e-03    1.633000e+00    1.515174e-03
    1.778279e-03    1.671074e+00    1.536814e-03
    1.819701e-03    1.710036e+00    1.559667e-03
    1.862087e-03    1.749905e+00    1.582138e-03
    1.905461e-03    1.790704e+00    1.605032e-03
    1.949845e-03    1.832453e+00    1.628425e-03
    1.995262e-03    1.875176e+00    1.652962e-03
    2.041738e-03    1.918894e+00    1.677246e-03
    2.089296e-03    1.963631e+00    1.701894e-03
    2.137962e-03    2.009411e+00    1.727020e-03
    2.187762e-03    2.056258e+00    1.752563e-03
    2.238721e-03    2.104197e+00    1.778529e-03
    2.290868e-03    2.153252e+00    1.805006e-03
    2.344229e-03    2.203452e+00    1.831887e-03
    2.398833e-03    2.254821e+00    1.859217e-03
    2.454709e-03    2.307387e+00    1.887006e-03
    2.511886e-03    2.361178e+00    1.915219e-03
    2.570396e-03    2.416223e+00    1.943862e-03
    2.630268e-03    2.472551e+00    1.972119e-03
    2.691535e-03    2.530191e+00    2.001661e-03
    2.754229e-03    2.589175e+00    2.031652e-03
    2.818383e-03    2.649534e+00    2.061999e-03
    2.884032e-03    2.711299e+00    2.091988e-03
    2.951209e-03    2.774503e+00    2.123178e-03
    3.019952e-03    2.839181e+00    2.153921e-03
    3.090295e-03    2.905366e+00    2.185084e-03
    3.162278e-03    2.973093e+00    2.217467e-03
    3.235937e-03    3.042398e+00    2.249393e-03
    3.311311e-03    3.113319e+00    2.281631e-03
    3.388442e-03    3.185892e+00    2.315160e-03
    3.467369e-03    3.260156e+00    2.348160e-03
    3.548134e-03    3.336152e+00    2.381402e-03
    3.630781e-03    3.413918e+00    2.415008e-03
    3.715352e-03    3.493496e+00    2.448844e-03
    3.801894e-03    3.574928e+00    2.483038e-03
    3.890451e-03    3.658259e+00    2.516500e-03
    3.981072e-03    3.743531e+00    2.551238e-03
    4.073803e-03    3.830790e+00    2.586181e-03
    4.092607e-03    3.848484e+00    2.592359e-03
    4.111497e-03    3.866260e+00    2.599527e-03
    4.130475e-03    3.884119e+00    2.606755e-03
    4.149540e-03    3.902059e+00    2.614045e-03
    4.168694e-03    3.920083e+00    2.620288e-03
    4.187936e-03    3.938189e+00    2.627543e-03
    4.207266e-03    3.956379e+00    2.634784e-03
    4.226686e-03    3.974654e+00    2.641036e-03
    4.246196e-03    3.993012e+00    2.648318e-03
    4.265795e-03    4.011456e+00    2.655584e-03
    4.285485e-03    4.029984e+00    2.662912e-03
    4.305266e-03    4.048599e+00    2.669152e-03
    4.325138e-03    4.067299e+00    2.676522e-03
    4.345102e-03    4.086085e+00    2.683557e-03
    4.365158e-03    4.104958e+00    2.690124e-03
    4.385307e-03    4.123919e+00    2.697440e-03
    4.405549e-03    4.142966e+00    2.704739e-03
    4.425884e-03    4.162102e+00    2.711073e-03
    4.446313e-03    4.181326e+00    2.718413e-03
    4.466836e-03    4.200639e+00    2.725735e-03
    4.487454e-03    4.220042e+00    2.732076e-03
    4.508167e-03    4.239533e+00    2.739439e-03
    4.528976e-03    4.259115e+00    2.746785e-03
    4.549881e-03    4.278787e+00    2.753132e-03
    4.570882e-03    4.298550e+00    2.760518e-03
    4.591980e-03    4.318404e+00    2.767843e-03
    4.613176e-03    4.338350e+00    2.774195e-03
    4.634469e-03    4.358388e+00    2.781603e-03
    4.655861e-03    4.378519e+00    2.787942e-03
    4.677351e-03    4.398742e+00    2.795349e-03
    4.698941e-03    4.419059e+00    2.802736e-03
    4.720630e-03    4.439470e+00    2.809077e-03
    4.742420e-03    4.459975e+00    2.816462e-03
    4.764310e-03    4.480574e+00    2.823870e-03
    4.786301e-03    4.501269e+00    2.830260e-03
    4.808393e-03    4.522059e+00    2.837619e-03
    4.830588e-03    4.542946e+00    2.844641e-03
    4.852885e-03    4.563928e+00    2.851439e-03
    4.875285e-03    4.585008e+00    2.858817e-03
    4.897788e-03    4.606185e+00    2.865194e-03
    4.920395e-03    4.627459e+00    2.872613e-03
    4.943107e-03    4.648832e+00    2.878973e-03
    4.965923e-03    4.670304e+00    2.886387e-03
    4.988845e-03    4.691875e+00    2.893825e-03
    5.011872e-03    4.713545e+00    2.900186e-03
    5.035006e-03    4.735316e+00    2.907571e-03
    5.058247e-03    4.757187e+00    2.913960e-03
    5.081594e-03    4.779158e+00    2.921387e-03
    5.105050e-03    4.801232e+00    2.928779e-03
    5.128614e-03    4.823407e+00    2.935180e-03
    5.152286e-03    4.845685e+00    2.942575e-03
    5.176068e-03    4.868065e+00    2.948897e-03
    5.199960e-03    4.890549e+00    2.956333e-03
    5.223962e-03    4.913137e+00    2.962685e-03
    5.248075e-03    4.935829e+00    2.970114e-03
    5.272299e-03    4.958626e+00    2.976446e-03
    5.296634e-03    4.981528e+00    2.983867e-03
    5.321083e-03    5.004535e+00    2.991262e-03
    5.345644e-03    5.027649e+00    2.997591e-03
    5.370318e-03    5.050870e+00    3.004976e-03
    5.395106e-03    5.074198e+00    3.011284e-03
    5.420009e-03    5.097634e+00    3.018711e-03
    5.445027e-03    5.121178e+00    3.024998e-03
    5.470160e-03    5.144830e+00    3.032415e-03
    5.495409e-03    5.168592e+00    3.038732e-03
    5.520774e-03    5.192463e+00    3.046140e-03
    5.546257e-03    5.216445e+00    3.052434e-03
    5.571857e-03    5.240537e+00    3.059779e-03
    5.597576e-03    5.264741e+00    3.066050e-03
    5.623413e-03    5.289056e+00    3.073437e-03
    5.649370e-03    5.313484e+00    3.079738e-03
    5.675446e-03    5.338025e+00    3.087061e-03
    5.701643e-03    5.362678e+00    3.093339e-03
    5.727960e-03    5.387446e+00    3.100704e-03
    5.754399e-03    5.412328e+00    3.106904e-03
    5.780960e-03    5.437325e+00    3.114257e-03
    5.807644e-03    5.462437e+00    3.120487e-03
    5.834451e-03    5.487665e+00    3.127772e-03
    5.861382e-03    5.513010e+00    3.134034e-03
    5.888437e-03    5.538471e+00    3.141363e-03
    5.915616e-03    5.564051e+00    3.147543e-03
    5.942922e-03    5.589748e+00    3.154802e-03
    5.970353e-03    5.615564e+00    3.161014e-03
    5.997911e-03    5.641499e+00    3.168317e-03
    6.025596e-03    5.667554e+00    3.174447e-03
    6.053409e-03    5.693729e+00    3.181737e-03
    6.081350e-03    5.720025e+00    3.187898e-03
    6.109420e-03    5.746443e+00    3.194074e-03
    6.137620e-03    5.772982e+00    3.201311e-03
    6.165950e-03    5.799644e+00    3.207401e-03
    6.194411e-03    5.826429e+00    3.214624e-03
    6.223003e-03    5.853338e+00    3.220748e-03
    6.251727e-03    5.880371e+00    3.227957e-03
    6.280584e-03    5.907529e+00    3.234055e-03
    6.309573e-03    5.934812e+00    3.241250e-03
    6.338697e-03    5.962221e+00    3.247321e-03
    6.367955e-03    5.989756e+00    3.253346e-03
    6.397348e-03    6.017419e+00    3.260485e-03
    6.426877e-03    6.045210e+00    3.266607e-03
    6.456542e-03    6.073129e+00    3.273670e-03
    6.486344e-03    6.101176e+00    3.279703e-03
    6.516284e-03    6.129354e+00    3.286306e-03
    6.546362e-03    6.157661e+00    3.292885e-03
    6.576578e-03    6.186099e+00    3.298780e-03
    6.606934e-03    6.214668e+00    3.305898e-03
    6.637431e-03    6.243369e+00    3.311831e-03
    6.668068e-03    6.272203e+00    3.317844e-03
    6.698846e-03    6.301170e+00    3.324841e-03
    6.729767e-03    6.330270e+00    3.330829e-03
    6.760830e-03    6.359505e+00    3.337812e-03
    6.792036e-03    6.388875e+00    3.343775e-03
    6.823387e-03    6.418381e+00    3.349689e-03
    6.854882e-03    6.448022e+00    3.356614e-03
    6.886523e-03    6.477801e+00    3.362570e-03
    6.918310e-03    6.507717e+00    3.368342e-03
    6.950243e-03    6.537771e+00    3.375345e-03
    6.982324e-03    6.567964e+00    3.381228e-03
    7.014553e-03    6.598296e+00    3.388150e-03
    7.046931e-03    6.628768e+00    3.393940e-03
    7.079458e-03    6.659381e+00    3.399749e-03
    7.112135e-03    6.690136e+00    3.406615e-03
    7.144963e-03    6.721032e+00    3.412471e-03
    7.177943e-03    6.752071e+00    3.418136e-03
    7.211075e-03    6.783253e+00    3.425088e-03
    7.244360e-03    6.814579e+00    3.430801e-03
    7.277798e-03    6.846050e+00    3.436536e-03
    7.311391e-03    6.877666e+00    3.443435e-03
    7.345139e-03    6.909428e+00    3.449075e-03
    7.379042e-03    6.941337e+00    3.454811e-03
    7.413102e-03    6.973393e+00    3.461585e-03
    7.447320e-03    7.005597e+00    3.467301e-03
    7.481695e-03    7.037950e+00    3.472894e-03
    7.516229e-03    7.070452e+00    3.479690e-03
    7.550922e-03    7.103104e+00    3.485338e-03
    7.585776e-03    7.135907e+00    3.490936e-03
    7.620790e-03    7.168861e+00    3.497682e-03
    7.655966e-03    7.201968e+00    3.503263e-03
    7.691304e-03    7.235227e+00    3.508870e-03
    7.726806e-03    7.268640e+00    3.515646e-03
    7.762471e-03    7.302207e+00    3.521161e-03
    7.798301e-03    7.335929e+00    3.526783e-03
    7.834296e-03    7.369806e+00    3.533436e-03
    7.870458e-03    7.403841e+00    3.538967e-03
    7.906786e-03    7.438032e+00    3.544527e-03
    7.943282e-03    7.472381e+00    3.551138e-03
    7.979947e-03    7.506889e+00    3.556688e-03
    8.016781e-03    7.541555e+00    3.562191e-03
    8.053784e-03    7.576383e+00    3.567646e-03
    8.090959e-03    7.611370e+00    3.574336e-03
    8.128305e-03    7.646520e+00    3.579784e-03
    8.165824e-03    7.681831e+00    3.585184e-03
    8.203515e-03    7.717306e+00    3.591841e-03
    8.241381e-03    7.752944e+00    3.597319e-03
    8.279422e-03    7.788747e+00    3.602751e-03
    8.317638e-03    7.824715e+00    3.608138e-03
    8.356030e-03    7.860849e+00    3.614810e-03
    8.394600e-03    7.897151e+00    3.620281e-03
    8.433348e-03    7.933619e+00    3.625708e-03
    8.472274e-03    7.970256e+00    3.631592e-03
    8.511380e-03    8.007062e+00    3.637617e-03
    8.550667e-03    8.044038e+00    3.643091e-03
    8.590135e-03    8.081185e+00    3.648524e-03
    8.629785e-03    8.118503e+00    3.653905e-03
    8.669619e-03    8.155994e+00    3.660473e-03
    8.709636e-03    8.193657e+00    3.665875e-03
    8.749838e-03    8.231495e+00    3.671236e-03
    8.790225e-03    8.269507e+00    3.676645e-03
    8.830799e-03    8.307695e+00    3.683250e-03
    8.871560e-03    8.346058e+00    3.688678e-03
    8.912509e-03    8.384600e+00    3.694067e-03
    8.953648e-03    8.423318e+00    3.700673e-03
    8.994976e-03    8.462216e+00    3.706085e-03
    9.036495e-03    8.501293e+00    3.711553e-03
    9.078205e-03    8.540551e+00    3.716894e-03
    9.120108e-03    8.579990e+00    3.723479e-03
    9.162205e-03    8.619611e+00    3.728943e-03
    9.204496e-03    8.659415e+00    3.734373e-03
    9.246982e-03    8.699402e+00    3.739959e-03
    9.289664e-03    8.739575e+00    3.746538e-03
    9.332543e-03    8.779932e+00    3.751976e-03
    9.375620e-03    8.820476e+00    3.757480e-03
    9.418896e-03    8.861207e+00    3.762955e-03
    9.462372e-03    8.902127e+00    3.768499e-03
    9.506048e-03    8.943235e+00    3.775161e-03
    9.549926e-03    8.984532e+00    3.780757e-03
    9.594006e-03    9.026021e+00    3.786329e-03
    9.638290e-03    9.067701e+00    3.791879e-03
    9.682779e-03    9.109573e+00    3.798670e-03
    9.727472e-03    9.151639e+00    3.804331e-03
    9.772372e-03    9.193899e+00    3.809923e-03
    9.817479e-03    9.236354e+00    3.815596e-03
    9.862795e-03    9.279005e+00    3.822491e-03
    9.908319e-03    9.321853e+00    3.828189e-03
    9.954054e-03    9.364899e+00    3.833922e-03
    1.000000e-02    9.408143e+00    3.839693e-03
    1.004616e-02    9.451587e+00    3.846665e-03
    1.009253e-02    9.495232e+00    3.852472e-03
    1.013911e-02    9.539078e+00    3.858373e-03
    1.018591e-02    9.583127e+00    3.864268e-03
    1.023293e-02    9.627379e+00    3.871392e-03
    1.028016e-02    9.671835e+00    3.877336e-03
    1.032761e-02    9.716496e+00    3.883383e-03
    1.037528e-02    9.761364e+00    3.889377e-03
    1.042317e-02    9.806438e+00    3.895478e-03
    1.047129e-02    9.851721e+00    3.902846e-03
    1.051962e-02    9.897213e+00    3.909015e-03
    1.056818e-02    9.942915e+00    3.915244e-03
    1.061696e-02    9.988828e+00    3.921536e-03
    1.066596e-02    1.003495e+01    3.929072e-03
    1.071519e-02    1.008129e+01    3.935448e-03
    1.076465e-02    1.012784e+01    3.941839e-03
    1.081434e-02    1.017461e+01    3.948356e-03
    1.086426e-02    1.022159e+01    3.956147e-03
    1.091440e-02    1.026879e+01    3.962767e-03
    1.096478e-02    1.031621e+01    3.969465e-03
    1.101539e-02    1.036384e+01    3.976190e-03
    1.106624e-02    1.041170e+01    3.984276e-03
    1.111732e-02    1.045978e+01    3.991178e-03
    1.116863e-02    1.050808e+01    3.998114e-03
    1.122018e-02    1.055660e+01    4.005199e-03
    1.127197e-02    1.060534e+01    4.013508e-03
    1.132400e-02    1.065431e+01    4.020736e-03
    1.137627e-02    1.070351e+01    4.028065e-03
    1.142878e-02    1.075294e+01    4.035441e-03
    1.148154e-02    1.080259e+01    4.044131e-03
    1.153453e-02    1.085247e+01    4.051673e-03
    1.158777e-02    1.090258e+01    4.059387e-03
    1.164126e-02    1.095292e+01    4.067160e-03
    1.169499e-02    1.100350e+01    4.076220e-03
    1.174898e-02    1.105431e+01    4.084243e-03
    1.180321e-02    1.110535e+01    4.092275e-03
    1.185769e-02    1.115663e+01    4.101679e-03
    1.191242e-02    1.120815e+01    4.110041e-03
    1.196741e-02    1.125990e+01    4.118482e-03
    1.202264e-02    1.131189e+01    4.127065e-03
    1.207814e-02    1.136413e+01    4.136934e-03
    1.213389e-02    1.141660e+01    4.145757e-03
    1.218990e-02    1.146932e+01    4.154734e-03
    1.224616e-02    1.152228e+01    4.164717e-03
    1.230269e-02    1.157548e+01    4.174265e-03
    1.235947e-02    1.162893e+01    4.183672e-03
    1.241652e-02    1.168263e+01    4.193188e-03
    1.247384e-02    1.173657e+01    4.204051e-03
    1.253141e-02    1.179076e+01    4.213927e-03
    1.258925e-02    1.184521e+01    4.223923e-03
    1.264736e-02    1.189990e+01    4.234172e-03
    1.270574e-02    1.195485e+01    4.245679e-03
    1.276439e-02    1.201005e+01    4.256197e-03
    1.282331e-02    1.206551e+01    4.266983e-03
    1.288250e-02    1.212122e+01    4.279054e-03
    1.294196e-02    1.217719e+01    4.290138e-03
    1.300170e-02    1.223341e+01    4.301376e-03
    1.306171e-02    1.228990e+01    4.314056e-03
    1.312200e-02    1.234665e+01    4.325752e-03
    1.318257e-02    1.240366e+01    4.337682e-03
    1.324342e-02    1.246093e+01    4.350953e-03
    1.330454e-02    1.251847e+01    4.363309e-03
    1.336596e-02    1.257627e+01    4.375917e-03
    1.342765e-02    1.263434e+01    4.389895e-03
    1.348963e-02    1.269268e+01    4.402963e-03
    1.355189e-02    1.275129e+01    4.417420e-03
    1.361445e-02    1.281017e+01    4.430904e-03
    1.367729e-02    1.286932e+01    4.444739e-03
    1.374042e-02    1.292874e+01    4.459993e-03
    1.380384e-02    1.298844e+01    4.474281e-03
    1.386756e-02    1.304841e+01    4.488939e-03
    1.393157e-02    1.310866e+01    4.504981e-03
    1.399587e-02    1.316919e+01    4.520201e-03
    1.406048e-02    1.322999e+01    4.536824e-03
    1.412538e-02    1.329108e+01    4.552633e-03
    1.419058e-02    1.335245e+01    4.569798e-03
    1.425608e-02    1.341411e+01    4.586294e-03
    1.432188e-02    1.347604e+01    4.602934e-03
    1.438799e-02    1.353827e+01    4.621242e-03
    1.445440e-02    1.360078e+01    4.638614e-03
    1.452112e-02    1.366358e+01    4.657538e-03
    1.458814e-02    1.372667e+01    4.675604e-03
    1.465548e-02    1.379005e+01    4.695245e-03
    1.472313e-02    1.385373e+01    4.714037e-03
    1.479108e-02    1.391769e+01    4.734428e-03
    1.485936e-02    1.398196e+01    4.754052e-03
    1.492794e-02    1.404652e+01    4.775156e-03
    1.499685e-02    1.411138e+01    4.795648e-03
    1.506607e-02    1.417653e+01    4.817571e-03
    1.513561e-02    1.424199e+01    4.838895e-03
    1.520548e-02    1.430775e+01    4.861675e-03
    1.527566e-02    1.437382e+01    4.883795e-03
    1.534617e-02    1.444019e+01    4.907469e-03
    1.541700e-02    1.450686e+01    4.930498e-03
    1.548817e-02    1.457385e+01    4.955179e-03
    1.555966e-02    1.464114e+01    4.979155e-03
    1.563148e-02    1.470874e+01    5.004811e-03
    1.570363e-02    1.477666e+01    5.029777e-03
    1.577611e-02    1.484489e+01    5.056375e-03
    1.584893e-02    1.491343e+01    5.083013e-03
    1.592209e-02    1.498229e+01    5.110032e-03
    1.599558e-02    1.505147e+01    5.138276e-03
    1.606941e-02    1.512097e+01    5.166022e-03
    1.614359e-02    1.519079e+01    5.195319e-03
    1.621810e-02    1.526093e+01    5.225161e-03
    1.629296e-02    1.533140e+01    5.254609e-03
    1.636817e-02    1.540219e+01    5.285727e-03
    1.644372e-02    1.547331e+01    5.316319e-03
    1.651962e-02    1.554475e+01    5.348687e-03
    1.659587e-02    1.561653e+01    5.381662e-03
    1.667247e-02    1.568864e+01    5.415333e-03
    1.674943e-02    1.576108e+01    5.448600e-03
    1.682674e-02    1.583386e+01    5.483549e-03
    1.690441e-02    1.590697e+01    5.519158e-03
    1.698244e-02    1.598042e+01    5.554553e-03
    1.706082e-02    1.605420e+01    5.591679e-03
    1.713957e-02    1.612833e+01    5.629506e-03
    1.721869e-02    1.620280e+01    5.668051e-03
    1.729816e-02    1.627762e+01    5.706356e-03
    1.737801e-02    1.635278e+01    5.746457e-03
    1.745822e-02    1.642829e+01    5.787399e-03
    1.753881e-02    1.650415e+01    5.829119e-03
    1.761976e-02    1.658035e+01    5.871791e-03
    1.770109e-02    1.665691e+01    5.914058e-03
    1.778279e-02    1.673382e+01    5.958366e-03
    1.786488e-02    1.681109e+01    6.003517e-03
    1.794734e-02    1.688872e+01    6.049528e-03
    1.803018e-02    1.696670e+01    6.096496e-03
    1.811340e-02    1.704504e+01    6.144359e-03
    1.819701e-02    1.712375e+01    6.192151e-03
    1.828100e-02    1.720282e+01    6.241937e-03
    1.836538e-02    1.728225e+01    6.292672e-03
    1.845015e-02    1.736205e+01    6.344535e-03
    1.853532e-02    1.744222e+01    6.397225e-03
    1.862087e-02    1.752276e+01    6.451082e-03
    1.870682e-02    1.760367e+01    6.505965e-03
    1.879317e-02    1.768496e+01    6.561893e-03
    1.887991e-02    1.776662e+01    6.618887e-03
    1.896706e-02    1.784866e+01    6.677130e-03
    1.905461e-02    1.793107e+01    6.736481e-03
    1.914256e-02    1.801387e+01    6.796960e-03
    1.923092e-02    1.809705e+01    6.858590e-03
    1.931968e-02    1.818061e+01    6.921392e-03
    1.940886e-02    1.826457e+01    6.985470e-03
    1.949845e-02    1.834890e+01    7.050765e-03
    1.958845e-02    1.843363e+01    7.117382e-03
    1.967886e-02    1.851875e+01    7.185263e-03
    1.976970e-02    1.860426e+01    7.254513e-03
    1.986095e-02    1.869017e+01    7.325981e-03
    1.995262e-02    1.877647e+01    7.397960e-03
    2.004472e-02    1.886318e+01    7.471218e-03
    2.013724e-02    1.895028e+01    7.545944e-03
    2.023019e-02    1.903779e+01    7.622165e-03
    2.032357e-02    1.912570e+01    7.700644e-03
    2.041738e-02    1.921401e+01    7.779848e-03
    2.051162e-02    1.930274e+01    7.860462e-03
    2.060630e-02    1.939187e+01    7.942594e-03
    2.070141e-02    1.948142e+01    8.026438e-03
    2.079697e-02    1.957138e+01    8.112754e-03
    2.089296e-02    1.966175e+01    8.199693e-03
    2.098940e-02    1.975254e+01    8.288429e-03
    2.108628e-02    1.984376e+01    8.379637e-03
    2.118361e-02    1.993539e+01    8.471726e-03
    2.128139e-02    2.002745e+01    8.565538e-03
    2.137962e-02    2.011993e+01    8.662032e-03
    2.147830e-02    2.021284e+01    8.759463e-03
    2.157744e-02    2.030618e+01    8.858712e-03
    2.167704e-02    2.039995e+01    8.960733e-03
    2.177710e-02    2.049415e+01    9.063794e-03
    2.187762e-02    2.058879e+01    9.169647e-03
    2.197860e-02    2.068387e+01    9.276613e-03
    2.208005e-02    2.077939e+01    9.386435e-03
    2.218196e-02    2.087534e+01    9.497484e-03
    2.228435e-02    2.097174e+01    9.611414e-03
    2.238721e-02    2.106859e+01    9.726648e-03
    2.249055e-02    2.116588e+01    9.844870e-03
    2.259436e-02    2.126363e+01    9.964434e-03
    2.269865e-02    2.136182e+01    1.008702e-02
    2.280342e-02    2.146047e+01    1.021187e-02
    2.290868e-02    2.155958e+01    1.033828e-02
    2.301442e-02    2.165914e+01    1.046777e-02
    2.312065e-02    2.175916e+01    1.059961e-02
    2.322737e-02    2.185965e+01    1.073316e-02
    2.333458e-02    2.196060e+01    1.086992e-02
    2.344229e-02    2.206201e+01    1.100915e-02
    2.355049e-02    2.216390e+01    1.115094e-02
    2.365920e-02    2.226625e+01    1.129459e-02
    2.376840e-02    2.236908e+01    1.144163e-02
    2.387811e-02    2.247239e+01    1.159128e-02
    2.398833e-02    2.257617e+01    1.174367e-02
    2.409905e-02    2.268043e+01    1.189883e-02
    2.421029e-02    2.278517e+01    1.205611e-02
    2.432204e-02    2.289040e+01    1.221694e-02
    2.443431e-02    2.299612e+01    1.238066e-02
    2.454709e-02    2.310232e+01    1.254734e-02
    2.466039e-02    2.320901e+01    1.271705e-02
    2.477422e-02    2.331620e+01    1.288978e-02
    2.488857e-02    2.342388e+01    1.306564e-02
    2.500345e-02    2.353207e+01    1.324462e-02
    2.511886e-02    2.364075e+01    1.342683e-02
    2.523481e-02    2.374993e+01    1.361228e-02
    2.535129e-02    2.385962e+01    1.380106e-02
    2.546830e-02    2.396981e+01    1.399318e-02
    2.558586e-02    2.408052e+01    1.418875e-02
    2.570396e-02    2.419174e+01    1.438777e-02
    2.582260e-02    2.430347e+01    1.459035e-02
    2.594179e-02    2.441571e+01    1.479653e-02
    2.606154e-02    2.452848e+01    1.500690e-02
    2.618183e-02    2.464177e+01    1.522044e-02
    2.630268e-02    2.475558e+01    1.543774e-02
    2.642409e-02    2.486992e+01    1.565884e-02
    2.654606e-02    2.498479e+01    1.588390e-02
    2.666859e-02    2.510019e+01    1.611338e-02
    2.679168e-02    2.521612e+01    1.634637e-02
    2.691535e-02    2.533259e+01    1.658347e-02
    2.703958e-02    2.544960e+01    1.682516e-02
    2.716439e-02    2.556714e+01    1.707062e-02
    2.728978e-02    2.568524e+01    1.732036e-02
    2.741574e-02    2.580387e+01    1.757490e-02
    2.754229e-02    2.592306e+01    1.783345e-02
    2.766942e-02    2.604280e+01    1.809690e-02
    2.779713e-02    2.616309e+01    1.836450e-02
    2.792544e-02    2.628394e+01    1.863683e-02
    2.805434e-02    2.640535e+01    1.891403e-02
    2.818383e-02    2.652732e+01    1.919615e-02
    2.831392e-02    2.664985e+01    1.948276e-02
    2.844461e-02    2.677296e+01    1.977466e-02
    2.857591e-02    2.689663e+01    2.007121e-02
    2.870781e-02    2.702087e+01    2.037322e-02
    2.884032e-02    2.714569e+01    2.068004e-02
    2.897344e-02    2.727108e+01    2.099248e-02
    2.910717e-02    2.739706e+01    2.131023e-02
    2.924152e-02    2.752362e+01    2.163311e-02
    2.937650e-02    2.765076e+01    2.196176e-02
    2.951209e-02    2.777849e+01    2.229604e-02
    2.964831e-02    2.790682e+01    2.263598e-02
    2.978516e-02    2.803573e+01    2.298144e-02
    2.992265e-02    2.816525e+01    2.333299e-02
    3.006076e-02    2.829536e+01    2.369052e-02
    3.019952e-02    2.842608e+01    2.405409e-02
    3.033891e-02    2.855740e+01    2.442358e-02
    3.047895e-02    2.868933e+01    2.479949e-02
    3.061963e-02    2.882187e+01    2.518174e-02
    3.076097e-02    2.895502e+01    2.557041e-02
    3.090295e-02    2.908879e+01    2.596562e-02
    3.104560e-02    2.922318e+01    2.636744e-02
    3.118890e-02    2.935819e+01    2.677603e-02
    3.133286e-02    2.949383e+01    2.719140e-02
    3.147748e-02    2.963009e+01    2.761374e-02
    3.162278e-02    2.976699e+01    2.804311e-02
    3.176874e-02    2.990451e+01    2.847966e-02
    3.191538e-02    3.004268e+01    2.892346e-02
    3.206269e-02    3.018149e+01    2.937465e-02
    3.221069e-02    3.032093e+01    2.983333e-02
    3.235937e-02    3.046103e+01    3.029961e-02
    3.250873e-02    3.060177e+01    3.077360e-02
    3.265878e-02    3.074317e+01    3.125546e-02
    3.280953e-02    3.088522e+01    3.174528e-02
    3.296097e-02    3.102792e+01    3.224318e-02
    3.311311e-02    3.117129e+01    3.274922e-02
    3.326596e-02    3.131533e+01    3.326365e-02
    3.341950e-02    3.146003e+01    3.378654e-02
    3.357376e-02    3.160540e+01    3.431802e-02
    3.372873e-02    3.175144e+01    3.485824e-02
    3.388442e-02    3.189816e+01    3.540715e-02
    3.404082e-02    3.204556e+01    3.596519e-02
    3.419794e-02    3.219364e+01    3.653236e-02
    3.435579e-02    3.234241e+01    3.710879e-02
    3.451437e-02    3.249187e+01    3.769464e-02
    3.467369e-02    3.264202e+01    3.828980e-02
    3.483373e-02    3.279287e+01    3.889486e-02
    3.499452e-02    3.294442e+01    3.950976e-02
    3.515604e-02    3.309667e+01    4.013438e-02
    3.531832e-02    3.324962e+01    4.076940e-02
    3.548134e-02    3.340328e+01    4.141471e-02
    3.564511e-02    3.355766e+01    4.207014e-02
    3.580964e-02    3.371275e+01    4.273648e-02
    3.597493e-02    3.386856e+01    4.341359e-02
    3.614099e-02    3.402509e+01    4.410125e-02
    3.630781e-02    3.418235e+01    4.480036e-02
    3.647539e-02    3.434034e+01    4.551033e-02
    3.664376e-02    3.449906e+01    4.623209e-02
    3.681290e-02    3.465851e+01    4.696546e-02
    3.698282e-02    3.481871e+01    4.771013e-02
    3.715352e-02    3.497965e+01    4.846720e-02
    3.732502e-02    3.514133e+01    4.923640e-02
    3.749730e-02    3.530377e+01    5.001738e-02
    3.767038e-02    3.546695e+01    5.081135e-02
    3.784426e-02    3.563090e+01    5.161800e-02
    3.801894e-02    3.579560e+01    5.243692e-02
    3.819443e-02    3.596107e+01    5.326947e-02
    3.837072e-02    3.612731e+01    5.411466e-02
    3.854784e-02    3.629432e+01    5.497388e-02
    3.872576e-02    3.646210e+01    5.584675e-02
    3.890451e-02    3.663066e+01    5.673278e-02
    4.008579e-02    3.774503e+01    5.789001e-02
    4.102905e-02    3.863463e+01    6.275053e-02
    4.199486e-02    3.954561e+01    6.800255e-02
    4.298378e-02    4.047853e+01    7.367532e-02
    4.399639e-02    4.143392e+01    7.980011e-02
    4.503328e-02    4.241238e+01    8.641041e-02
    4.609505e-02    4.341448e+01    9.354205e-02
    4.718233e-02    4.444083e+01    1.012334e-01
    4.829578e-02    4.549206e+01    1.095254e-01
    4.943602e-02    4.656880e+01    1.184619e-01
    5.060376e-02    4.767172e+01    1.280901e-01
    5.179970e-02    4.880150e+01    1.384598e-01
    5.302453e-02    4.995884e+01    1.496248e-01
    5.427900e-02    5.114447e+01    1.616427e-01
    5.556387e-02    5.235912e+01    1.745745e-01
    5.687991e-02    5.360356e+01    1.884859e-01
    5.822794e-02    5.487857e+01    2.034471e-01
    5.960877e-02    5.618499e+01    2.195330e-01
    6.102326e-02    5.752364e+01    2.368236e-01
    6.247227e-02    5.889539e+01    2.554046e-01
    6.395670e-02    6.030114e+01    2.753675e-01
    6.547749e-02    6.174181e+01    2.968101e-01
    6.703558e-02    6.321834e+01    3.198370e-01
    6.863196e-02    6.473172e+01    3.445597e-01
    7.026764e-02    6.628296e+01    3.710979e-01
    7.194365e-02    6.787312e+01    3.995789e-01
    7.366107e-02    6.950326e+01    4.301392e-01
    7.542100e-02    7.117453e+01    4.629247e-01
    7.722460e-02    7.288805e+01    4.980909e-01
    7.907301e-02    7.464504e+01    5.358046e-01
    8.096745e-02    7.644671e+01    5.762437e-01
    8.290919e-02    7.829436e+01    6.195984e-01
    8.489949e-02    8.018930e+01    6.660720e-01
    8.693967e-02    8.213289e+01    7.158822e-01
    8.903112e-02    8.412655e+01    7.692613e-01
    9.117522e-02    8.617175e+01    8.264579e-01
    9.337345e-02    8.827000e+01    8.877379e-01
    9.562730e-02    9.042287e+01    9.533856e-01
    9.793832e-02    9.263199e+01    1.023705e+00
    1.003081e-01    9.489902e+01    1.099021e+00
    1.027383e-01    9.722575e+01    1.179683e+00
    1.052305e-01    9.961396e+01    1.266061e+00
    1.065005e-01    1.008317e+02    1.311517e+00
    1.077867e-01    1.020655e+02    1.358555e+00
    1.090893e-01    1.033157e+02    1.407227e+00
    1.104085e-01    1.045824e+02    1.457591e+00
    1.117446e-01    1.058660e+02    1.509704e+00
    1.130978e-01    1.071666e+02    1.563625e+00
    1.144685e-01    1.084846e+02    1.619417e+00
    1.158566e-01    1.098203e+02    1.677146e+00
    1.172627e-01    1.111738e+02    1.736875e+00
    1.186869e-01    1.125454e+02    1.798676e+00
    1.201295e-01    1.139356e+02    1.862619e+00
    1.215907e-01    1.153445e+02    1.928776e+00
    1.230707e-01    1.167725e+02    1.997226e+00
    1.245700e-01    1.182198e+02    2.068046e+00
    1.260887e-01    1.196868e+02    2.141319e+00
    1.276272e-01    1.211737e+02    2.217128e+00
    1.291857e-01    1.226809e+02    2.295561e+00
    1.307644e-01    1.242087e+02    2.376711e+00
    1.323638e-01    1.257575e+02    2.460668e+00
    1.339841e-01    1.273276e+02    2.547531e+00
    1.356341e-01    1.289274e+02    2.637023e+00
    1.373165e-01    1.305600e+02    2.729160e+00
    1.390272e-01    1.322212e+02    2.824257e+00
    1.407657e-01    1.339104e+02    2.922488e+00
    1.425314e-01    1.356274e+02    3.024007e+00
    1.443243e-01    1.373722e+02    3.128963e+00
    1.461446e-01    1.391450e+02    3.237500e+00
    1.479925e-01    1.409459e+02    3.349767e+00
    1.498681e-01    1.427755e+02    3.465912e+00
    1.517717e-01    1.446337e+02    3.586092e+00
    1.537036e-01    1.465212e+02    3.710464e+00
    1.556641e-01    1.484383e+02    3.839191e+00
    1.576536e-01    1.503853e+02    3.972443e+00
    1.596724e-01    1.523628e+02    4.110393e+00
    1.617208e-01    1.543711e+02    4.253224e+00
    1.637994e-01    1.564107e+02    4.401122e+00
    1.659083e-01    1.584822e+02    4.554282e+00
    1.680482e-01    1.605861e+02    4.712903e+00
    1.702193e-01    1.627227e+02    4.877196e+00
    1.724221e-01    1.648927e+02    5.047375e+00
    1.746571e-01    1.670966e+02    5.223666e+00
    1.769246e-01    1.693350e+02    5.406301e+00
    1.792251e-01    1.716084e+02    5.595522e+00
    1.815592e-01    1.739173e+02    5.791579e+00
    1.839272e-01    1.762626e+02    5.994733e+00
    1.863297e-01    1.786446e+02    6.205255e+00
    1.887671e-01    1.810640e+02    6.423424e+00
    1.912398e-01    1.835215e+02    6.649531e+00
    1.937485e-01    1.860177e+02    6.883879e+00
    1.962937e-01    1.885533e+02    7.126780e+00
    1.988757e-01    1.911290e+02    7.378563e+00
    2.014953e-01    1.937453e+02    7.639563e+00
    2.041528e-01    1.964032e+02    7.910133e+00
    2.068489e-01    1.991032e+02    8.190637e+00
    2.095841e-01    2.018462e+02    8.481453e+00
    2.123589e-01    2.046329e+02    8.782974e+00
    2.151740e-01    2.074639e+02    9.095607e+00
    2.180297e-01    2.103403e+02    9.419778e+00
    2.209269e-01    2.132627e+02    9.755924e+00
    2.238660e-01    2.162319e+02    1.010450e+01
    2.268477e-01    2.192488e+02    1.046599e+01
    2.298725e-01    2.223143e+02    1.084088e+01
    2.329410e-01    2.254293e+02    1.122967e+01
    2.360539e-01    2.285945e+02    1.163290e+01
    2.392119e-01    2.318111e+02    1.205113e+01
    2.424154e-01    2.350797e+02    1.248491e+01
    2.456651e-01    2.384015e+02    1.293485e+01
    2.489618e-01    2.417774e+02    1.340156e+01
    2.523061e-01    2.452085e+02    1.388568e+01
    2.556986e-01    2.486956e+02    1.438788e+01
    2.591401e-01    2.522399e+02    1.490883e+01
    2.626311e-01    2.558424e+02    1.544925e+01
    2.661724e-01    2.595043e+02    1.600990e+01
    2.697646e-01    2.632265e+02    1.659153e+01
    2.734086e-01    2.670103e+02    1.719495e+01
    2.771050e-01    2.708568e+02    1.782098e+01
    2.808544e-01    2.747672e+02    1.847048e+01
    2.846578e-01    2.787428e+02    1.914436e+01
    2.885158e-01    2.827848e+02    1.984352e+01
    2.924290e-01    2.868943e+02    2.056894e+01
    2.963984e-01    2.910728e+02    2.132161e+01
    3.004246e-01    2.953216e+02    2.210255e+01
    3.045084e-01    2.996420e+02    2.291286e+01
    3.086507e-01    3.040355e+02    2.375363e+01
    3.128522e-01    3.085033e+02    2.462603e+01
    3.171137e-01    3.130471e+02    2.553124e+01
    3.214359e-01    3.176683e+02    2.647052e+01
    3.258199e-01    3.223684e+02    2.744515e+01
    3.302662e-01    3.271490e+02    2.845645e+01
    3.347759e-01    3.320119e+02    2.950583e+01
    3.393497e-01    3.369584e+02    3.059471e+01
    3.439884e-01    3.419903e+02    3.172459e+01
    3.486931e-01    3.471094e+02    3.289700e+01
    3.534644e-01    3.523175e+02    3.411355e+01
    3.583033e-01    3.576163e+02    3.537590e+01
    3.632107e-01    3.630077e+02    3.668577e+01
    3.681875e-01    3.684936e+02    3.804494e+01
    3.732346e-01    3.740760e+02    3.945526e+01
    3.783528e-01    3.797569e+02    4.091864e+01
    3.835433e-01    3.855382e+02    4.243708e+01
    3.888068e-01    3.914222e+02    4.401262e+01
    3.941443e-01    3.974108e+02    4.564740e+01
    3.995567e-01    4.035066e+02    4.734364e+01
    4.050452e-01    4.097116e+02    4.910362e+01
    4.106105e-01    4.160281e+02    5.092970e+01
    4.162538e-01    4.224587e+02    5.282436e+01
    4.219758e-01    4.290057e+02    5.479015e+01
    4.277778e-01    4.356716e+02    5.682968e+01
    4.336607e-01    4.424590e+02    5.894570e+01
    4.396256e-01    4.493706e+02    6.114104e+01
    4.456734e-01    4.564092e+02    6.341864e+01
    4.518052e-01    4.635774e+02    6.578152e+01
    4.580222e-01    4.708781e+02    6.823283e+01
    4.643253e-01    4.783145e+02    7.077583e+01
    4.707156e-01    4.858893e+02    7.341389e+01
    4.771941e-01    4.936059e+02    7.615049e+01
    4.837622e-01    5.014673e+02    7.898928e+01
    4.904207e-01    5.094768e+02    8.193395e+01
    4.971708e-01    5.176378e+02    8.498841e+01
    5.040137e-01    5.259538e+02    8.815666e+01
    5.109506e-01    5.344284e+02    9.144286e+01
    5.179825e-01    5.430651e+02    9.485129e+01
    5.251106e-01    5.518678e+02    9.838640e+01
    5.323361e-01    5.608403e+02    1.020528e+02
    5.396603e-01    5.699867e+02    1.058552e+02
    5.470842e-01    5.793109e+02    1.097987e+02
    5.546091e-01    5.888173e+02    1.138882e+02
    5.622363e-01    5.985101e+02    1.181290e+02
    5.699669e-01    6.083936e+02    1.225267e+02
    5.778023e-01    6.184727e+02    1.270868e+02
    5.857436e-01    6.287519e+02    1.318152e+02
    5.937922e-01    6.392361e+02    1.367179e+02
    6.019494e-01    6.499303e+02    1.418012e+02
    6.102163e-01    6.608395e+02    1.470716e+02
    6.185944e-01    6.719690e+02    1.525357e+02
    6.270849e-01    6.833243e+02    1.582005e+02
    6.356892e-01    6.949110e+02    1.640730e+02
    6.444086e-01    7.067347e+02    1.701607e+02
    6.532446e-01    7.188013e+02    1.764713e+02
    6.621984e-01    7.311170e+02    1.830125e+02
    6.712714e-01    7.436880e+02    1.897926e+02
    6.804653e-01    7.565207e+02    1.968201e+02
    6.897810e-01    7.696217e+02    2.041037e+02
    6.992203e-01    7.829978e+02    2.116524e+02
    7.087846e-01    7.966561e+02    2.194754e+02
    7.184752e-01    8.106039e+02    2.275826e+02
    7.282938e-01    8.248483e+02    2.359837e+02
    7.382415e-01    8.393973e+02    2.446892e+02
    7.483202e-01    8.542587e+02    2.537096e+02
    7.585312e-01    8.694404e+02    2.630558e+02
    7.688762e-01    8.849509e+02    2.727395e+02
    7.793566e-01    9.007990e+02    2.827721e+02
    7.899738e-01    9.169932e+02    2.931658e+02
    8.007297e-01    9.335427e+02    3.039333e+02
    8.116256e-01    9.504569e+02    3.150873e+02
    8.226633e-01    9.677456e+02    3.266412e+02
    8.338443e-01    9.854186e+02    3.386089e+02
    8.451702e-01    1.003486e+03    3.510046e+02
    8.566429e-01    1.021959e+03    3.638430e+02
    8.682637e-01    1.040848e+03    3.771393e+02
    8.800346e-01    1.060163e+03    3.909092e+02
    8.919570e-01    1.079918e+03    4.051690e+02
    9.040328e-01    1.100123e+03    4.199353e+02
    9.162638e-01    1.120791e+03    4.352253e+02
    9.286514e-01    1.141933e+03    4.510570e+02
    9.411977e-01    1.163565e+03    4.674488e+02
    9.539043e-01    1.185699e+03    4.844197e+02
    9.667731e-01    1.208347e+03    5.019891e+02
    9.798058e-01    1.231525e+03    5.201776e+02
    9.930043e-01    1.255247e+03    5.390058e+02
    1.006370e+00    1.279528e+03    5.584954e+02
    1.019906e+00    1.304383e+03    5.786686e+02
    1.033613e+00    1.329830e+03    5.995484e+02
    1.047493e+00    1.355883e+03    6.211586e+02
    1.061548e+00    1.382559e+03    6.435234e+02
    1.075780e+00    1.409877e+03    6.666682e+02
    1.090191e+00    1.437854e+03    6.906190e+02
    1.104784e+00    1.466509e+03    7.154026e+02
    1.119559e+00    1.495859e+03    7.410467e+02
    1.134519e+00    1.525926e+03    7.675799e+02
    1.149666e+00    1.556728e+03    7.950317e+02
    1.165002e+00    1.588288e+03    8.234325e+02
    1.180529e+00    1.620625e+03    8.528134e+02
    1.196250e+00    1.653763e+03    8.832070e+02
    1.212165e+00    1.687724e+03    9.146465e+02
    1.228278e+00    1.722530e+03    9.471662e+02
    1.244590e+00    1.758207e+03    9.808017e+02
    1.261104e+00    1.794778e+03    1.015590e+03
    1.277821e+00    1.832269e+03    1.051567e+03
    1.294745e+00    1.870707e+03    1.088773e+03
    1.311876e+00    1.910118e+03    1.127249e+03
    1.329218e+00    1.950531e+03    1.167034e+03
    1.346773e+00    1.991973e+03    1.208172e+03
    1.364542e+00    2.034474e+03    1.250706e+03
    1.382528e+00    2.078064e+03    1.294682e+03
    1.400734e+00    2.122775e+03    1.340145e+03
    1.419161e+00    2.168638e+03    1.387145e+03
    1.437813e+00    2.215687e+03    1.435730e+03
    1.456691e+00    2.263957e+03    1.485952e+03
    1.475798e+00    2.313480e+03    1.537862e+03
    1.495135e+00    2.364294e+03    1.591515e+03
