    1.000000e-07    9.305989e-05    2.157015e-08
    1.023293e-07    9.522804e-05    2.225277e-08
    1.047129e-07    9.744671e-05    2.295618e-08
    1.071519e-07    9.971708e-05    2.368222e-08
    1.096478e-07    1.020404e-04    2.443036e-08
    1.122018e-07    1.044178e-04    2.520256e-08
    1.148154e-07    1.068506e-04    2.599826e-08
    1.174898e-07    1.093400e-04    2.681954e-08
    1.202264e-07    1.118875e-04    2.766324e-08
    1.230269e-07    1.144944e-04    2.853925e-08
    1.258925e-07    1.171620e-04    2.943654e-08
    1.288250e-07    1.198917e-04    3.036460e-08
    1.318257e-07    1.226851e-04    3.132247e-08
    1.348963e-07    1.255435e-04    3.230645e-08
    1.380384e-07    1.284686e-04    3.332503e-08
    1.412538e-07    1.314618e-04    3.437456e-08
    1.445440e-07    1.345247e-04    3.545777e-08
    1.479108e-07    1.376591e-04    3.657049e-08
    1.513561e-07    1.408664e-04    3.772231e-08
    1.548817e-07    1.441485e-04    3.890910e-08
    1.584893e-07    1.475071e-04    4.012921e-08
    1.621810e-07    1.509439e-04    4.139217e-08
    1.659587e-07    1.544608e-04    4.268950e-08
    1.698244e-07    1.580597e-04    4.403238e-08
    1.737801e-07    1.617424e-04    4.541181e-08
    1.778279e-07    1.655109e-04    4.683411e-08
    1.819701e-07    1.693673e-04    4.830634e-08
    1.862087e-07    1.733135e-04    4.981860e-08
    1.905461e-07    1.773517e-04    5.138392e-08
    1.949845e-07    1.814840e-04    5.299181e-08
    1.995262e-07    1.857125e-04    5.464964e-08
    2.041738e-07    1.900396e-04    5.636562e-08
    2.089296e-07    1.944675e-04    5.812823e-08
    2.137962e-07    1.989986e-04    5.994987e-08
    2.187762e-07    2.036353e-04    6.182090e-08
    2.238721e-07    2.083801e-04    6.375288e-08
    2.290868e-07    2.132354e-04    6.575259e-08
    2.344229e-07    2.182038e-04    6.780660e-08
    2.398833e-07    2.232880e-04    6.992435e-08
    2.454709e-07    2.284907e-04    7.210112e-08
    2.511886e-07    2.338147e-04    7.436088e-08
    2.570396e-07    2.392627e-04    7.668197e-08
    2.630268e-07    2.448376e-04    7.906771e-08
    2.691535e-07    2.505425e-04    8.154440e-08
    2.754229e-07    2.563803e-04    8.408047e-08
    2.818383e-07    2.623542e-04    8.670298e-08
    2.884032e-07    2.684673e-04    8.940903e-08
    2.951209e-07    2.747228e-04    9.219673e-08
    3.019952e-07    2.811241e-04    9.507077e-08
    3.090295e-07    2.876745e-04    9.802484e-08
    3.162278e-07    2.943777e-04    1.010821e-07
    3.235937e-07    3.012370e-04    1.042316e-07
    3.311311e-07    3.082562e-04    1.074686e-07
    3.388442e-07    3.154389e-04    1.108159e-07
    3.467369e-07    3.227891e-04    1.142698e-07
    3.548134e-07    3.303105e-04    1.178169e-07
    3.630781e-07    3.380072e-04    1.214734e-07
    3.715352e-07    3.458833e-04    1.252545e-07
    3.801894e-07    3.539429e-04    1.291559e-07
    3.890451e-07    3.621903e-04    1.331625e-07
    3.981072e-07    3.706300e-04    1.372928e-07
    4.073803e-07    3.792663e-04    1.415505e-07
    4.168694e-07    3.881039e-04    1.459531e-07
    4.265795e-07    3.971475e-04    1.504818e-07
    4.365158e-07    4.064018e-04    1.551609e-07
    4.466836e-07    4.158718e-04    1.599699e-07
    4.570882e-07    4.255625e-04    1.649273e-07
    4.677351e-07    4.354790e-04    1.700376e-07
    4.786301e-07    4.456266e-04    1.753054e-07
    4.897788e-07    4.560107e-04    1.807274e-07
    5.011872e-07    4.666369e-04    1.863382e-07
    5.128614e-07    4.775106e-04    1.921087e-07
    5.248075e-07    4.886378e-04    1.980572e-07
    5.370318e-07    5.000244e-04    2.041890e-07
    5.495409e-07    5.116763e-04    2.104903e-07
    5.623413e-07    5.235997e-04    2.170054e-07
    5.754399e-07    5.358011e-04    2.237211e-07
    5.888437e-07    5.482868e-04    2.306441e-07
    6.025596e-07    5.610635e-04    2.377581e-07
    6.165950e-07    5.741379e-04    2.451136e-07
    6.309573e-07    5.875171e-04    2.526722e-07
    6.456542e-07    6.012081e-04    2.605180e-07
    6.606934e-07    6.152182e-04    2.685497e-07
    6.760830e-07    6.295549e-04    2.768539e-07
    6.918310e-07    6.442256e-04    2.853873e-07
    7.079458e-07    6.592383e-04    2.942102e-07
    7.244360e-07    6.746009e-04    3.032765e-07
    7.413102e-07    6.903216e-04    3.126211e-07
    7.585776e-07    7.064086e-04    3.222828e-07
    7.762471e-07    7.228706e-04    3.322110e-07
    7.943282e-07    7.397163e-04    3.424439e-07
    8.128305e-07    7.569546e-04    3.529909e-07
    8.317638e-07    7.745947e-04    3.638616e-07
    8.511380e-07    7.926460e-04    3.750836e-07
    8.709636e-07    8.111179e-04    3.866048e-07
    8.912509e-07    8.300205e-04    3.985071e-07
    9.120108e-07    8.493636e-04    4.107746e-07
    9.332543e-07    8.691575e-04    4.234181e-07
    9.549926e-07    8.894128e-04    4.364500e-07
    9.772372e-07    9.101402e-04    4.498817e-07
    1.000000e-06    9.313507e-04    4.637255e-07
    1.023293e-06    9.530557e-04    4.779489e-07
    1.047129e-06    9.752665e-04    4.926537e-07
    1.071519e-06    9.979950e-04    5.077495e-07
    1.096478e-06    1.021253e-03    5.233683e-07
    1.122018e-06    1.045054e-03    5.394408e-07
    1.148154e-06    1.069409e-03    5.560054e-07
    1.174898e-06    1.094332e-03    5.731042e-07
    1.202264e-06    1.119836e-03    5.906716e-07
    1.230269e-06    1.145934e-03    6.087614e-07
    1.258925e-06    1.172641e-03    6.274187e-07
    1.288250e-06    1.199970e-03    6.467073e-07
    1.318257e-06    1.227936e-03    6.665242e-07
    1.348963e-06    1.256554e-03    6.870108e-07
    1.380384e-06    1.285839e-03    7.079757e-07
    1.412538e-06    1.315807e-03    7.296649e-07
    1.445440e-06    1.346473e-03    7.520879e-07
    1.479108e-06    1.377855e-03    7.750332e-07
    1.513561e-06    1.409967e-03    7.987713e-07
    1.548817e-06    1.442829e-03    8.232345e-07
    1.584893e-06    1.476456e-03    8.484452e-07
    1.621810e-06    1.510867e-03    8.744052e-07
    1.659587e-06    1.546080e-03    9.011790e-07
    1.698244e-06    1.582114e-03    9.286604e-07
    1.737801e-06    1.618989e-03    9.570914e-07
    1.778279e-06    1.656722e-03    9.862970e-07
    1.819701e-06    1.695336e-03    1.016368e-06
    1.862087e-06    1.734849e-03    1.047476e-06
    1.905461e-06    1.775284e-03    1.079535e-06
    1.949845e-06    1.816661e-03    1.112442e-06
    1.995262e-06    1.859003e-03    1.146376e-06
    2.041738e-06    1.902332e-03    1.181315e-06
    2.089296e-06    1.946671e-03    1.217462e-06
    2.137962e-06    1.992043e-03    1.254443e-06
    2.187762e-06    2.038474e-03    1.292822e-06
    2.238721e-06    2.085986e-03    1.332088e-06
    2.290868e-06    2.134607e-03    1.372837e-06
    2.344229e-06    2.184361e-03    1.414527e-06
    2.398833e-06    2.235275e-03    1.457654e-06
    2.454709e-06    2.287375e-03    1.502055e-06
    2.511886e-06    2.340691e-03    1.547845e-06
    2.570396e-06    2.395249e-03    1.594838e-06
    2.630268e-06    2.451079e-03    1.643450e-06
    2.691535e-06    2.508211e-03    1.693502e-06
    2.754229e-06    2.566675e-03    1.744907e-06
    2.818383e-06    2.626502e-03    1.798085e-06
    2.884032e-06    2.687723e-03    1.852658e-06
    2.951209e-06    2.750372e-03    1.909113e-06
    3.019952e-06    2.814482e-03    1.967050e-06
    3.090295e-06    2.880086e-03    2.026640e-06
    3.162278e-06    2.947220e-03    2.088036e-06
    3.235937e-06    3.015919e-03    2.151648e-06
    3.311311e-06    3.086220e-03    2.216931e-06
    3.388442e-06    3.158160e-03    2.284080e-06
    3.467369e-06    3.231777e-03    2.353259e-06
    3.548134e-06    3.307110e-03    2.424819e-06
    3.630781e-06    3.384200e-03    2.498253e-06
    3.715352e-06    3.463087e-03    2.574030e-06
    3.801894e-06    3.543814e-03    2.651841e-06
    3.890451e-06    3.626423e-03    2.732331e-06
    3.981072e-06    3.710958e-03    2.815196e-06
    4.073803e-06    3.797464e-03    2.900288e-06
    4.168694e-06    3.885987e-03    2.987947e-06
    4.265795e-06    3.976574e-03    3.078251e-06
    4.365158e-06    4.069273e-03    3.171434e-06
    4.466836e-06    4.164133e-03    3.267432e-06
    4.570882e-06    4.261206e-03    3.366160e-06
    4.677351e-06    4.360542e-03    3.467874e-06
    4.786301e-06    4.462194e-03    3.572655e-06
    4.897788e-06    4.566216e-03    3.680238e-06
    5.011872e-06    4.672664e-03    3.791424e-06
    5.128614e-06    4.781594e-03    3.905964e-06
    5.248075e-06    4.893065e-03    4.023958e-06
    5.370318e-06    5.007134e-03    4.145105e-06
    5.495409e-06    5.123863e-03    4.270302e-06
    5.623413e-06    5.243314e-03    4.398852e-06
    5.754399e-06    5.365551e-03    4.531709e-06
    5.888437e-06    5.490638e-03    4.668114e-06
    6.025596e-06    5.618642e-03    4.808854e-06
    6.165950e-06    5.749631e-03    4.953232e-06
    6.309573e-06    5.883674e-03    5.102291e-06
    6.456542e-06    6.020843e-03    5.256098e-06
    6.606934e-06    6.161211e-03    5.414533e-06
    6.760830e-06    6.304853e-03    5.577462e-06
    6.918310e-06    6.451844e-03    5.744591e-06
    7.079458e-06    6.602262e-03    5.917434e-06
    7.244360e-06    6.756189e-03    6.095469e-06
    7.413102e-06    6.913705e-03    6.278076e-06
    7.585776e-06    7.074895e-03    6.466303e-06
    7.762471e-06    7.239843e-03    6.660822e-06
    7.943282e-06    7.408639e-03    6.860351e-06
    8.128305e-06    7.581370e-03    7.066354e-06
    8.317638e-06    7.758130e-03    7.277630e-06
    8.511380e-06    7.939013e-03    7.496513e-06
    8.709636e-06    8.124114e-03    7.720263e-06
    8.912509e-06    8.313531e-03    7.952435e-06
    9.120108e-06    8.507367e-03    8.189767e-06
    9.332543e-06    8.705723e-03    8.435173e-06
    9.549926e-06    8.908705e-03    8.687751e-06
    9.772372e-06    9.116421e-03    8.948075e-06
    1.000000e-05    9.328982e-03    9.215064e-06
    1.023293e-05    9.546500e-03    9.491161e-06
    1.047129e-05    9.769091e-03    9.774297e-06
    1.071519e-05    9.996874e-03    1.006589e-05
    1.096478e-05    1.022997e-02    1.036743e-05
    1.122018e-05    1.046850e-02    1.067615e-05
    1.148154e-05    1.071260e-02    1.099405e-05
    1.174898e-05    1.096239e-02    1.132193e-05
    1.202264e-05    1.121800e-02    1.165960e-05
    1.230269e-05    1.147958e-02    1.200758e-05
    1.258925e-05    1.174726e-02    1.236567e-05
    1.288250e-05    1.202118e-02    1.273309e-05
    1.318257e-05    1.230149e-02    1.311277e-05
    1.348963e-05    1.258834e-02    1.350238e-05
    1.380384e-05    1.288188e-02    1.390355e-05
    1.412538e-05    1.318226e-02    1.431806e-05
    1.445440e-05    1.348966e-02    1.474337e-05
    1.479108e-05    1.380422e-02    1.518133e-05
    1.513561e-05    1.412612e-02    1.563227e-05
    1.548817e-05    1.445553e-02    1.609658e-05
    1.584893e-05    1.479263e-02    1.657460e-05
    1.621810e-05    1.513758e-02    1.706511e-05
    1.659587e-05    1.549059e-02    1.757189e-05
    1.698244e-05    1.585183e-02    1.809140e-05
    1.737801e-05    1.622149e-02    1.862859e-05
    1.778279e-05    1.659978e-02    1.917974e-05
    1.819701e-05    1.698689e-02    1.974817e-05
    1.862087e-05    1.738303e-02    2.033083e-05
    1.905461e-05    1.778842e-02    2.093330e-05
    1.949845e-05    1.820326e-02    2.155091e-05
    1.995262e-05    1.862778e-02    2.218824e-05
    2.041738e-05    1.906220e-02    2.284445e-05
    2.089296e-05    1.950676e-02    2.351953e-05
    2.137962e-05    1.996169e-02    2.421252e-05
    2.187762e-05    2.042723e-02    2.492785e-05
    2.238721e-05    2.090363e-02    2.566170e-05
    2.290868e-05    2.139115e-02    2.641764e-05
    2.344229e-05    2.189004e-02    2.719514e-05
    2.398833e-05    2.240056e-02    2.799906e-05
    2.454709e-05    2.292300e-02    2.882159e-05
    2.511886e-05    2.345763e-02    2.966810e-05
    2.570396e-05    2.400473e-02    3.054113e-05
    2.630268e-05    2.456460e-02    3.144042e-05
    2.691535e-05    2.513753e-02    3.236196e-05
    2.754229e-05    2.572382e-02    3.331404e-05
    2.818383e-05    2.632380e-02    3.429047e-05
    2.884032e-05    2.693777e-02    3.529530e-05
    2.951209e-05    2.756607e-02    3.633346e-05
    3.019952e-05    2.820902e-02    3.739799e-05
    3.090295e-05    2.886698e-02    3.849377e-05
    3.162278e-05    2.954029e-02    3.961739e-05
    3.235937e-05    3.022931e-02    4.077784e-05
    3.311311e-05    3.093441e-02    4.196929e-05
    3.388442e-05    3.165596e-02    4.319614e-05
    3.467369e-05    3.239434e-02    4.446130e-05
    3.548134e-05    3.314996e-02    4.575854e-05
    3.630781e-05    3.392321e-02    4.709236e-05
    3.715352e-05    3.471450e-02    4.846612e-05
    3.801894e-05    3.552425e-02    4.987960e-05
    3.890451e-05    3.635290e-02    5.133337e-05
    3.981072e-05    3.720088e-02    5.283020e-05
    4.073803e-05    3.806865e-02    5.436970e-05
    4.168694e-05    3.895667e-02    5.594902e-05
    4.265795e-05    3.986542e-02    5.757884e-05
    4.365158e-05    4.079537e-02    5.924987e-05
    4.466836e-05    4.174702e-02    6.097014e-05
    4.570882e-05    4.272087e-02    6.273924e-05
    4.677351e-05    4.371746e-02    6.455917e-05
    4.786301e-05    4.473730e-02    6.643202e-05
    4.897788e-05    4.578094e-02    6.835868e-05
    5.011872e-05    4.684894e-02    7.033371e-05
    5.128614e-05    4.794185e-02    7.237309e-05
    5.248075e-05    4.906028e-02    7.446363e-05
    5.370318e-05    5.020480e-02    7.662231e-05
    5.495409e-05    5.137604e-02    7.883510e-05
    5.623413e-05    5.257461e-02    8.111112e-05
    5.754399e-05    5.380115e-02    8.345300e-05
    5.888437e-05    5.505632e-02    8.586013e-05
    6.025596e-05    5.634078e-02    8.833809e-05
    6.165950e-05    5.765522e-02    9.087772e-05
    6.309573e-05    5.900034e-02    9.349807e-05
    6.456542e-05    6.037685e-02    9.618538e-05
    6.606934e-05    6.178549e-02    9.894713e-05
    6.760830e-05    6.322700e-02    1.018016e-04
    6.918310e-05    6.470216e-02    1.047239e-04
    7.079458e-05    6.621175e-02    1.077176e-04
    7.244360e-05    6.775658e-02    1.108240e-04
    7.413102e-05    6.933746e-02    1.139912e-04
    7.585776e-05    7.095524e-02    1.172616e-04
    7.762471e-05    7.261078e-02    1.206126e-04
    7.943282e-05    7.430496e-02    1.240581e-04
    8.128305e-05    7.603868e-02    1.276159e-04
    8.317638e-05    7.781288e-02    1.312612e-04
    8.511380e-05    7.962849e-02    1.350092e-04
    8.709636e-05    8.148647e-02    1.388637e-04
    8.912509e-05    8.338783e-02    1.428097e-04
    9.120108e-05    8.533357e-02    1.468856e-04
    9.332543e-05    8.732473e-02    1.510573e-04
    9.549926e-05    8.936236e-02    1.553506e-04
    9.772372e-05    9.144756e-02    1.597703e-04
    1.000000e-04    9.358144e-02    1.643180e-04
    1.023293e-04    9.576513e-02    1.689817e-04
    1.047129e-04    9.799979e-02    1.737581e-04
    1.071519e-04    1.002866e-01    1.786912e-04
    1.096478e-04    1.026268e-01    1.837602e-04
    1.122018e-04    1.050217e-01    1.889503e-04
    1.148154e-04    1.074724e-01    1.943084e-04
    1.174898e-04    1.099804e-01    1.997958e-04
    1.202264e-04    1.125469e-01    2.054356e-04
    1.230269e-04    1.151733e-01    2.112335e-04
    1.258925e-04    1.178611e-01    2.171900e-04
    1.288250e-04    1.206116e-01    2.232911e-04
    1.318257e-04    1.234263e-01    2.295852e-04
    1.348963e-04    1.263067e-01    2.360336e-04
    1.380384e-04    1.292543e-01    2.426843e-04
    1.412538e-04    1.322708e-01    2.494959e-04
    1.445440e-04    1.353577e-01    2.564928e-04
    1.479108e-04    1.385167e-01    2.636843e-04
    1.513561e-04    1.417494e-01    2.710759e-04
    1.548817e-04    1.450576e-01    2.786398e-04
    1.584893e-04    1.484430e-01    2.864472e-04
    1.621810e-04    1.519075e-01    2.944362e-04
    1.659587e-04    1.554529e-01    3.026826e-04
    1.698244e-04    1.590810e-01    3.111205e-04
    1.737801e-04    1.627939e-01    3.197861e-04
    1.778279e-04    1.665934e-01    3.286966e-04
    1.819701e-04    1.704817e-01    3.378473e-04
    1.862087e-04    1.744607e-01    3.472143e-04
    1.905461e-04    1.785327e-01    3.568758e-04
    1.949845e-04    1.826997e-01    3.667589e-04
    1.995262e-04    1.869640e-01    3.769130e-04
    2.041738e-04    1.913279e-01    3.873454e-04
    2.089296e-04    1.957937e-01    3.980846e-04
    2.137962e-04    2.003638e-01    4.090719e-04
    2.187762e-04    2.050406e-01    4.203851e-04
    2.238721e-04    2.098266e-01    4.320080e-04
    2.290868e-04    2.147243e-01    4.438866e-04
    2.344229e-04    2.197364e-01    4.561523e-04
    2.398833e-04    2.248656e-01    4.686829e-04
    2.454709e-04    2.301145e-01    4.815583e-04
    2.511886e-04    2.354860e-01    4.947834e-04
    2.570396e-04    2.409829e-01    5.083675e-04
    2.630268e-04    2.466008e-01    5.175990e-04
    2.691535e-04    2.523574e-01    5.188826e-04
    2.754229e-04    2.582481e-01    5.248768e-04
    2.818383e-04    2.642762e-01    5.307649e-04
    2.884032e-04    2.704448e-01    5.364506e-04
    2.951209e-04    2.767573e-01    5.420905e-04
    3.019952e-04    2.832170e-01    5.477428e-04
    3.090295e-04    2.898272e-01    5.532436e-04
    3.162278e-04    2.965916e-01    5.588103e-04
    3.235937e-04    3.035137e-01    5.640920e-04
    3.311311e-04    3.105971e-01    5.696879e-04
    3.388442e-04    3.178457e-01    5.755196e-04
    3.467369e-04    3.252633e-01    5.809828e-04
    3.548134e-04    3.328537e-01    5.869978e-04
    3.630781e-04    3.406212e-01    5.929802e-04
    3.715352e-04    3.485697e-01    5.989236e-04
    3.801894e-04    3.567034e-01    6.050231e-04
    3.890451e-04    3.650268e-01    6.113475e-04
    3.981072e-04    3.735443e-01    6.174975e-04
    4.073803e-04    3.822602e-01    6.243018e-04
    4.168694e-04    3.911794e-01    6.307664e-04
    4.265795e-04    4.003065e-01    6.378729e-04
    4.365158e-04    4.096463e-01    6.446619e-04
    4.466836e-04    4.192039e-01    6.521048e-04
    4.570882e-04    4.289842e-01    6.592004e-04
    4.677351e-04    4.389926e-01    6.669319e-04
    4.786301e-04    4.492342e-01    6.744821e-04
    4.897788e-04    4.597146e-01    6.826995e-04
    5.011872e-04    4.704394e-01    6.905302e-04
    5.128614e-04    4.814141e-01    6.991254e-04
    5.248075e-04    4.926446e-01    7.074278e-04
    5.370318e-04    5.041370e-01    7.164607e-04
    5.495409e-04    5.158973e-01    7.253316e-04
    5.623413e-04    5.279317e-01    7.347505e-04
    5.754399e-04    5.402466e-01    7.445327e-04
    5.888437e-04    5.528487e-01    7.544772e-04
    6.025596e-04    5.657445e-01    7.642966e-04
    6.165950e-04    5.789409e-01    7.748711e-04
    6.309573e-04    5.924450e-01    7.857272e-04
    6.456542e-04    6.062639e-01    7.969162e-04
    6.606934e-04    6.204049e-01    8.083769e-04
    6.760830e-04    6.348756e-01    8.202002e-04
    6.918310e-04    6.496837e-01    8.322830e-04
    7.079458e-04    6.648369e-01    8.447385e-04
    7.244360e-04    6.803435e-01    8.575635e-04
    7.413102e-04    6.962115e-01    8.707312e-04
    7.585776e-04    7.124495e-01    8.843026e-04
    7.762471e-04    7.290660e-01    8.982493e-04
    7.943282e-04    7.460699e-01    9.125882e-04
    8.128305e-04    7.634702e-01    9.279104e-04
    8.317638e-04    7.812762e-01    9.431211e-04
    8.511380e-04    7.994973e-01    9.587539e-04
    8.709636e-04    8.181432e-01    9.754129e-04
    8.912509e-04    8.372239e-01    9.920063e-04
    9.120108e-04    8.567493e-01    1.009639e-03
    9.332543e-04    8.767300e-01    1.027461e-03
    9.549926e-04    8.971766e-01    1.045909e-03
    9.772372e-04    9.180998e-01    1.065107e-03
    1.000000e-03    9.395109e-01    1.084919e-03
    1.023293e-03    9.614212e-01    1.104721e-03
    1.047129e-03    9.838423e-01    1.125650e-03
    1.071519e-03    1.006786e+00    1.147265e-03
    1.096478e-03    1.030265e+00    1.169472e-03
    1.122018e-03    1.054291e+00    1.192354e-03
    1.148154e-03    1.078878e+00    1.215940e-03
    1.174898e-03    1.104037e+00    1.240222e-03
    1.202264e-03    1.129783e+00    1.265813e-03
    1.230269e-03    1.156130e+00    1.291546e-03
    1.258925e-03    1.183091e+00    1.318091e-03
    1.288250e-03    1.210681e+00    1.345996e-03
    1.318257e-03    1.238913e+00    1.374160e-03
    1.348963e-03    1.267805e+00    1.403769e-03
    1.380384e-03    1.297369e+00    1.433673e-03
    1.412538e-03    1.327624e+00    1.465032e-03
    1.445440e-03    1.358583e+00    1.496764e-03
    1.479108e-03    1.390265e+00    1.530080e-03
    1.513561e-03    1.422685e+00    1.564372e-03
    1.548817e-03    1.455861e+00    1.599673e-03
    1.584893e-03    1.489811e+00    1.636060e-03
    1.621810e-03    1.524553e+00    1.673573e-03
    1.659587e-03    1.560105e+00    1.712114e-03
    1.698244e-03    1.596485e+00    1.751900e-03
    1.737801e-03    1.633714e+00    1.792834e-03
    1.778279e-03    1.671812e+00    1.835698e-03
    1.819701e-03    1.710797e+00    1.879107e-03
    1.862087e-03    1.750692e+00    1.923881e-03
    1.905461e-03    1.791517e+00    1.970606e-03
    1.949845e-03    1.833294e+00    2.018162e-03
    1.995262e-03    1.876046e+00    2.067705e-03
    2.041738e-03    1.919794e+00    2.118746e-03
    2.089296e-03    1.964563e+00    2.170691e-03
    2.137962e-03    2.010375e+00    2.224803e-03
    2.187762e-03    2.057257e+00    2.280558e-03
    2.238721e-03    2.105231e+00    2.337951e-03
    2.290868e-03    2.154324e+00    2.397031e-03
    2.344229e-03    2.204562e+00    2.457881e-03
    2.398833e-03    2.255972e+00    2.520525e-03
    2.454709e-03    2.308581e+00    2.585049e-03
    2.511886e-03    2.362417e+00    2.652245e-03
    2.570396e-03    2.417508e+00    2.720550e-03
    2.630268e-03    2.473884e+00    2.790944e-03
    2.691535e-03    2.531575e+00    2.864058e-03
    2.754229e-03    2.590612e+00    2.938692e-03
    2.818383e-03    2.651026e+00    3.016200e-03
    2.884032e-03    2.712848e+00    3.095252e-03
    2.951209e-03    2.776113e+00    3.177339e-03
    3.019952e-03    2.840853e+00    3.261743e-03
    3.090295e-03    2.907103e+00    3.348651e-03
    3.162278e-03    2.974898e+00    3.438051e-03
    3.235937e-03    3.044275e+00    3.530055e-03
    3.311311e-03    3.115269e+00    3.624695e-03
    3.388442e-03    3.187920e+00    3.722041e-03
    3.467369e-03    3.262265e+00    3.822215e-03
    3.548134e-03    3.338345e+00    3.925247e-03
    3.630781e-03    3.416198e+00    4.031168e-03
    3.715352e-03    3.495868e+00    4.140883e-03
    3.801894e-03    3.577397e+00    4.252930e-03
    3.890451e-03    3.660826e+00    4.368255e-03
    3.981072e-03    3.746202e+00    4.487476e-03
    4.073803e-03    3.833570e+00    4.609273e-03
    4.092607e-03    3.851286e+00    4.634819e-03
    4.111497e-03    3.869085e+00    4.659686e-03
    4.130475e-03    3.886966e+00    4.684735e-03
    4.149540e-03    3.904929e+00    4.709966e-03
    4.168694e-03    3.922975e+00    4.735273e-03
    4.187936e-03    3.941105e+00    4.760709e-03
    4.207266e-03    3.959319e+00    4.786386e-03
    4.226686e-03    3.977617e+00    4.812084e-03
    4.246196e-03    3.995999e+00    4.838582e-03
    4.265795e-03    4.014466e+00    4.864720e-03
    4.285485e-03    4.033019e+00    4.890931e-03
    4.305266e-03    4.051657e+00    4.917275e-03
    4.325138e-03    4.070382e+00    4.943755e-03
    4.345102e-03    4.089193e+00    4.970369e-03
    4.365158e-03    4.108091e+00    4.997120e-03
    4.385307e-03    4.127077e+00    5.024007e-03
    4.405549e-03    4.146150e+00    5.051791e-03
    4.425884e-03    4.165311e+00    5.079072e-03
    4.446313e-03    4.184561e+00    5.106377e-03
    4.466836e-03    4.203900e+00    5.133879e-03
    4.487454e-03    4.223329e+00    5.161521e-03
    4.508167e-03    4.242847e+00    5.189362e-03
    4.528976e-03    4.262455e+00    5.218010e-03
    4.549881e-03    4.282154e+00    5.246139e-03
    4.570882e-03    4.301944e+00    5.274411e-03
    4.591980e-03    4.321826e+00    5.302827e-03
    4.613176e-03    4.341799e+00    5.331388e-03
    4.634469e-03    4.361865e+00    5.360154e-03
    4.655861e-03    4.382024e+00    5.389382e-03
    4.677351e-03    4.402275e+00    5.418873e-03
    4.698941e-03    4.422621e+00    5.448021e-03
    4.720630e-03    4.443060e+00    5.477441e-03
    4.742420e-03    4.463594e+00    5.506884e-03
    4.764310e-03    4.484223e+00    5.536602e-03
    4.786301e-03    4.504947e+00    5.567175e-03
    4.808393e-03    4.525767e+00    5.597198e-03
    4.830588e-03    4.546683e+00    5.627371e-03
    4.852885e-03    4.567696e+00    5.657698e-03
    4.875285e-03    4.588806e+00    5.688177e-03
    4.897788e-03    4.610014e+00    5.718810e-03
    4.920395e-03    4.631319e+00    5.750454e-03
    4.943107e-03    4.652723e+00    5.781400e-03
    4.965923e-03    4.674226e+00    5.812567e-03
    4.988845e-03    4.695829e+00    5.843891e-03
    5.011872e-03    4.717531e+00    5.875438e-03
    5.035006e-03    4.739334e+00    5.907823e-03
    5.058247e-03    4.761237e+00    5.939625e-03
    5.081594e-03    4.783242e+00    5.971653e-03
    5.105050e-03    4.805348e+00    6.003842e-03
    5.128614e-03    4.827557e+00    6.036192e-03
    5.152286e-03    4.849868e+00    6.069470e-03
    5.176068e-03    4.872282e+00    6.102148e-03
    5.199960e-03    4.894800e+00    6.134990e-03
    5.223962e-03    4.917422e+00    6.168133e-03
    5.248075e-03    4.940149e+00    6.201304e-03
    5.272299e-03    4.962980e+00    6.235426e-03
    5.296634e-03    4.985918e+00    6.269072e-03
    5.321083e-03    5.008961e+00    6.302815e-03
    5.345644e-03    5.032111e+00    6.336727e-03
    5.370318e-03    5.055368e+00    6.371680e-03
    5.395106e-03    5.078732e+00    6.405934e-03
    5.420009e-03    5.102204e+00    6.440429e-03
    5.445027e-03    5.125785e+00    6.475023e-03
    5.470160e-03    5.149475e+00    6.509862e-03
    5.495409e-03    5.173274e+00    6.545696e-03
    5.520774e-03    5.197183e+00    6.580958e-03
    5.546257e-03    5.221203e+00    6.616395e-03
    5.571857e-03    5.245334e+00    6.651933e-03
    5.597576e-03    5.269577e+00    6.688487e-03
    5.623413e-03    5.293931e+00    6.724530e-03
    5.649370e-03    5.318398e+00    6.760602e-03
    5.675446e-03    5.342979e+00    6.797001e-03
    5.701643e-03    5.367672e+00    6.834288e-03
    5.727960e-03    5.392480e+00    6.871051e-03
    5.754399e-03    5.417403e+00    6.907996e-03
    5.780960e-03    5.442441e+00    6.945045e-03
    5.807644e-03    5.467595e+00    6.982535e-03
    5.834451e-03    5.492864e+00    7.020649e-03
    5.861382e-03    5.518251e+00    7.058328e-03
    5.888437e-03    5.543755e+00    7.096271e-03
    5.915616e-03    5.569377e+00    7.134399e-03
    5.942922e-03    5.595118e+00    7.173458e-03
    5.970353e-03    5.620977e+00    7.211964e-03
    5.997911e-03    5.646956e+00    7.250579e-03
    6.025596e-03    5.673055e+00    7.289543e-03
    6.053409e-03    5.699275e+00    7.329457e-03
    6.081350e-03    5.725616e+00    7.368725e-03
    6.109420e-03    5.752078e+00    7.408184e-03
    6.137620e-03    5.778663e+00    7.448032e-03
    6.165950e-03    5.805371e+00    7.488620e-03
    6.194411e-03    5.832203e+00    7.528745e-03
    6.223003e-03    5.859158e+00    7.569064e-03
    6.251727e-03    5.886238e+00    7.610536e-03
    6.280584e-03    5.913443e+00    7.651211e-03
    6.309573e-03    5.940774e+00    7.692166e-03
    6.338697e-03    5.968231e+00    7.733320e-03
    6.367955e-03    5.995816e+00    7.775522e-03
    6.397348e-03    6.023527e+00    7.817122e-03
    6.426877e-03    6.051367e+00    7.858922e-03
    6.456542e-03    6.079336e+00    7.900924e-03
    6.486344e-03    6.107434e+00    7.944041e-03
    6.516284e-03    6.135661e+00    7.986453e-03
    6.546362e-03    6.164020e+00    8.029113e-03
    6.576578e-03    6.192509e+00    8.071978e-03
    6.606934e-03    6.221130e+00    8.115937e-03
    6.637431e-03    6.249883e+00    8.159264e-03
    6.668068e-03    6.278770e+00    8.202799e-03
    6.698846e-03    6.307789e+00    8.247400e-03
    6.729767e-03    6.336943e+00    8.291402e-03
    6.760830e-03    6.366232e+00    8.335615e-03
    6.792036e-03    6.395656e+00    8.380039e-03
    6.823387e-03    6.425216e+00    8.425553e-03
    6.854882e-03    6.454913e+00    8.470452e-03
    6.886523e-03    6.484747e+00    8.515566e-03
    6.918310e-03    6.514719e+00    8.560663e-03
    6.950243e-03    6.544830e+00    8.607336e-03
    6.982324e-03    6.575079e+00    8.653101e-03
    7.014553e-03    6.605469e+00    8.699178e-03
    7.046931e-03    6.635999e+00    8.746292e-03
    7.079458e-03    6.666670e+00    8.792765e-03
    7.112135e-03    6.697483e+00    8.839505e-03
    7.144963e-03    6.728439e+00    8.886466e-03
    7.177943e-03    6.759537e+00    8.934536e-03
    7.211075e-03    6.790780e+00    8.981947e-03
    7.244360e-03    6.822166e+00    9.029630e-03
    7.277798e-03    6.853698e+00    9.078441e-03
    7.311391e-03    6.885376e+00    9.126580e-03
    7.345139e-03    6.917200e+00    9.174996e-03
    7.379042e-03    6.949171e+00    9.223589e-03
    7.413102e-03    6.981290e+00    9.273383e-03
    7.447320e-03    7.013557e+00    9.322489e-03
    7.481695e-03    7.045974e+00    9.371825e-03
    7.516229e-03    7.078540e+00    9.422332e-03
    7.550922e-03    7.111258e+00    9.472188e-03
    7.585776e-03    7.144126e+00    9.522277e-03
    7.620790e-03    7.177146e+00    9.572599e-03
    7.655966e-03    7.210319e+00    9.624118e-03
    7.691304e-03    7.243645e+00    9.674969e-03
    7.726806e-03    7.277126e+00    9.726057e-03
    7.762471e-03    7.310761e+00    9.778308e-03
    7.798301e-03    7.344551e+00    9.829931e-03
    7.834296e-03    7.378498e+00    9.881794e-03
    7.870458e-03    7.412602e+00    9.934169e-03
    7.906786e-03    7.446863e+00    9.987191e-03
    7.943282e-03    7.481283e+00    1.003984e-02
    7.979947e-03    7.515862e+00    1.009268e-02
    8.016781e-03    7.550600e+00    1.014672e-02
    8.053784e-03    7.585500e+00    1.020016e-02
    8.090959e-03    7.620560e+00    1.025385e-02
    8.128305e-03    7.655783e+00    1.030871e-02
    8.165824e-03    7.691169e+00    1.036285e-02
    8.203515e-03    7.726718e+00    1.041735e-02
    8.241381e-03    7.762432e+00    1.047204e-02
    8.279422e-03    7.798310e+00    1.052798e-02
    8.317638e-03    7.834355e+00    1.058324e-02
    8.356030e-03    7.870566e+00    1.063875e-02
    8.394600e-03    7.906944e+00    1.069548e-02
    8.433348e-03    7.943491e+00    1.075157e-02
    8.472274e-03    7.980207e+00    1.080785e-02
    8.511380e-03    8.017092e+00    1.086445e-02
    8.550667e-03    8.054148e+00    1.092230e-02
    8.590135e-03    8.091375e+00    1.097942e-02
    8.629785e-03    8.128774e+00    1.103686e-02
    8.669619e-03    8.166347e+00    1.109551e-02
    8.709636e-03    8.204092e+00    1.115355e-02
    8.749838e-03    8.242013e+00    1.121178e-02
    8.790225e-03    8.280109e+00    1.127084e-02
    8.830799e-03    8.318380e+00    1.133015e-02
    8.871560e-03    8.356829e+00    1.138925e-02
    8.912509e-03    8.395456e+00    1.144862e-02
    8.953648e-03    8.434261e+00    1.150924e-02
    8.994976e-03    8.473245e+00    1.156922e-02
    9.036495e-03    8.512410e+00    1.162947e-02
    9.078205e-03    8.551756e+00    1.169100e-02
    9.120108e-03    8.591283e+00    1.175186e-02
    9.162205e-03    8.630994e+00    1.181300e-02
    9.204496e-03    8.670888e+00    1.187435e-02
    9.246982e-03    8.710966e+00    1.193707e-02
    9.289664e-03    8.751230e+00    1.199904e-02
    9.332543e-03    8.791680e+00    1.206136e-02
    9.375620e-03    8.832316e+00    1.212495e-02
    9.418896e-03    8.873141e+00    1.218776e-02
    9.462372e-03    8.914154e+00    1.225100e-02
    9.506048e-03    8.955357e+00    1.231452e-02
    9.549926e-03    8.996751e+00    1.237926e-02
    9.594006e-03    9.038336e+00    1.244336e-02
    9.638290e-03    9.080113e+00    1.250774e-02
    9.682779e-03    9.122083e+00    1.257344e-02
    9.727472e-03    9.164247e+00    1.263840e-02
    9.772372e-03    9.206606e+00    1.270373e-02
    9.817479e-03    9.249162e+00    1.276934e-02
    9.862795e-03    9.291913e+00    1.283630e-02
    9.908319e-03    9.334863e+00    1.290258e-02
    9.954054e-03    9.378011e+00    1.296909e-02
    1.000000e-02    9.421358e+00    1.303603e-02
    1.004616e-02    9.464906e+00    1.310413e-02
    1.009253e-02    9.508655e+00    1.317168e-02
    1.013911e-02    9.552606e+00    1.323938e-02
    1.018591e-02    9.596761e+00    1.330855e-02
    1.023293e-02    9.641120e+00    1.337701e-02
    1.028016e-02    9.685683e+00    1.344576e-02
    1.032761e-02    9.730453e+00    1.351483e-02
    1.037528e-02    9.775430e+00    1.358533e-02
    1.042317e-02    9.820614e+00    1.365508e-02
    1.047129e-02    9.866008e+00    1.372507e-02
    1.051962e-02    9.911611e+00    1.379629e-02
    1.056818e-02    9.957426e+00    1.386730e-02
    1.061696e-02    1.000345e+01    1.393830e-02
    1.066596e-02    1.004969e+01    1.400970e-02
    1.071519e-02    1.009614e+01    1.408251e-02
    1.076465e-02    1.014281e+01    1.415455e-02
    1.081434e-02    1.018969e+01    1.422690e-02
    1.086426e-02    1.023679e+01    1.429957e-02
    1.091440e-02    1.028411e+01    1.437370e-02
    1.096478e-02    1.033165e+01    1.444718e-02
    1.101539e-02    1.037940e+01    1.452082e-02
    1.106624e-02    1.042738e+01    1.459494e-02
    1.111732e-02    1.047558e+01    1.467048e-02
    1.116863e-02    1.052400e+01    1.474519e-02
    1.122018e-02    1.057265e+01    1.482031e-02
    1.127197e-02    1.062152e+01    1.489575e-02
    1.132400e-02    1.067061e+01    1.497273e-02
    1.137627e-02    1.071994e+01    1.504884e-02
    1.142878e-02    1.076949e+01    1.512547e-02
    1.148154e-02    1.081927e+01    1.520226e-02
    1.153453e-02    1.086928e+01    1.528061e-02
    1.158777e-02    1.091952e+01    1.535825e-02
    1.164126e-02    1.096999e+01    1.543615e-02
    1.169499e-02    1.102070e+01    1.551439e-02
    1.174898e-02    1.107164e+01    1.559432e-02
    1.180321e-02    1.112282e+01    1.567334e-02
    1.185769e-02    1.117423e+01    1.575271e-02
    1.191242e-02    1.122588e+01    1.583243e-02
    1.196741e-02    1.127777e+01    1.591379e-02
    1.202264e-02    1.132990e+01    1.599422e-02
    1.207814e-02    1.138227e+01    1.607518e-02
    1.213389e-02    1.143489e+01    1.615641e-02
    1.218990e-02    1.148774e+01    1.623913e-02
    1.224616e-02    1.154084e+01    1.632117e-02
    1.230269e-02    1.159419e+01    1.640357e-02
    1.235947e-02    1.164778e+01    1.648634e-02
    1.241652e-02    1.170162e+01    1.657063e-02
    1.247384e-02    1.175571e+01    1.665423e-02
    1.253141e-02    1.181005e+01    1.673819e-02
    1.258925e-02    1.186464e+01    1.682243e-02
    1.264736e-02    1.191949e+01    1.690722e-02
    1.270574e-02    1.197458e+01    1.699351e-02
    1.276439e-02    1.202993e+01    1.707897e-02
    1.282331e-02    1.208554e+01    1.716490e-02
    1.288250e-02    1.214141e+01    1.725121e-02
    1.294196e-02    1.219753e+01    1.733914e-02
    1.300170e-02    1.225391e+01    1.742622e-02
    1.306171e-02    1.231055e+01    1.751369e-02
    1.312200e-02    1.236746e+01    1.760154e-02
    1.318257e-02    1.242463e+01    1.768989e-02
    1.324342e-02    1.248206e+01    1.777990e-02
    1.330454e-02    1.253975e+01    1.786893e-02
    1.336596e-02    1.259772e+01    1.795857e-02
    1.342765e-02    1.265595e+01    1.804859e-02
    1.348963e-02    1.271445e+01    1.814005e-02
    1.355189e-02    1.277322e+01    1.823097e-02
    1.361445e-02    1.283227e+01    1.832221e-02
    1.367729e-02    1.289158e+01    1.841386e-02
    1.374042e-02    1.295117e+01    1.850613e-02
    1.380384e-02    1.301104e+01    1.859985e-02
    1.386756e-02    1.307118e+01    1.869285e-02
    1.393157e-02    1.313160e+01    1.878615e-02
    1.399587e-02    1.319231e+01    1.888009e-02
    1.406048e-02    1.325329e+01    1.897445e-02
    1.412538e-02    1.331455e+01    1.907042e-02
    1.419058e-02    1.337609e+01    1.916564e-02
    1.425608e-02    1.343793e+01    1.926128e-02
    1.432188e-02    1.350004e+01    1.935736e-02
    1.438799e-02    1.356245e+01    1.945387e-02
    1.445440e-02    1.362514e+01    1.955081e-02
    1.452112e-02    1.368812e+01    1.964965e-02
    1.458814e-02    1.375139e+01    1.974749e-02
    1.465548e-02    1.381496e+01    1.984599e-02
    1.472313e-02    1.387882e+01    1.994472e-02
    1.479108e-02    1.394297e+01    2.004412e-02
    1.485936e-02    1.400742e+01    2.014525e-02
    1.492794e-02    1.407217e+01    2.024558e-02
    1.499685e-02    1.413722e+01    2.034636e-02
    1.506607e-02    1.420257e+01    2.044760e-02
    1.513561e-02    1.426822e+01    2.054931e-02
    1.520548e-02    1.433418e+01    2.065149e-02
    1.527566e-02    1.440044e+01    2.075571e-02
    1.534617e-02    1.446700e+01    2.085884e-02
    1.541700e-02    1.453388e+01    2.096269e-02
    1.548817e-02    1.460106e+01    2.106678e-02
    1.555966e-02    1.466855e+01    2.117160e-02
    1.563148e-02    1.473636e+01    2.127691e-02
    1.570363e-02    1.480448e+01    2.138409e-02
    1.577611e-02    1.487291e+01    2.149040e-02
    1.584893e-02    1.494166e+01    2.159720e-02
    1.592209e-02    1.501073e+01    2.170451e-02
    1.599558e-02    1.508012e+01    2.181233e-02
    1.606941e-02    1.514983e+01    2.192065e-02
    1.614359e-02    1.521986e+01    2.203118e-02
    1.621810e-02    1.529021e+01    2.214054e-02
    1.629296e-02    1.536089e+01    2.225069e-02
    1.636817e-02    1.543190e+01    2.236110e-02
    1.644372e-02    1.550323e+01    2.247230e-02
    1.651962e-02    1.557490e+01    2.258404e-02
    1.659587e-02    1.564689e+01    2.269632e-02
    1.667247e-02    1.571922e+01    2.281063e-02
    1.674943e-02    1.579188e+01    2.292401e-02
    1.682674e-02    1.586488e+01    2.303794e-02
    1.690441e-02    1.593822e+01    2.315243e-02
    1.698244e-02    1.601189e+01    2.326775e-02
    1.706082e-02    1.608591e+01    2.338336e-02
    1.713957e-02    1.616027e+01    2.349981e-02
    1.721869e-02    1.623497e+01    2.361813e-02
    1.729816e-02    1.631002e+01    2.373575e-02
    1.737801e-02    1.638541e+01    2.385382e-02
    1.745822e-02    1.646115e+01    2.397262e-02
    1.753881e-02    1.653725e+01    2.409202e-02
    1.761976e-02    1.661369e+01    2.421216e-02
    1.770109e-02    1.669049e+01    2.433276e-02
    1.778279e-02    1.676764e+01    2.445546e-02
    1.786488e-02    1.684515e+01    2.457745e-02
    1.794734e-02    1.692302e+01    2.469991e-02
    1.803018e-02    1.700125e+01    2.482329e-02
    1.811340e-02    1.707984e+01    2.494702e-02
    1.819701e-02    1.715879e+01    2.507168e-02
    1.828100e-02    1.723811e+01    2.519699e-02
    1.836538e-02    1.731779e+01    2.532295e-02
    1.845015e-02    1.739785e+01    2.545098e-02
    1.853532e-02    1.747827e+01    2.557827e-02
    1.862087e-02    1.755907e+01    2.570624e-02
    1.870682e-02    1.764023e+01    2.583488e-02
    1.879317e-02    1.772178e+01    2.596452e-02
    1.887991e-02    1.780370e+01    2.609454e-02
    1.896706e-02    1.788600e+01    2.622542e-02
    1.905461e-02    1.796868e+01    2.635700e-02
    1.914256e-02    1.805174e+01    2.649092e-02
    1.923092e-02    1.813519e+01    2.662395e-02
    1.931968e-02    1.821902e+01    2.675770e-02
    1.940886e-02    1.830324e+01    2.689234e-02
    1.949845e-02    1.838785e+01    2.702773e-02
    1.958845e-02    1.847285e+01    2.716387e-02
    1.967886e-02    1.855824e+01    2.730092e-02
    1.976970e-02    1.864403e+01    2.743875e-02
    1.986095e-02    1.873022e+01    2.757873e-02
    1.995262e-02    1.881680e+01    2.771797e-02
    2.004472e-02    1.890378e+01    2.785832e-02
    2.013724e-02    1.899117e+01    2.799914e-02
    2.023019e-02    1.907896e+01    2.814111e-02
    2.032357e-02    1.916715e+01    2.828381e-02
    2.041738e-02    1.925576e+01    2.842742e-02
    2.051162e-02    1.934477e+01    2.857187e-02
    2.060630e-02    1.943419e+01    2.871717e-02
    2.070141e-02    1.952403e+01    2.886486e-02
    2.079697e-02    1.961428e+01    2.901237e-02
    2.089296e-02    1.970495e+01    2.915988e-02
    2.098940e-02    1.979604e+01    2.930884e-02
    2.108628e-02    1.988756e+01    2.945870e-02
    2.118361e-02    1.997949e+01    2.960946e-02
    2.128139e-02    2.007185e+01    2.976115e-02
    2.137962e-02    2.016463e+01    2.991377e-02
    2.147830e-02    2.025785e+01    3.006901e-02
    2.157744e-02    2.035150e+01    3.022370e-02
    2.167704e-02    2.044557e+01    3.037927e-02
    2.177710e-02    2.054009e+01    3.053590e-02
    2.187762e-02    2.063504e+01    3.069360e-02
    2.197860e-02    2.073043e+01    3.085222e-02
    2.208005e-02    2.082626e+01    3.101193e-02
    2.218196e-02    2.092253e+01    3.117267e-02
    2.228435e-02    2.101925e+01    3.133612e-02
    2.238721e-02    2.111642e+01    3.149904e-02
    2.249055e-02    2.121404e+01    3.166303e-02
    2.259436e-02    2.131210e+01    3.182818e-02
    2.269865e-02    2.141062e+01    3.199443e-02
    2.280342e-02    2.150960e+01    3.216187e-02
    2.290868e-02    2.160903e+01    3.233034e-02
    2.301442e-02    2.170893e+01    3.250007e-02
    2.312065e-02    2.180928e+01    3.267242e-02
    2.322737e-02    2.191010e+01    3.284462e-02
    2.333458e-02    2.201139e+01    3.301781e-02
    2.344229e-02    2.211314e+01    3.319238e-02
    2.355049e-02    2.221536e+01    3.336807e-02
    2.365920e-02    2.231806e+01    3.354507e-02
    2.376840e-02    2.242123e+01    3.372342e-02
    2.387811e-02    2.252488e+01    3.390452e-02
    2.398833e-02    2.262901e+01    3.408540e-02
    2.409905e-02    2.273362e+01    3.426758e-02
    2.421029e-02    2.283871e+01    3.445106e-02
    2.432204e-02    2.294429e+01    3.463597e-02
    2.443431e-02    2.305036e+01    3.482223e-02
    2.454709e-02    2.315692e+01    3.501158e-02
    2.466039e-02    2.326397e+01    3.520059e-02
    2.477422e-02    2.337151e+01    3.539120e-02
    2.488857e-02    2.347955e+01    3.558313e-02
    2.500345e-02    2.358810e+01    3.577661e-02
    2.511886e-02    2.369714e+01    3.597154e-02
    2.523481e-02    2.380669e+01    3.616963e-02
    2.535129e-02    2.391674e+01    3.636756e-02
    2.546830e-02    2.402731e+01    3.656721e-02
    2.558586e-02    2.413838e+01    3.676831e-02
    2.570396e-02    2.424997e+01    3.697107e-02
    2.582260e-02    2.436208e+01    3.717543e-02
    2.594179e-02    2.447470e+01    3.738301e-02
    2.606154e-02    2.458784e+01    3.759072e-02
    2.618183e-02    2.470151e+01    3.780009e-02
    2.630268e-02    2.481571e+01    3.801115e-02
    2.642409e-02    2.493043e+01    3.822402e-02
    2.654606e-02    2.504568e+01    3.844026e-02
    2.666859e-02    2.516146e+01    3.865662e-02
    2.679168e-02    2.527778e+01    3.887477e-02
    2.691535e-02    2.539464e+01    3.909494e-02
    2.703958e-02    2.551204e+01    3.931838e-02
    2.716439e-02    2.562998e+01    3.954226e-02
    2.728978e-02    2.574847e+01    3.976802e-02
    2.741574e-02    2.586750e+01    3.999571e-02
    2.754229e-02    2.598709e+01    4.022534e-02
    2.766942e-02    2.610722e+01    4.045862e-02
    2.779713e-02    2.622792e+01    4.069235e-02
    2.792544e-02    2.634917e+01    4.092811e-02
    2.805434e-02    2.647098e+01    4.116602e-02
    2.818383e-02    2.659336e+01    4.140777e-02
    2.831392e-02    2.671630e+01    4.164994e-02
    2.844461e-02    2.683981e+01    4.189426e-02
    2.857591e-02    2.696389e+01    4.214248e-02
    2.870781e-02    2.708855e+01    4.239146e-02
    2.884032e-02    2.721378e+01    4.264258e-02
    2.897344e-02    2.733959e+01    4.289622e-02
    2.910717e-02    2.746599e+01    4.315356e-02
    2.924152e-02    2.759297e+01    4.341179e-02
    2.937650e-02    2.772053e+01    4.367264e-02
    2.951209e-02    2.784869e+01    4.393732e-02
    2.964831e-02    2.797743e+01    4.420297e-02
    2.978516e-02    2.810678e+01    4.447126e-02
    2.992265e-02    2.823672e+01    4.474346e-02
    3.006076e-02    2.836726e+01    4.501714e-02
    3.019952e-02    2.849841e+01    4.529332e-02
    3.033891e-02    2.863016e+01    4.557368e-02
    3.047895e-02    2.876253e+01    4.585524e-02
    3.061963e-02    2.889550e+01    4.613968e-02
    3.076097e-02    2.902909e+01    4.642843e-02
    3.090295e-02    2.916330e+01    4.671851e-02
    3.104560e-02    2.929813e+01    4.701159e-02
    3.118890e-02    2.943358e+01    4.730912e-02
    3.133286e-02    2.956966e+01    4.760812e-02
    3.147748e-02    2.970637e+01    4.791014e-02
    3.162278e-02    2.984371e+01    4.821687e-02
    3.176874e-02    2.998169e+01    4.852520e-02
    3.191538e-02    3.012030e+01    4.883821e-02
    3.206269e-02    3.025956e+01    4.915305e-02
    3.221069e-02    3.039946e+01    4.947116e-02
    3.235937e-02    3.054001e+01    4.979411e-02
    3.250873e-02    3.068121e+01    5.011903e-02
    3.265878e-02    3.082306e+01    5.044878e-02
    3.280953e-02    3.096557e+01    5.078061e-02
    3.296097e-02    3.110873e+01    5.111749e-02
    3.311311e-02    3.125256e+01    5.145669e-02
    3.326596e-02    3.139706e+01    5.180081e-02
    3.341950e-02    3.154222e+01    5.214737e-02
    3.357376e-02    3.168805e+01    5.249951e-02
    3.372873e-02    3.183456e+01    5.285311e-02
    3.388442e-02    3.198175e+01    5.321128e-02
    3.404082e-02    3.212962e+01    5.357464e-02
    3.419794e-02    3.227817e+01    5.394112e-02
    3.435579e-02    3.242741e+01    5.431246e-02
    3.451437e-02    3.257734e+01    5.468816e-02
    3.467369e-02    3.272797e+01    5.506683e-02
    3.483373e-02    3.287929e+01    5.545125e-02
    3.499452e-02    3.303131e+01    5.583854e-02
    3.515604e-02    3.318404e+01    5.623171e-02
    3.531832e-02    3.333747e+01    5.662802e-02
    3.548134e-02    3.349161e+01    5.703022e-02
    3.564511e-02    3.364647e+01    5.743584e-02
    3.580964e-02    3.380204e+01    5.784748e-02
    3.597493e-02    3.395833e+01    5.826378e-02
    4.033129e-02    3.807809e+01    5.815730e-02
    4.128251e-02    3.897757e+01    6.057634e-02
    4.225639e-02    3.989853e+01    6.316887e-02
    4.325348e-02    4.084151e+01    6.595028e-02
    4.427432e-02    4.180702e+01    6.893723e-02
    4.531952e-02    4.279563e+01    7.214786e-02
    4.638963e-02    4.380789e+01    7.560186e-02
    4.748527e-02    4.484439e+01    7.932062e-02
    4.860707e-02    4.590572e+01    8.332732e-02
    4.975565e-02    4.699248e+01    8.764710e-02
    5.093165e-02    4.810531e+01    9.230727e-02
    5.213576e-02    4.924484e+01    9.733740e-02
    5.336865e-02    5.041172e+01    1.027695e-01
    5.463100e-02    5.160664e+01    1.086384e-01
    5.592355e-02    5.283027e+01    1.149816e-01
    5.724702e-02    5.408334e+01    1.218398e-01
    5.860218e-02    5.536657e+01    1.292570e-01
    5.998978e-02    5.668071e+01    1.372811e-01
    6.141061e-02    5.802652e+01    1.459634e-01
    6.286549e-02    5.940481e+01    1.553599e-01
    6.435525e-02    6.081635e+01    1.655308e-01
    6.588073e-02    6.226200e+01    1.765413e-01
    6.744280e-02    6.374259e+01    1.884616e-01
    6.904238e-02    6.525903e+01    2.013680e-01
    7.068035e-02    6.681218e+01    2.153425e-01
    7.235766e-02    6.840299e+01    2.304740e-01
    7.407529e-02    7.003239e+01    2.468580e-01
    7.583419e-02    7.170137e+01    2.645980e-01
    7.763541e-02    7.341094e+01    2.838054e-01
    7.947997e-02    7.516211e+01    3.046006e-01
    8.136892e-02    7.695595e+01    3.271133e-01
    8.330338e-02    7.879355e+01    3.514833e-01
    8.528445e-02    8.067603e+01    3.778615e-01
    8.731327e-02    8.260455e+01    4.064104e-01
    8.939103e-02    8.458029e+01    4.373054e-01
    9.151893e-02    8.660447e+01    4.707351e-01
    9.369820e-02    8.867837e+01    5.069029e-01
    9.593013e-02    9.080325e+01    5.460278e-01
    9.821602e-02    9.298047e+01    5.883459e-01
    1.005572e-01    9.521139e+01    6.341112e-01
    1.029550e-01    9.749744e+01    6.835971e-01
    1.054109e-01    9.984009e+01    7.370981e-01
    1.066611e-01    1.010331e+02    7.654524e-01
    1.079263e-01    1.022408e+02    7.949310e-01
    1.092068e-01    1.034635e+02    8.255776e-01
    1.105027e-01    1.047012e+02    8.574370e-01
    1.118143e-01    1.059543e+02    8.905560e-01
    1.131416e-01    1.072228e+02    9.249829e-01
    1.144850e-01    1.085072e+02    9.607680e-01
    1.158446e-01    1.098074e+02    9.979635e-01
    1.172207e-01    1.111238e+02    1.036623e+00
    1.186133e-01    1.124566e+02    1.076804e+00
    1.200228e-01    1.138060e+02    1.118562e+00
    1.214494e-01    1.151721e+02    1.161959e+00
    1.228931e-01    1.165554e+02    1.207059e+00
    1.243543e-01    1.179559e+02    1.253923e+00
    1.258333e-01    1.193739e+02    1.302622e+00
    1.273302e-01    1.208098e+02    1.353223e+00
    1.288452e-01    1.222636e+02    1.405801e+00
    1.303785e-01    1.237358e+02    1.460427e+00
    1.319305e-01    1.252264e+02    1.517183e+00
    1.335014e-01    1.267358e+02    1.576146e+00
    1.350912e-01    1.282642e+02    1.637403e+00
    1.367004e-01    1.298119e+02    1.701038e+00
    1.383291e-01    1.313793e+02    1.767142e+00
    1.399777e-01    1.329664e+02    1.835806e+00
    1.416463e-01    1.345738e+02    1.907129e+00
    1.433425e-01    1.362085e+02    1.980996e+00
    1.450648e-01    1.378695e+02    2.057576e+00
    1.468120e-01    1.395551e+02    2.137044e+00
    1.485833e-01    1.412652e+02    2.219540e+00
    1.503789e-01    1.429997e+02    2.305201e+00
    1.521988e-01    1.447587e+02    2.394162e+00
    1.540430e-01    1.465424e+02    2.486561e+00
    1.559120e-01    1.483511e+02    2.582539e+00
    1.578057e-01    1.501849e+02    2.682241e+00
    1.597244e-01    1.520442e+02    2.785820e+00
    1.616685e-01    1.539294e+02    2.893429e+00
    1.636381e-01    1.558406e+02    3.005231e+00
    1.656335e-01    1.577783e+02    3.121388e+00
    1.676551e-01    1.597428e+02    3.242076e+00
    1.697032e-01    1.617346e+02    3.367472e+00
    1.717780e-01    1.637540e+02    3.497761e+00
    1.738799e-01    1.658013e+02    3.633136e+00
    1.760093e-01    1.678771e+02    3.773794e+00
    1.781665e-01    1.699818e+02    3.919943e+00
    1.803517e-01    1.721157e+02    4.071797e+00
    1.825656e-01    1.742793e+02    4.229577e+00
    1.848083e-01    1.764732e+02    4.393515e+00
    1.870801e-01    1.786976e+02    4.563848e+00
    1.893817e-01    1.809533e+02    4.740826e+00
    1.917133e-01    1.832406e+02    4.924706e+00
    1.940753e-01    1.855601e+02    5.115756e+00
    1.964682e-01    1.879123e+02    5.314251e+00
    1.988923e-01    1.902977e+02    5.520482e+00
    2.013482e-01    1.927169e+02    5.734746e+00
    2.038361e-01    1.951704e+02    5.957354e+00
    2.063567e-01    1.976588e+02    6.188629e+00
    2.089102e-01    2.001828e+02    6.428904e+00
    2.114972e-01    2.027429e+02    6.678527e+00
    2.141182e-01    2.053398e+02    6.937858e+00
    2.167737e-01    2.079741e+02    7.207272e+00
    2.194641e-01    2.106464e+02    7.487158e+00
    2.221899e-01    2.133576e+02    7.777918e+00
    2.249517e-01    2.161081e+02    8.079974e+00
    2.277499e-01    2.188988e+02    8.393759e+00
    2.305852e-01    2.217304e+02    8.719726e+00
    2.334580e-01    2.246035e+02    9.058345e+00
    2.363689e-01    2.275191e+02    9.410104e+00
    2.393184e-01    2.304779e+02    9.775509e+00
    2.423071e-01    2.334807e+02    1.015509e+01
    2.453358e-01    2.365283e+02    1.054939e+01
    2.484047e-01    2.396216e+02    1.095897e+01
    2.515148e-01    2.427615e+02    1.138444e+01
    2.546664e-01    2.459489e+02    1.182639e+01
    2.578604e-01    2.491847e+02    1.228548e+01
    2.610973e-01    2.524699e+02    1.276236e+01
    2.643778e-01    2.558054e+02    1.325772e+01
    2.677025e-01    2.591924e+02    1.377227e+01
    2.710723e-01    2.626317e+02    1.430677e+01
    2.744878e-01    2.661245e+02    1.486199e+01
    2.779496e-01    2.696719e+02    1.543873e+01
    2.814586e-01    2.732751e+02    1.603782e+01
    2.850155e-01    2.769352e+02    1.666013e+01
    2.886210e-01    2.806533e+02    1.730659e+01
    2.922761e-01    2.844309e+02    1.797810e+01
    2.959814e-01    2.882690e+02    1.867566e+01
    2.997378e-01    2.921691e+02    1.940030e+01
    3.035461e-01    2.961325e+02    2.015307e+01
    3.074073e-01    3.001607e+02    2.093506e+01
    3.113221e-01    3.042550e+02    2.174742e+01
    3.152916e-01    3.084169e+02    2.259136e+01
    3.193166e-01    3.126481e+02    2.346811e+01
    3.233980e-01    3.169500e+02    2.437896e+01
    3.275369e-01    3.213243e+02    2.532526e+01
    3.317342e-01    3.257729e+02    2.630841e+01
    3.359910e-01    3.302972e+02    2.732988e+01
    3.403082e-01    3.348993e+02    2.839118e+01
    3.446871e-01    3.395809e+02    2.949389e+01
    3.491286e-01    3.443440e+02    3.063967e+01
    3.536339e-01    3.491905e+02    3.183023e+01
    3.582042e-01    3.541226e+02    3.306737e+01
    3.628405e-01    3.591424e+02    3.435295e+01
    3.675441e-01    3.642520e+02    3.568892e+01
    3.723164e-01    3.694538e+02    3.707730e+01
    3.771585e-01    3.747502e+02    3.852022e+01
    3.820717e-01    3.801435e+02    4.001986e+01
    3.870574e-01    3.856364e+02    4.157854e+01
    3.921170e-01    3.912313e+02    4.319867e+01
    3.972518e-01    3.969312e+02    4.488272e+01
    4.024632e-01    4.027387e+02    4.663332e+01
    4.077530e-01    4.086568e+02    4.845320e+01
    4.131224e-01    4.146885e+02    5.034520e+01
    4.185730e-01    4.208370e+02    5.231229e+01
    4.241066e-01    4.271055e+02    5.435756e+01
    4.297248e-01    4.334973e+02    5.648427e+01
    4.354291e-01    4.400161e+02    5.869579e+01
    4.412213e-01    4.466653e+02    6.099565e+01
    4.471034e-01    4.534489e+02    6.338755e+01
    4.530770e-01    4.603707e+02    6.587533e+01
    4.591440e-01    4.674347e+02    6.846304e+01
    4.653065e-01    4.746453e+02    7.115489e+01
    4.715663e-01    4.820067e+02    7.395530e+01
    4.779256e-01    4.895236e+02    7.686884e+01
    4.843864e-01    4.972005e+02    7.990037e+01
    4.909508e-01    5.050427e+02    8.305490e+01
    4.976212e-01    5.130549e+02    8.633772e+01
    5.043996e-01    5.212428e+02    8.975434e+01
    5.112885e-01    5.296116e+02    9.331054e+01
    5.182903e-01    5.381674e+02    9.701235e+01
    5.254074e-01    5.469159e+02    1.008661e+02
    5.326424e-01    5.558633e+02    1.048785e+02
    5.399978e-01    5.650163e+02    1.090563e+02
    5.474763e-01    5.743815e+02    1.134069e+02
    5.550807e-01    5.839659e+02    1.179379e+02
    5.628136e-01    5.937769e+02    1.226573e+02
    5.706781e-01    6.038220e+02    1.275733e+02
    5.786769e-01    6.141092e+02    1.326947e+02
    5.868133e-01    6.246466e+02    1.380309e+02
    5.950901e-01    6.354428e+02    1.435911e+02
    6.035107e-01    6.465069e+02    1.493857e+02
    6.120783e-01    6.578480e+02    1.554251e+02
    6.207960e-01    6.694758e+02    1.617204e+02
    6.296675e-01    6.814005e+02    1.682831e+02
    6.386960e-01    6.936324e+02    1.751255e+02
    6.478853e-01    7.061826e+02    1.822603e+02
    6.572389e-01    7.190623e+02    1.897007e+02
    6.667605e-01    7.322835e+02    1.974610e+02
    6.764539e-01    7.458584e+02    2.055555e+02
    6.863228e-01    7.597999e+02    2.139997e+02
    6.963714e-01    7.741214e+02    2.228099e+02
    7.066034e-01    7.888367e+02    2.320028e+02
    7.170231e-01    8.039602e+02    2.415961e+02
    7.276346e-01    8.195071e+02    2.516084e+02
    7.384419e-01    8.354929e+02    2.620591e+02
    7.494494e-01    8.519340e+02    2.729686e+02
    7.606613e-01    8.688472e+02    2.843581e+02
    7.720821e-01    8.862502e+02    2.962500e+02
    7.837160e-01    9.041612e+02    3.086675e+02
    7.955676e-01    9.225991e+02    3.216351e+02
    8.076414e-01    9.415838e+02    3.351785e+02
    8.199417e-01    9.611356e+02    3.493243e+02
    8.324733e-01    9.812758e+02    3.641006e+02
    8.452404e-01    1.002026e+03    3.795364e+02
    8.582479e-01    1.023410e+03    3.956624e+02
    8.715002e-01    1.045451e+03    4.125104e+02
    8.850017e-01    1.068174e+03    4.301138e+02
    8.987573e-01    1.091602e+03    4.485073e+02
    9.127711e-01    1.115765e+03    4.677269e+02
    9.270478e-01    1.140688e+03    4.878108e+02
    9.415917e-01    1.166400e+03    5.087980e+02
    9.564074e-01    1.192930e+03    5.307298e+02
    9.714989e-01    1.220307e+03    5.536487e+02
    9.868706e-01    1.248564e+03    5.775991e+02
    1.002527e+00    1.277732e+03    6.026272e+02
    1.018471e+00    1.307843e+03    6.287811e+02
    1.034708e+00    1.338934e+03    6.561105e+02
    1.051242e+00    1.371037e+03    6.846673e+02
    1.068075e+00    1.404192e+03    7.145050e+02
    1.085212e+00    1.438433e+03    7.456794e+02
    1.102656e+00    1.473801e+03    7.782482e+02
    1.120411e+00    1.510334e+03    8.122711e+02
    1.138479e+00    1.548074e+03    8.478099e+02
    1.156865e+00    1.587063e+03    8.849286e+02
    1.175570e+00    1.627342e+03    9.236934e+02
    1.194598e+00    1.668958e+03    9.641728e+02
    1.213951e+00    1.711955e+03    1.006437e+03
    1.233632e+00    1.756382e+03    1.050559e+03
    1.253643e+00    1.802284e+03    1.096616e+03
    1.273987e+00    1.849712e+03    1.144682e+03
    1.294665e+00    1.898717e+03    1.194839e+03
    1.315680e+00    1.949351e+03    1.247170e+03
    1.337032e+00    2.001668e+03    1.301760e+03
    1.358725e+00    2.055721e+03    1.358695e+03
    1.380759e+00    2.111569e+03    1.418067e+03
    1.403136e+00    2.169268e+03    1.479967e+03
    1.425857e+00    2.228878e+03    1.544492e+03
    1.448924e+00    2.290459e+03    1.611740e+03
    1.472337e+00    2.354077e+03    1.681812e+03
    1.496098e+00    2.419793e+03    1.754812e+03
    1.520208e+00    2.487673e+03    1.830847e+03
    1.544668e+00    2.557787e+03    1.910026e+03
    1.569478e+00    2.630205e+03    1.992465e+03
    1.594641e+00    2.704997e+03    2.078277e+03
