    2.670000e-04    2.502144e-01    4.925357e-04
    3.126000e-04    2.932324e-01    5.213459e-04
    3.951000e-04    3.707831e-01    5.679157e-04
    4.759000e-04    4.467551e-01    6.136963e-04
    5.812000e-04    5.456175e-01    6.758553e-04
    7.143000e-04    6.709220e-01    7.601152e-04
    8.786000e-04    8.252341e-01    8.731853e-04
    1.077000e-03    1.012500e+00    1.022367e-03
    1.314000e-03    1.235286e+00    1.217131e-03
    1.748000e-03    1.643562e+00    1.617711e-03
    2.000000e-03    1.880847e+00    2.000030e-03
    4.000000e-03    3.764613e+00    4.510069e-03
    6.000000e-03    5.649805e+00    7.500114e-03
    8.000000e-03    7.536070e+00    1.086017e-02
    1.000000e-02    9.423225e+00    1.458022e-02
    1.200000e-02    1.131116e+01    1.867028e-02
    1.400000e-02    1.319982e+01    2.318035e-02
    1.600000e-02    1.508915e+01    2.814043e-02
    1.800000e-02    1.697914e+01    3.361051e-02
    2.000000e-02    1.886976e+01    3.965060e-02
    2.200000e-02    2.076101e+01    4.624070e-02
    2.400000e-02    2.265290e+01    5.348081e-02
    2.600000e-02    2.454541e+01    6.133093e-02
    2.800000e-02    2.643855e+01    6.988106e-02
    3.000000e-02    2.833233e+01    7.906120e-02
    3.200000e-02    3.022674e+01    8.895135e-02
    3.400000e-02    3.212179e+01    9.948151e-02
    3.600000e-02    3.401748e+01    1.107217e-01
    3.800000e-02    3.591381e+01    1.225919e-01
    4.000000e-02    3.781078e+01    1.351421e-01
    4.200000e-02    3.970840e+01    1.483423e-01
    4.400000e-02    4.160666e+01    1.621125e-01
    4.600000e-02    4.350556e+01    1.765227e-01
    4.800000e-02    4.540510e+01    1.915029e-01
    5.000000e-02    4.730528e+01    2.070631e-01
    5.200000e-02    4.920608e+01    2.230934e-01
    5.400000e-02    5.110752e+01    2.396936e-01
    5.600000e-02    5.300958e+01    2.568239e-01
    5.800000e-02    5.491227e+01    2.743742e-01
    6.000000e-02    5.681556e+01    2.923844e-01
    6.200000e-02    5.871946e+01    3.101247e-01
    6.400000e-02    6.062394e+01    3.290350e-01
    6.600000e-02    6.252904e+01    3.483353e-01
    6.800000e-02    6.443473e+01    3.679756e-01
    7.000000e-02    6.634095e+01    3.861259e-01
    7.200000e-02    6.824779e+01    4.067662e-01
    7.400000e-02    7.015508e+01    4.243065e-01
    7.600000e-02    7.206293e+01    4.473868e-01
    7.800000e-02    7.397141e+01    4.712672e-01
    8.000000e-02    7.588051e+01    4.958375e-01
    8.200000e-02    7.779023e+01    5.211679e-01
    8.400000e-02    7.970058e+01    5.473083e-01
    8.600000e-02    8.161156e+01    5.742987e-01
    8.800000e-02    8.352318e+01    6.021292e-01
    9.000000e-02    8.543544e+01    6.309396e-01
    9.200000e-02    8.734835e+01    6.607000e-01
    9.400000e-02    8.926192e+01    6.915005e-01
    9.600000e-02    9.117616e+01    7.233310e-01
    9.800000e-02    9.309107e+01    7.564115e-01
    1.000000e-01    9.500667e+01    7.906220e-01
    1.005003e-01    9.542989e+01    8.058196e-01
    1.012942e-01    9.619012e+01    8.199769e-01
    1.020881e-01    9.695046e+01    8.343446e-01
    1.028819e-01    9.771092e+01    8.489271e-01
    1.036758e-01    9.847149e+01    8.637291e-01
    1.044696e-01    9.923217e+01    8.787554e-01
    1.052635e-01    9.999297e+01    8.940108e-01
    1.060574e-01    1.007539e+02    9.095001e-01
    1.068512e-01    1.015149e+02    9.252282e-01
    1.076451e-01    1.022761e+02    9.412003e-01
    1.084390e-01    1.030373e+02    9.574214e-01
    1.092328e-01    1.037987e+02    9.738967e-01
    1.100267e-01    1.045602e+02    9.906314e-01
    1.108205e-01    1.053219e+02    1.007631e+00
    1.116144e-01    1.060836e+02    1.024900e+00
    1.124083e-01    1.068455e+02    1.042446e+00
    1.132021e-01    1.076075e+02    1.060272e+00
    1.139960e-01    1.083696e+02    1.078347e+00
    1.147899e-01    1.091319e+02    1.096525e+00
    1.155837e-01    1.098942e+02    1.114895e+00
    1.163776e-01    1.106568e+02    1.133495e+00
    1.171714e-01    1.114194e+02    1.152344e+00
    1.179653e-01    1.121822e+02    1.171456e+00
    1.187592e-01    1.129450e+02    1.190844e+00
    1.195530e-01    1.137081e+02    1.210519e+00
    1.203469e-01    1.144712e+02    1.230489e+00
    1.211408e-01    1.152345e+02    1.250765e+00
    1.219346e-01    1.159979e+02    1.271355e+00
    1.227285e-01    1.167615e+02    1.292267e+00
    1.235223e-01    1.175252e+02    1.313510e+00
    1.243162e-01    1.182890e+02    1.335090e+00
    1.251101e-01    1.190530e+02    1.357017e+00
    1.259039e-01    1.198171e+02    1.379297e+00
    1.266978e-01    1.205813e+02    1.401939e+00
    1.274917e-01    1.213457e+02    1.424950e+00
    1.282855e-01    1.221103e+02    1.448336e+00
    1.290794e-01    1.228750e+02    1.472107e+00
    1.298732e-01    1.236398e+02    1.496269e+00
    1.306671e-01    1.244048e+02    1.520829e+00
    1.314610e-01    1.251699e+02    1.545795e+00
    1.322548e-01    1.259352e+02    1.571175e+00
    1.330487e-01    1.267006e+02    1.596975e+00
    1.338426e-01    1.274662e+02    1.623203e+00
    1.346364e-01    1.282320e+02    1.649867e+00
    1.354303e-01    1.289979e+02    1.676974e+00
    1.362241e-01    1.297639e+02    1.704531e+00
    1.370180e-01    1.305302e+02    1.732546e+00
    1.378119e-01    1.312966e+02    1.761025e+00
    1.386057e-01    1.320631e+02    1.789977e+00
    1.393996e-01    1.328298e+02    1.819409e+00
    1.401935e-01    1.335967e+02    1.849329e+00
    1.409873e-01    1.343638e+02    1.879743e+00
    1.417812e-01    1.351310e+02    1.910659e+00
    1.425751e-01    1.358985e+02    1.942085e+00
    1.433689e-01    1.366660e+02    1.974029e+00
    1.441628e-01    1.374338e+02    2.006497e+00
    1.449566e-01    1.382018e+02    2.039497e+00
    1.457505e-01    1.389699e+02    2.073038e+00
    1.465444e-01    1.397382e+02    2.107125e+00
    1.473382e-01    1.405067e+02    2.141768e+00
    1.481321e-01    1.412754e+02    2.176973e+00
    1.489260e-01    1.420443e+02    2.212748e+00
    1.497198e-01    1.428133e+02    2.249101e+00
    1.505137e-01    1.435826e+02    2.286039e+00
    1.513075e-01    1.443521e+02    2.323571e+00
    1.521014e-01    1.451217e+02    2.361702e+00
    1.528953e-01    1.458916e+02    2.400442e+00
    1.536891e-01    1.466617e+02    2.439798e+00
    1.544830e-01    1.474319e+02    2.479777e+00
    1.552769e-01    1.482024e+02    2.520387e+00
    1.560707e-01    1.489731e+02    2.561636e+00
    1.568646e-01    1.497440e+02    2.603532e+00
    1.576584e-01    1.505151e+02    2.646081e+00
    1.584523e-01    1.512864e+02    2.689293e+00
    1.592462e-01    1.520580e+02    2.733174e+00
    1.600400e-01    1.528297e+02    2.777732e+00
    1.608339e-01    1.536017e+02    2.822975e+00
    1.616278e-01    1.543739e+02    2.868911e+00
    1.624216e-01    1.551464e+02    2.915547e+00
    1.632155e-01    1.559190e+02    2.962891e+00
    1.640093e-01    1.566919e+02    3.010951e+00
    1.648032e-01    1.574651e+02    3.059734e+00
    1.655971e-01    1.582384e+02    3.109249e+00
    1.663909e-01    1.590120e+02    3.159502e+00
    1.671848e-01    1.597859e+02    3.210502e+00
    1.679787e-01    1.605600e+02    3.262255e+00
    1.687725e-01    1.613343e+02    3.314771e+00
    1.695664e-01    1.621089e+02    3.368056e+00
    1.703602e-01    1.628838e+02    3.422119e+00
    1.711541e-01    1.636589e+02    3.476966e+00
    1.719480e-01    1.644342e+02    3.532606e+00
    1.727418e-01    1.652098e+02    3.589046e+00
    1.735357e-01    1.659857e+02    3.646294e+00
    1.743296e-01    1.667618e+02    3.704358e+00
    1.751234e-01    1.675383e+02    3.763244e+00
    1.759173e-01    1.683149e+02    3.822961e+00
    1.767111e-01    1.690919e+02    3.883517e+00
    1.775050e-01    1.698691e+02    3.944918e+00
    1.782989e-01    1.706466e+02    4.007173e+00
    1.790927e-01    1.714244e+02    4.070289e+00
    1.798866e-01    1.722024e+02    4.134274e+00
    1.806805e-01    1.729807e+02    4.199135e+00
    1.814743e-01    1.737594e+02    4.264879e+00
    1.822682e-01    1.745383e+02    4.331514e+00
    1.830620e-01    1.753175e+02    4.399048e+00
    1.838559e-01    1.760970e+02    4.467489e+00
    1.846498e-01    1.768768e+02    4.536842e+00
    1.854436e-01    1.776569e+02    4.607117e+00
    1.862375e-01    1.784373e+02    4.678320e+00
    1.870314e-01    1.792180e+02    4.750459e+00
    1.878252e-01    1.799990e+02    4.823541e+00
    1.886191e-01    1.807804e+02    4.897573e+00
    1.894129e-01    1.815620e+02    4.972563e+00
    1.902068e-01    1.823440e+02    5.048518e+00
    1.910007e-01    1.831262e+02    5.125446e+00
    1.917945e-01    1.839088e+02    5.203353e+00
    1.925884e-01    1.846917e+02    5.282247e+00
    1.933823e-01    1.854750e+02    5.362135e+00
    1.941761e-01    1.862586e+02    5.443024e+00
    1.949700e-01    1.870425e+02    5.524922e+00
    1.957638e-01    1.878267e+02    5.607835e+00
    1.965577e-01    1.886113e+02    5.691770e+00
    1.973516e-01    1.893963e+02    5.776735e+00
    1.981454e-01    1.901815e+02    5.862737e+00
    1.989393e-01    1.909671e+02    5.949782e+00
    1.997332e-01    1.917531e+02    6.037878e+00
    2.005270e-01    1.925394e+02    6.127032e+00
    2.013209e-01    1.933261e+02    6.217250e+00
    2.021147e-01    1.941131e+02    6.308539e+00
    2.029086e-01    1.949005e+02    6.400907e+00
    2.037025e-01    1.956883e+02    6.494359e+00
    2.044963e-01    1.964764e+02    6.588903e+00
    2.052902e-01    1.972649e+02    6.684546e+00
    2.060841e-01    1.980538e+02    6.781294e+00
    2.068779e-01    1.988430e+02    6.879154e+00
    2.076718e-01    1.996326e+02    6.978132e+00
    2.084656e-01    2.004226e+02    7.078235e+00
    2.092595e-01    2.012130e+02    7.179470e+00
    2.100534e-01    2.020038e+02    7.281844e+00
    2.108472e-01    2.027949e+02    7.385362e+00
    2.116411e-01    2.035865e+02    7.490031e+00
    2.124350e-01    2.043784e+02    7.595857e+00
    2.132288e-01    2.051708e+02    7.702848e+00
    2.140227e-01    2.059635e+02    7.811009e+00
    2.148165e-01    2.067566e+02    7.920346e+00
    2.156104e-01    2.075502e+02    8.030866e+00
    2.164043e-01    2.083442e+02    8.142576e+00
    2.171981e-01    2.091385e+02    8.255480e+00
    2.179920e-01    2.099333e+02    8.369586e+00
    2.187859e-01    2.107285e+02    8.484899e+00
    2.195797e-01    2.115241e+02    8.601426e+00
    2.203736e-01    2.123202e+02    8.719172e+00
    2.211674e-01    2.131167e+02    8.838143e+00
    2.219613e-01    2.139136e+02    8.958346e+00
    2.227552e-01    2.147109e+02    9.079786e+00
    2.235490e-01    2.155087e+02    9.202469e+00
    2.243429e-01    2.163069e+02    9.326401e+00
    2.251368e-01    2.171055e+02    9.451588e+00
    2.259306e-01    2.179046e+02    9.578035e+00
    2.267245e-01    2.187042e+02    9.705748e+00
    2.275183e-01    2.195042e+02    9.834732e+00
    2.283122e-01    2.203046e+02    9.964994e+00
    2.291061e-01    2.211055e+02    1.009654e+01
    2.298999e-01    2.219068e+02    1.022937e+01
    2.306938e-01    2.227087e+02    1.036350e+01
    2.314877e-01    2.235109e+02    1.049892e+01
    2.322815e-01    2.243137e+02    1.063565e+01
    2.330754e-01    2.251169e+02    1.077369e+01
    2.338692e-01    2.259206e+02    1.091304e+01
    2.346631e-01    2.267248e+02    1.105372e+01
    2.354570e-01    2.275294e+02    1.119572e+01
    2.362508e-01    2.283345e+02    1.133904e+01
    2.370447e-01    2.291401e+02    1.148371e+01
    2.378386e-01    2.299462e+02    1.162971e+01
    2.386324e-01    2.307528e+02    1.177706e+01
    2.394263e-01    2.315599e+02    1.192576e+01
    2.402201e-01    2.323674e+02    1.207582e+01
    2.410140e-01    2.331755e+02    1.222723e+01
    2.418079e-01    2.339841e+02    1.238001e+01
    2.426017e-01    2.347932e+02    1.253416e+01
    2.433956e-01    2.356027e+02    1.268969e+01
    2.441895e-01    2.364128e+02    1.284659e+01
    2.449833e-01    2.372234e+02    1.300487e+01
    2.457772e-01    2.380345e+02    1.316455e+01
    2.465710e-01    2.388462e+02    1.332561e+01
    2.473649e-01    2.396583e+02    1.348807e+01
    2.481588e-01    2.404710e+02    1.365194e+01
    2.489526e-01    2.412842e+02    1.381720e+01
    2.497465e-01    2.420980e+02    1.398388e+01
    2.505404e-01    2.429122e+02    1.415197e+01
    2.513342e-01    2.437270e+02    1.432148e+01
    2.521281e-01    2.445424e+02    1.449242e+01
    2.529219e-01    2.453582e+02    1.466477e+01
    2.537158e-01    2.461747e+02    1.483856e+01
    2.545097e-01    2.469916e+02    1.501379e+01
    2.553035e-01    2.478092e+02    1.519045e+01
    2.560974e-01    2.486272e+02    1.536855e+01
    2.568913e-01    2.494458e+02    1.554810e+01
    2.576851e-01    2.502650e+02    1.572910e+01
    2.584790e-01    2.510848e+02    1.591155e+01
    2.592728e-01    2.519051e+02    1.609547e+01
    2.600667e-01    2.527259e+02    1.628084e+01
    2.608606e-01    2.535474e+02    1.646767e+01
    2.616544e-01    2.543694e+02    1.665598e+01
    2.624483e-01    2.551920e+02    1.684575e+01
    2.632422e-01    2.560151e+02    1.703700e+01
    2.640360e-01    2.568389e+02    1.722973e+01
    2.648299e-01    2.576632e+02    1.742394e+01
    2.656237e-01    2.584881e+02    1.761964e+01
    2.664176e-01    2.593136e+02    1.781682e+01
    2.672115e-01    2.601396e+02    1.801550e+01
    2.680053e-01    2.609663e+02    1.821567e+01
    2.687992e-01    2.617936e+02    1.841734e+01
    2.695931e-01    2.626215e+02    1.862051e+01
    2.703869e-01    2.634499e+02    1.882519e+01
    2.711808e-01    2.642790e+02    1.903137e+01
    2.719746e-01    2.651087e+02    1.923906e+01
    2.727685e-01    2.659389e+02    1.944826e+01
    2.735624e-01    2.667698e+02    1.965898e+01
    2.743562e-01    2.676013e+02    1.987122e+01
    2.751501e-01    2.684335e+02    2.008498e+01
    2.759440e-01    2.692662e+02    2.030027e+01
    2.767378e-01    2.700996e+02    2.051708e+01
    2.775317e-01    2.709336e+02    2.073542e+01
    2.783256e-01    2.717682e+02    2.095529e+01
    2.791194e-01    2.726034e+02    2.117670e+01
    2.799133e-01    2.734393e+02    2.139964e+01
    2.807071e-01    2.742758e+02    2.162413e+01
    2.815010e-01    2.751130e+02    2.185015e+01
    2.822949e-01    2.759507e+02    2.207772e+01
    2.830887e-01    2.767892e+02    2.230684e+01
    2.838826e-01    2.776283e+02    2.253750e+01
    2.846765e-01    2.784680e+02    2.276972e+01
    2.854703e-01    2.793083e+02    2.300349e+01
    2.862642e-01    2.801494e+02    2.323882e+01
    2.870580e-01    2.809910e+02    2.347570e+01
    2.878519e-01    2.818334e+02    2.371414e+01
    2.886458e-01    2.826764e+02    2.395414e+01
    2.894396e-01    2.835200e+02    2.419571e+01
    2.902335e-01    2.843644e+02    2.443884e+01
    2.910274e-01    2.852093e+02    2.468354e+01
    2.918212e-01    2.860550e+02    2.492981e+01
    2.926151e-01    2.869013e+02    2.517765e+01
    2.934089e-01    2.877483e+02    2.542707e+01
    2.942028e-01    2.885960e+02    2.567805e+01
    2.949967e-01    2.894444e+02    2.593062e+01
    2.957905e-01    2.902934e+02    2.618476e+01
    2.965844e-01    2.911432e+02    2.644048e+01
    2.973783e-01    2.919936e+02    2.669779e+01
    2.981721e-01    2.928447e+02    2.695667e+01
    2.989660e-01    2.936965e+02    2.721714e+01
    2.997598e-01    2.945490e+02    2.747920e+01
    3.005537e-01    2.954021e+02    2.774284e+01
    3.013476e-01    2.962560e+02    2.800807e+01
    3.021414e-01    2.971106e+02    2.827489e+01
    3.029353e-01    2.979659e+02    2.854331e+01
    3.037292e-01    2.988219e+02    2.881331e+01
    3.045230e-01    2.996786e+02    2.908491e+01
    3.053169e-01    3.005360e+02    2.935810e+01
    3.061107e-01    3.013941e+02    2.963289e+01
    3.069046e-01    3.022530e+02    2.990928e+01
    3.076985e-01    3.031125e+02    3.018727e+01
    3.084923e-01    3.039728e+02    3.046685e+01
    3.092862e-01    3.048338e+02    3.074804e+01
    3.100801e-01    3.056955e+02    3.103083e+01
    3.108739e-01    3.065580e+02    3.131522e+01
    3.116678e-01    3.074211e+02    3.160121e+01
    3.124616e-01    3.082850e+02    3.188881e+01
    3.132555e-01    3.091497e+02    3.217801e+01
    3.140494e-01    3.100150e+02    3.246882e+01
    3.148432e-01    3.108812e+02    3.276124e+01
    3.156371e-01    3.117480e+02    3.305526e+01
    3.164310e-01    3.126156e+02    3.335089e+01
    3.172248e-01    3.134839e+02    3.364813e+01
    3.180187e-01    3.143530e+02    3.394699e+01
    3.188125e-01    3.152228e+02    3.424745e+01
    3.196064e-01    3.160934e+02    3.454952e+01
    3.204003e-01    3.169647e+02    3.485320e+01
    3.211941e-01    3.178368e+02    3.515850e+01
    3.219880e-01    3.187097e+02    3.546541e+01
    3.227819e-01    3.195833e+02    3.577393e+01
    3.235757e-01    3.204576e+02    3.608407e+01
    3.243696e-01    3.213327e+02    3.639582e+01
    3.251634e-01    3.222086e+02    3.670919e+01
    3.259573e-01    3.230853e+02    3.702417e+01
    3.267512e-01    3.239627e+02    3.734077e+01
    3.275450e-01    3.248409e+02    3.765898e+01
    3.283389e-01    3.257199e+02    3.797881e+01
    3.291328e-01    3.265996e+02    3.830025e+01
    3.299266e-01    3.274801e+02    3.862331e+01
    3.307205e-01    3.283614e+02    3.894799e+01
    3.315143e-01    3.292435e+02    3.927429e+01
    3.323082e-01    3.301264e+02    3.960220e+01
    3.331021e-01    3.310100e+02    3.993173e+01
    3.338959e-01    3.318945e+02    4.026288e+01
    3.346898e-01    3.327797e+02    4.059564e+01
    3.354837e-01    3.336657e+02    4.093003e+01
    3.362775e-01    3.345525e+02    4.126603e+01
    3.370714e-01    3.354401e+02    4.160365e+01
    3.378652e-01    3.363285e+02    4.194288e+01
    3.386591e-01    3.372177e+02    4.228374e+01
    3.394530e-01    3.381078e+02    4.262621e+01
    3.402468e-01    3.389986e+02    4.297030e+01
    3.410407e-01    3.398902e+02    4.331601e+01
    3.418346e-01    3.407826e+02    4.366334e+01
    3.426284e-01    3.416758e+02    4.401228e+01
    3.434223e-01    3.425698e+02    4.436284e+01
    3.442161e-01    3.434647e+02    4.471502e+01
    3.450100e-01    3.443604e+02    4.506882e+01
    3.458039e-01    3.452568e+02    4.542423e+01
    3.465977e-01    3.461541e+02    4.578126e+01
    3.473916e-01    3.470522e+02    4.613990e+01
    3.481855e-01    3.479512e+02    4.650016e+01
    3.489793e-01    3.488509e+02    4.686204e+01
    3.497732e-01    3.497515e+02    4.722554e+01
    3.505670e-01    3.506529e+02    4.759064e+01
    3.513609e-01    3.515552e+02    4.795737e+01
    3.521548e-01    3.524583e+02    4.832570e+01
    3.529486e-01    3.533622e+02    4.869566e+01
    3.537425e-01    3.542669e+02    4.906722e+01
    3.545364e-01    3.551725e+02    4.944040e+01
    3.553302e-01    3.560789e+02    4.981519e+01
    3.561241e-01    3.569861e+02    5.019160e+01
    3.569179e-01    3.578942e+02    5.056962e+01
    3.577118e-01    3.588032e+02    5.094924e+01
    3.585057e-01    3.597129e+02    5.133048e+01
    3.592995e-01    3.606236e+02    5.171333e+01
    3.600934e-01    3.615350e+02    5.209779e+01
    3.608873e-01    3.624474e+02    5.248386e+01
    3.616811e-01    3.633605e+02    5.287154e+01
    3.624750e-01    3.642745e+02    5.326083e+01
    3.632688e-01    3.651894e+02    5.365172e+01
    3.640627e-01    3.661052e+02    5.404423e+01
    3.648566e-01    3.670218e+02    5.443834e+01
    3.656504e-01    3.679392e+02    5.483405e+01
    3.664443e-01    3.688575e+02    5.523137e+01
    3.672382e-01    3.697767e+02    5.563029e+01
    3.680320e-01    3.706967e+02    5.603082e+01
    3.688259e-01    3.716176e+02    5.643296e+01
    3.696197e-01    3.725394e+02    5.683669e+01
    3.704136e-01    3.734620e+02    5.724203e+01
    3.712075e-01    3.743856e+02    5.764897e+01
    3.720013e-01    3.753099e+02    5.805750e+01
    3.727952e-01    3.762352e+02    5.846764e+01
    3.735891e-01    3.771613e+02    5.887938e+01
    3.743829e-01    3.780883e+02    5.929271e+01
    3.751768e-01    3.790162e+02    5.970765e+01
    3.759706e-01    3.799450e+02    6.012418e+01
    3.767645e-01    3.808746e+02    6.054230e+01
    3.775584e-01    3.818052e+02    6.096202e+01
    3.783522e-01    3.827366e+02    6.138334e+01
    3.791461e-01    3.836689e+02    6.180624e+01
    3.799400e-01    3.846021e+02    6.223074e+01
    3.807338e-01    3.855361e+02    6.265684e+01
    3.815277e-01    3.864711e+02    6.308452e+01
    3.823215e-01    3.874070e+02    6.351379e+01
    3.831154e-01    3.883437e+02    6.394465e+01
    3.839093e-01    3.892814e+02    6.437710e+01
    3.847031e-01    3.902199e+02    6.481114e+01
    3.854970e-01    3.911593e+02    6.524676e+01
    3.862909e-01    3.920997e+02    6.568397e+01
    3.870847e-01    3.930409e+02    6.612276e+01
    3.878786e-01    3.939831e+02    6.656314e+01
    3.886724e-01    3.949261e+02    6.700510e+01
    3.894663e-01    3.958700e+02    6.744864e+01
    3.902602e-01    3.968149e+02    6.789376e+01
    3.910540e-01    3.977607e+02    6.834046e+01
    3.918479e-01    3.987073e+02    6.878874e+01
    3.926418e-01    3.996549e+02    6.923859e+01
    3.934356e-01    4.006034e+02    6.969003e+01
    3.942295e-01    4.015528e+02    7.014304e+01
    3.950233e-01    4.025031e+02    7.059762e+01
    3.958172e-01    4.034543e+02    7.105378e+01
    3.966111e-01    4.044065e+02    7.151151e+01
    3.974049e-01    4.053595e+02    7.197081e+01
    3.981988e-01    4.063135e+02    7.243168e+01
    3.989927e-01    4.072684e+02    7.289412e+01
    3.997865e-01    4.082243e+02    7.335813e+01
    4.005804e-01    4.091810e+02    7.382371e+01
    4.013742e-01    4.101387e+02    7.429085e+01
    4.021681e-01    4.110973e+02    7.475956e+01
    4.029620e-01    4.120568e+02    7.522983e+01
    4.037558e-01    4.130172e+02    7.570167e+01
    4.045497e-01    4.139786e+02    7.617506e+01
    4.053436e-01    4.149409e+02    7.665002e+01
    4.061374e-01    4.159042e+02    7.712654e+01
    4.069313e-01    4.168684e+02    7.760462e+01
    4.077252e-01    4.178335e+02    7.808425e+01
    4.085190e-01    4.187995e+02    7.856544e+01
    4.093129e-01    4.197665e+02    7.904819e+01
    4.101067e-01    4.207344e+02    7.953249e+01
    4.109006e-01    4.217033e+02    8.001834e+01
    4.116945e-01    4.226731e+02    8.050575e+01
    4.124883e-01    4.236438e+02    8.099470e+01
    4.132822e-01    4.246155e+02    8.148521e+01
    4.140761e-01    4.255881e+02    8.197726e+01
    4.148699e-01    4.265617e+02    8.247086e+01
    4.156638e-01    4.275362e+02    8.296601e+01
    4.164576e-01    4.285117e+02    8.346270e+01
    4.172515e-01    4.294881e+02    8.396094e+01
    4.180454e-01    4.304655e+02    8.446072e+01
    4.188392e-01    4.314438e+02    8.496204e+01
    4.196331e-01    4.324230e+02    8.546490e+01
    4.204270e-01    4.334033e+02    8.596930e+01
    4.212208e-01    4.343844e+02    8.647524e+01
    4.220147e-01    4.353666e+02    8.698272e+01
    4.228085e-01    4.363496e+02    8.749173e+01
    4.236024e-01    4.373337e+02    8.800228e+01
    4.243963e-01    4.383187e+02    8.851435e+01
    4.251901e-01    4.393046e+02    8.902797e+01
    4.259840e-01    4.402916e+02    8.954311e+01
    4.267779e-01    4.412794e+02    9.005978e+01
    4.275717e-01    4.422683e+02    9.057798e+01
    4.283656e-01    4.432581e+02    9.109771e+01
    4.291594e-01    4.442488e+02    9.161896e+01
    4.299533e-01    4.452406e+02    9.214174e+01
    4.307472e-01    4.462333e+02    9.266605e+01
    4.315410e-01    4.472270e+02    9.319187e+01
    4.323349e-01    4.482216e+02    9.371922e+01
    4.331288e-01    4.492172e+02    9.424809e+01
    4.339226e-01    4.502138e+02    9.477847e+01
    4.347165e-01    4.512113e+02    9.531038e+01
    4.355103e-01    4.522099e+02    9.584380e+01
    4.363042e-01    4.532094e+02    9.637873e+01
    4.370981e-01    4.542098e+02    9.691518e+01
    4.378919e-01    4.552113e+02    9.745315e+01
    4.386858e-01    4.562137e+02    9.799262e+01
    4.394797e-01    4.572171e+02    9.853361e+01
    4.402735e-01    4.582215e+02    9.907610e+01
    4.410674e-01    4.592268e+02    9.962010e+01
    4.418612e-01    4.602332e+02    1.001656e+02
    4.426551e-01    4.612405e+02    1.007126e+02
    4.434490e-01    4.622488e+02    1.012611e+02
    4.442428e-01    4.632581e+02    1.018112e+02
    4.450367e-01    4.642684e+02    1.023627e+02
    4.458306e-01    4.652796e+02    1.029157e+02
    4.466244e-01    4.662919e+02    1.034702e+02
    4.474183e-01    4.673051e+02    1.040263e+02
    4.482121e-01    4.683193e+02    1.045838e+02
    4.490060e-01    4.693345e+02    1.051428e+02
    4.497999e-01    4.703507e+02    1.057033e+02
    4.505937e-01    4.713679e+02    1.062653e+02
    4.513876e-01    4.723861e+02    1.068288e+02
    4.521815e-01    4.734053e+02    1.073938e+02
    4.529753e-01    4.744254e+02    1.079603e+02
    4.537692e-01    4.754466e+02    1.085282e+02
    4.545630e-01    4.764687e+02    1.090977e+02
    4.553569e-01    4.774919e+02    1.096686e+02
    4.561508e-01    4.785160e+02    1.102411e+02
    4.569446e-01    4.795412e+02    1.108150e+02
    4.577385e-01    4.805673e+02    1.113904e+02
    4.585324e-01    4.815944e+02    1.119672e+02
    4.593262e-01    4.826226e+02    1.125456e+02
    4.601201e-01    4.836517e+02    1.131254e+02
    4.609139e-01    4.846819e+02    1.137067e+02
    4.617078e-01    4.857130e+02    1.142895e+02
    4.625017e-01    4.867452e+02    1.148738e+02
    4.632955e-01    4.877783e+02    1.154595e+02
    4.640894e-01    4.888125e+02    1.160467e+02
    4.648833e-01    4.898476e+02    1.166354e+02
    4.656771e-01    4.908838e+02    1.172255e+02
    4.664710e-01    4.919210e+02    1.178171e+02
    4.672648e-01    4.929592e+02    1.184102e+02
    4.680587e-01    4.939984e+02    1.190048e+02
    4.688526e-01    4.950386e+02    1.196008e+02
    4.696464e-01    4.960798e+02    1.201983e+02
    4.704403e-01    4.971220e+02    1.207972e+02
    4.712342e-01    4.981653e+02    1.213976e+02
    4.720280e-01    4.992095e+02    1.219995e+02
    4.728219e-01    5.002548e+02    1.226028e+02
    4.736157e-01    5.013010e+02    1.232076e+02
    4.744096e-01    5.023483e+02    1.238138e+02
    4.752035e-01    5.033966e+02    1.244215e+02
    4.759973e-01    5.044460e+02    1.250307e+02
    4.767912e-01    5.054963e+02    1.256413e+02
    4.775851e-01    5.065477e+02    1.262534e+02
    4.783789e-01    5.076001e+02    1.268669e+02
    4.791728e-01    5.086535e+02    1.274818e+02
    4.799666e-01    5.097079e+02    1.280982e+02
    4.807605e-01    5.107633e+02    1.287161e+02
    4.815544e-01    5.118198e+02    1.293354e+02
    4.823482e-01    5.128773e+02    1.299561e+02
    4.831421e-01    5.139358e+02    1.305783e+02
    4.839360e-01    5.149953e+02    1.312020e+02
    4.847298e-01    5.160558e+02    1.318270e+02
    4.855237e-01    5.171174e+02    1.324535e+02
    4.863175e-01    5.181800e+02    1.330815e+02
    4.871114e-01    5.192436e+02    1.337109e+02
    4.879053e-01    5.203083e+02    1.343417e+02
    4.886991e-01    5.213740e+02    1.349740e+02
    4.894930e-01    5.224407e+02    1.356077e+02
    4.902869e-01    5.235084e+02    1.362428e+02
    4.910807e-01    5.245772e+02    1.368794e+02
    4.918746e-01    5.256470e+02    1.375174e+02
    4.926684e-01    5.267178e+02    1.381568e+02
    4.934623e-01    5.277897e+02    1.387977e+02
    4.942562e-01    5.288626e+02    1.394400e+02
    4.950500e-01    5.299365e+02    1.400837e+02
    4.958439e-01    5.310115e+02    1.407288e+02
    4.966378e-01    5.320875e+02    1.413754e+02
    4.974316e-01    5.331645e+02    1.420234e+02
    4.982255e-01    5.342426e+02    1.426728e+02
    4.990193e-01    5.353217e+02    1.433236e+02
    4.998132e-01    5.364018e+02    1.439758e+02
    5.006071e-01    5.374830e+02    1.446295e+02
    5.014009e-01    5.385652e+02    1.452846e+02
    5.021948e-01    5.396485e+02    1.459411e+02
    5.029887e-01    5.407328e+02    1.465990e+02
    5.037825e-01    5.418181e+02    1.472583e+02
    5.045764e-01    5.429045e+02    1.479191e+02
    5.053702e-01    5.439919e+02    1.485812e+02
    5.061641e-01    5.450803e+02    1.492448e+02
    5.069580e-01    5.461698e+02    1.499098e+02
    5.077518e-01    5.472603e+02    1.505762e+02
    5.085457e-01    5.483519e+02    1.512440e+02
    5.093396e-01    5.494445e+02    1.519132e+02
    5.101334e-01    5.505382e+02    1.525838e+02
    5.109273e-01    5.516329e+02    1.532558e+02
    5.117211e-01    5.527287e+02    1.539292e+02
    5.125150e-01    5.538255e+02    1.546040e+02
    5.133089e-01    5.549233e+02    1.552802e+02
    5.141027e-01    5.560222e+02    1.559578e+02
    5.148966e-01    5.571222e+02    1.566368e+02
    5.156905e-01    5.582232e+02    1.573172e+02
    5.164843e-01    5.593252e+02    1.579990e+02
    5.172782e-01    5.604283e+02    1.586822e+02
    5.180720e-01    5.615324e+02    1.593668e+02
    5.188659e-01    5.626376e+02    1.600528e+02
    5.196598e-01    5.637439e+02    1.607402e+02
    5.204536e-01    5.648511e+02    1.614290e+02
    5.212475e-01    5.659595e+02    1.621192e+02
    5.220414e-01    5.670689e+02    1.628107e+02
    5.228352e-01    5.681793e+02    1.635036e+02
    5.236291e-01    5.692908e+02    1.641980e+02
    5.244229e-01    5.704034e+02    1.648937e+02
    5.252168e-01    5.715170e+02    1.655908e+02
    5.260107e-01    5.726316e+02    1.662893e+02
    5.268045e-01    5.737474e+02    1.669891e+02
    5.275984e-01    5.748641e+02    1.676904e+02
    5.283923e-01    5.759820e+02    1.683930e+02
    5.291861e-01    5.771009e+02    1.690970e+02
    5.299800e-01    5.782208e+02    1.698024e+02
    5.307738e-01    5.793418e+02    1.705092e+02
    5.315677e-01    5.804639e+02    1.712173e+02
    5.323616e-01    5.815870e+02    1.719268e+02
    5.331554e-01    5.827111e+02    1.726377e+02
    5.339493e-01    5.838364e+02    1.733500e+02
    5.347432e-01    5.849627e+02    1.740636e+02
    5.355370e-01    5.860900e+02    1.747786e+02
    5.363309e-01    5.872185e+02    1.754950e+02
    5.371247e-01    5.883479e+02    1.762128e+02
    5.379186e-01    5.894785e+02    1.769319e+02
    5.387125e-01    5.906101e+02    1.776524e+02
    5.395063e-01    5.917427e+02    1.783742e+02
    5.403002e-01    5.928765e+02    1.790974e+02
    5.410941e-01    5.940113e+02    1.798220e+02
    5.418879e-01    5.951471e+02    1.805480e+02
    5.426818e-01    5.962840e+02    1.812753e+02
    5.434757e-01    5.974220e+02    1.820039e+02
    5.442695e-01    5.985611e+02    1.827340e+02
    5.450634e-01    5.997012e+02    1.834654e+02
    5.458572e-01    6.008424e+02    1.841981e+02
    5.466511e-01    6.019846e+02    1.849322e+02
    5.474450e-01    6.031279e+02    1.856677e+02
    5.482388e-01    6.042723e+02    1.864045e+02
    5.490327e-01    6.054178e+02    1.871427e+02
    5.498266e-01    6.065643e+02    1.878822e+02
    5.506204e-01    6.077119e+02    1.886231e+02
    5.514143e-01    6.088606e+02    1.893653e+02
    5.522081e-01    6.100103e+02    1.901089e+02
    5.530020e-01    6.111611e+02    1.908538e+02
    5.537959e-01    6.123129e+02    1.916001e+02
    5.545897e-01    6.134659e+02    1.923477e+02
    5.553836e-01    6.146199e+02    1.930967e+02
    5.561775e-01    6.157750e+02    1.938470e+02
    5.569713e-01    6.169311e+02    1.945987e+02
    5.577652e-01    6.180884e+02    1.953517e+02
    5.585590e-01    6.192467e+02    1.961061e+02
    5.593529e-01    6.204060e+02    1.968618e+02
    5.601468e-01    6.215665e+02    1.976188e+02
    5.609406e-01    6.227280e+02    1.983772e+02
    5.617345e-01    6.238906e+02    1.991369e+02
    5.625284e-01    6.250543e+02    1.998980e+02
    5.633222e-01    6.262190e+02    2.006604e+02
    5.641161e-01    6.273848e+02    2.014241e+02
    5.649099e-01    6.285517e+02    2.021892e+02
    5.657038e-01    6.297197e+02    2.029556e+02
    5.664977e-01    6.308887e+02    2.037233e+02
    5.672915e-01    6.320589e+02    2.044924e+02
    5.680854e-01    6.332301e+02    2.052628e+02
    5.688793e-01    6.344023e+02    2.060345e+02
    5.696731e-01    6.355757e+02    2.068076e+02
    5.704670e-01    6.367501e+02    2.075820e+02
    5.712608e-01    6.379256e+02    2.083577e+02
    5.720547e-01    6.391022e+02    2.091348e+02
    5.728486e-01    6.402799e+02    2.099132e+02
    5.736424e-01    6.414586e+02    2.106929e+02
    5.744363e-01    6.426385e+02    2.114739e+02
    5.752302e-01    6.438194e+02    2.122563e+02
    5.760240e-01    6.450014e+02    2.130399e+02
    5.768179e-01    6.461845e+02    2.138249e+02
    5.776117e-01    6.473686e+02    2.146113e+02
    5.784056e-01    6.485538e+02    2.153989e+02
    5.791995e-01    6.497402e+02    2.161879e+02
    5.799933e-01    6.509276e+02    2.169782e+02
    5.807872e-01    6.521160e+02    2.177698e+02
    5.815811e-01    6.533056e+02    2.185627e+02
    5.823749e-01    6.544963e+02    2.193569e+02
    5.831688e-01    6.556880e+02    2.201525e+02
    5.839626e-01    6.568808e+02    2.209494e+02
    5.847565e-01    6.580747e+02    2.217476e+02
    5.855504e-01    6.592697e+02    2.225471e+02
    5.863442e-01    6.604658e+02    2.233479e+02
    5.871381e-01    6.616629e+02    2.241500e+02
    5.879320e-01    6.628612e+02    2.249534e+02
    5.887258e-01    6.640605e+02    2.257582e+02
    5.895197e-01    6.652609e+02    2.265642e+02
    5.903135e-01    6.664624e+02    2.273716e+02
    5.911074e-01    6.676650e+02    2.281803e+02
    5.919013e-01    6.688686e+02    2.289902e+02
    5.926951e-01    6.700734e+02    2.298015e+02
    5.934890e-01    6.712793e+02    2.306141e+02
    5.942829e-01    6.724862e+02    2.314280e+02
    5.950767e-01    6.736942e+02    2.322432e+02
    5.958706e-01    6.749033e+02    2.330597e+02
    5.966644e-01    6.761135e+02    2.338775e+02
    5.974583e-01    6.773248e+02    2.346966e+02
    5.982522e-01    6.785372e+02    2.355170e+02
    5.990460e-01    6.797507e+02    2.363387e+02
    5.998399e-01    6.809652e+02    2.371617e+02
    6.006338e-01    6.821809e+02    2.379860e+02
    6.014276e-01    6.833976e+02    2.388116e+02
    6.022215e-01    6.846154e+02    2.396385e+02
    6.030153e-01    6.858343e+02    2.404667e+02
    6.038092e-01    6.870544e+02    2.412962e+02
    6.046031e-01    6.882755e+02    2.421270e+02
    6.053969e-01    6.894976e+02    2.429591e+02
    6.061908e-01    6.907209e+02    2.437925e+02
    6.069847e-01    6.919453e+02    2.446271e+02
    6.077785e-01    6.931708e+02    2.454631e+02
    6.085724e-01    6.943973e+02    2.463003e+02
    6.093662e-01    6.956250e+02    2.471388e+02
    6.101601e-01    6.968537e+02    2.479787e+02
    6.109540e-01    6.980836e+02    2.488198e+02
    6.117478e-01    6.993145e+02    2.496622e+02
    6.125417e-01    7.005466e+02    2.505059e+02
    6.133356e-01    7.017797e+02    2.513508e+02
    6.141294e-01    7.030139e+02    2.521971e+02
    6.149233e-01    7.042492e+02    2.530446e+02
    6.157171e-01    7.054856e+02    2.538935e+02
    6.165110e-01    7.067231e+02    2.547436e+02
    6.173049e-01    7.079617e+02    2.555950e+02
    6.180987e-01    7.092014e+02    2.564476e+02
    6.188926e-01    7.104422e+02    2.573016e+02
    6.196865e-01    7.116841e+02    2.581568e+02
    6.204803e-01    7.129271e+02    2.590133e+02
    6.212742e-01    7.141712e+02    2.598711e+02
    6.220680e-01    7.154163e+02    2.607302e+02
    6.228619e-01    7.166626e+02    2.615905e+02
    6.236558e-01    7.179100e+02    2.624522e+02
    6.244496e-01    7.191585e+02    2.633151e+02
    6.252435e-01    7.204080e+02    2.641792e+02
    6.260374e-01    7.216587e+02    2.650447e+02
    6.268312e-01    7.229104e+02    2.659114e+02
    6.276251e-01    7.241633e+02    2.667794e+02
    6.284189e-01    7.254173e+02    2.676487e+02
    6.292128e-01    7.266723e+02    2.685192e+02
    6.300067e-01    7.279285e+02    2.693911e+02
    6.308005e-01    7.291857e+02    2.702641e+02
    6.315944e-01    7.304441e+02    2.711385e+02
    6.323883e-01    7.317036e+02    2.720141e+02
    6.331821e-01    7.329641e+02    2.728910e+02
    6.339760e-01    7.342258e+02    2.737692e+02
    6.347698e-01    7.354885e+02    2.746486e+02
    6.355637e-01    7.367524e+02    2.755293e+02
    6.363576e-01    7.380174e+02    2.764113e+02
    6.371514e-01    7.392834e+02    2.772945e+02
    6.379453e-01    7.405506e+02    2.781790e+02
    6.387392e-01    7.418188e+02    2.790647e+02
    6.395330e-01    7.430882e+02    2.799517e+02
    6.403269e-01    7.443587e+02    2.808400e+02
    6.411207e-01    7.456302e+02    2.817296e+02
    6.419146e-01    7.469029e+02    2.826204e+02
    6.427085e-01    7.481767e+02    2.835124e+02
    6.435023e-01    7.494516e+02    2.844058e+02
    6.442962e-01    7.507275e+02    2.853003e+02
    6.450901e-01    7.520046e+02    2.861962e+02
    6.458839e-01    7.532828e+02    2.870933e+02
    6.466778e-01    7.545621e+02    2.879916e+02
    6.474716e-01    7.558425e+02    2.888912e+02
    6.482655e-01    7.571240e+02    2.897921e+02
    6.490594e-01    7.584066e+02    2.906942e+02
    6.498532e-01    7.596903e+02    2.915976e+02
    6.506471e-01    7.609751e+02    2.925023e+02
    6.514410e-01    7.622610e+02    2.934081e+02
    6.522348e-01    7.635480e+02    2.943153e+02
    6.530287e-01    7.648362e+02    2.952237e+02
    6.538225e-01    7.661254e+02    2.961333e+02
    6.546164e-01    7.674157e+02    2.970442e+02
    6.554103e-01    7.687072e+02    2.979564e+02
    6.562041e-01    7.699997e+02    2.988698e+02
    6.569980e-01    7.712933e+02    2.997844e+02
    6.577919e-01    7.725881e+02    3.007003e+02
    6.585857e-01    7.738840e+02    3.016175e+02
    6.593796e-01    7.751809e+02    3.025359e+02
    6.601734e-01    7.764790e+02    3.034555e+02
    6.609673e-01    7.777782e+02    3.043764e+02
    6.617612e-01    7.790785e+02    3.052985e+02
    6.625550e-01    7.803799e+02    3.062219e+02
    6.633489e-01    7.816824e+02    3.071465e+02
    6.641428e-01    7.829860e+02    3.080724e+02
    6.649366e-01    7.842907e+02    3.089995e+02
    6.657305e-01    7.855965e+02    3.099278e+02
    6.665243e-01    7.869035e+02    3.108574e+02
    6.673182e-01    7.882115e+02    3.117883e+02
    6.681121e-01    7.895206e+02    3.127203e+02
    6.689059e-01    7.908309e+02    3.136537e+02
    6.696998e-01    7.921423e+02    3.145882e+02
    6.704937e-01    7.934547e+02    3.155240e+02
    6.712875e-01    7.947683e+02    3.164610e+02
    6.720814e-01    7.960830e+02    3.173993e+02
    6.728753e-01    7.973988e+02    3.183388e+02
    6.736691e-01    7.987157e+02    3.192796e+02
    6.744630e-01    8.000337e+02    3.202216e+02
    6.752568e-01    8.013529e+02    3.211648e+02
    6.760507e-01    8.026731e+02    3.221092e+02
    6.768446e-01    8.039944e+02    3.230549e+02
    6.776384e-01    8.053169e+02    3.240019e+02
    6.784323e-01    8.066405e+02    3.249500e+02
    6.792262e-01    8.079651e+02    3.258994e+02
    6.800200e-01    8.092909e+02    3.268500e+02
    6.808139e-01    8.106178e+02    3.278019e+02
    6.816077e-01    8.119458e+02    3.287550e+02
    6.824016e-01    8.132750e+02    3.297093e+02
    6.831955e-01    8.146052e+02    3.306649e+02
    6.839893e-01    8.159365e+02    3.316217e+02
    6.847832e-01    8.172690e+02    3.325797e+02
    6.855771e-01    8.186026e+02    3.335389e+02
    6.863709e-01    8.199372e+02    3.344994e+02
    6.871648e-01    8.212730e+02    3.354611e+02
    6.879586e-01    8.226099e+02    3.364240e+02
    6.887525e-01    8.239479e+02    3.373882e+02
    6.895464e-01    8.252870e+02    3.383535e+02
    6.903402e-01    8.266273e+02    3.393201e+02
    6.911341e-01    8.279686e+02    3.402880e+02
    6.919280e-01    8.293111e+02    3.412570e+02
    6.927218e-01    8.306547e+02    3.422273e+02
    6.935157e-01    8.319993e+02    3.431988e+02
    6.943095e-01    8.333451e+02    3.441715e+02
    6.951034e-01    8.346921e+02    3.451455e+02
    6.958973e-01    8.360401e+02    3.461207e+02
    6.966911e-01    8.373892e+02    3.470971e+02
    6.974850e-01    8.387395e+02    3.480747e+02
    6.982789e-01    8.400908e+02    3.490535e+02
    6.990727e-01    8.414433e+02    3.500336e+02
    6.998666e-01    8.427969e+02    3.510148e+02
    7.006604e-01    8.441516e+02    3.519973e+02
    7.014543e-01    8.455074e+02    3.529811e+02
    7.022482e-01    8.468644e+02    3.539660e+02
    7.030420e-01    8.482224e+02    3.549521e+02
    7.038359e-01    8.495816e+02    3.559395e+02
    7.046298e-01    8.509418e+02    3.569281e+02
    7.054236e-01    8.523032e+02    3.579179e+02
    7.062175e-01    8.536657e+02    3.589089e+02
    7.070113e-01    8.550293e+02    3.599012e+02
    7.078052e-01    8.563941e+02    3.608946e+02
    7.085991e-01    8.577599e+02    3.618893e+02
    7.093929e-01    8.591269e+02    3.628851e+02
    7.101868e-01    8.604950e+02    3.638822e+02
    7.109807e-01    8.618642e+02    3.648805e+02
    7.117745e-01    8.632345e+02    3.658801e+02
    7.125684e-01    8.646059e+02    3.668808e+02
    7.133622e-01    8.659784e+02    3.678827e+02
    7.141561e-01    8.673521e+02    3.688859e+02
    7.149500e-01    8.687269e+02    3.698902e+02
    7.157438e-01    8.701027e+02    3.708958e+02
    7.165377e-01    8.714798e+02    3.719026e+02
    7.173316e-01    8.728579e+02    3.729106e+02
    7.181254e-01    8.742371e+02    3.739198e+02
    7.189193e-01    8.756175e+02    3.749302e+02
    7.197131e-01    8.769989e+02    3.759418e+02
    7.205070e-01    8.783815e+02    3.769547e+02
    7.213009e-01    8.797652e+02    3.779687e+02
    7.220947e-01    8.811500e+02    3.789839e+02
    7.228886e-01    8.825360e+02    3.800004e+02
    7.236825e-01    8.839230e+02    3.810180e+02
    7.244763e-01    8.853112e+02    3.820369e+02
    7.252702e-01    8.867005e+02    3.830570e+02
    7.260640e-01    8.880909e+02    3.840782e+02
    7.268579e-01    8.894824e+02    3.851007e+02
    7.276518e-01    8.908750e+02    3.861244e+02
    7.284456e-01    8.922688e+02    3.871493e+02
    7.292395e-01    8.936637e+02    3.881753e+02
    7.300334e-01    8.950597e+02    3.892026e+02
    7.308272e-01    8.964568e+02    3.902311e+02
    7.316211e-01    8.978550e+02    3.912608e+02
    7.324149e-01    8.992543e+02    3.922917e+02
    7.332088e-01    9.006548e+02    3.933238e+02
    7.340027e-01    9.020564e+02    3.943571e+02
    7.347965e-01    9.034591e+02    3.953916e+02
    7.355904e-01    9.048629e+02    3.964273e+02
    7.363843e-01    9.062678e+02    3.974642e+02
    7.371781e-01    9.076739e+02    3.985022e+02
    7.379720e-01    9.090811e+02    3.995415e+02
    7.387658e-01    9.104893e+02    4.005820e+02
    7.395597e-01    9.118988e+02    4.016237e+02
    7.403536e-01    9.133093e+02    4.026666e+02
    7.411474e-01    9.147209e+02    4.037106e+02
    7.419413e-01    9.161337e+02    4.047559e+02
    7.427352e-01    9.175476e+02    4.058024e+02
    7.435290e-01    9.189626e+02    4.068500e+02
    7.443229e-01    9.203787e+02    4.078989e+02
    7.451167e-01    9.217960e+02    4.089490e+02
    7.459106e-01    9.232143e+02    4.100002e+02
    7.467045e-01    9.246338e+02    4.110526e+02
    7.474983e-01    9.260544e+02    4.121063e+02
    7.482922e-01    9.274761e+02    4.131611e+02
    7.490861e-01    9.288990e+02    4.142171e+02
    7.498799e-01    9.303229e+02    4.152743e+02
    7.506738e-01    9.317480e+02    4.163327e+02
    7.514676e-01    9.331742e+02    4.173923e+02
    7.522615e-01    9.346015e+02    4.184531e+02
    7.530554e-01    9.360300e+02    4.195151e+02
    7.538492e-01    9.374595e+02    4.205783e+02
    7.546431e-01    9.388902e+02    4.216426e+02
    7.554370e-01    9.403220e+02    4.227082e+02
    7.562308e-01    9.417549e+02    4.237749e+02
    7.570247e-01    9.431890e+02    4.248428e+02
    7.578185e-01    9.446241e+02    4.259119e+02
    7.586124e-01    9.460604e+02    4.269823e+02
    7.594063e-01    9.474978e+02    4.280537e+02
    7.602001e-01    9.489363e+02    4.291264e+02
    7.609940e-01    9.503760e+02    4.302003e+02
    7.617879e-01    9.518168e+02    4.312753e+02
    7.625817e-01    9.532586e+02    4.323516e+02
    7.633756e-01    9.547017e+02    4.334290e+02
    7.641694e-01    9.561458e+02    4.345076e+02
    7.649633e-01    9.575910e+02    4.355874e+02
    7.657572e-01    9.590374e+02    4.366684e+02
    7.665510e-01    9.604849e+02    4.377505e+02
    7.673449e-01    9.619335e+02    4.388339e+02
    7.681388e-01    9.633832e+02    4.399184e+02
    7.689326e-01    9.648341e+02    4.410041e+02
    7.697265e-01    9.662861e+02    4.420910e+02
    7.705203e-01    9.677392e+02    4.431791e+02
    7.713142e-01    9.691934e+02    4.442684e+02
    7.721081e-01    9.706487e+02    4.453588e+02
    7.729019e-01    9.721052e+02    4.464504e+02
    7.736958e-01    9.735628e+02    4.475432e+02
    7.744897e-01    9.750215e+02    4.486372e+02
    7.752835e-01    9.764813e+02    4.497324e+02
    7.760774e-01    9.779423e+02    4.508287e+02
    7.768712e-01    9.794044e+02    4.519263e+02
    7.776651e-01    9.808676e+02    4.530250e+02
    7.784590e-01    9.823319e+02    4.541248e+02
    7.792528e-01    9.837973e+02    4.552259e+02
    7.800467e-01    9.852639e+02    4.563282e+02
    7.808406e-01    9.867316e+02    4.574316e+02
    7.816344e-01    9.882004e+02    4.585362e+02
    7.824283e-01    9.896703e+02    4.596419e+02
    7.832221e-01    9.911414e+02    4.607489e+02
    7.840160e-01    9.926135e+02    4.618570e+02
    7.848099e-01    9.940868e+02    4.629663e+02
    7.856037e-01    9.955613e+02    4.640768e+02
    7.863976e-01    9.970368e+02    4.651885e+02
    7.871915e-01    9.985135e+02    4.663013e+02
    7.879853e-01    9.999913e+02    4.674153e+02
    7.887792e-01    1.001470e+03    4.685305e+02
    7.895730e-01    1.002950e+03    4.696469e+02
    7.903669e-01    1.004431e+03    4.707644e+02
    7.911608e-01    1.005914e+03    4.718831e+02
    7.919546e-01    1.007397e+03    4.730030e+02
    7.927485e-01    1.008882e+03    4.741240e+02
    7.935424e-01    1.010367e+03    4.752463e+02
    7.943362e-01    1.011854e+03    4.763697e+02
    7.951301e-01    1.013342e+03    4.774942e+02
    7.959239e-01    1.014831e+03    4.786200e+02
    7.967178e-01    1.016321e+03    4.797469e+02
    7.975117e-01    1.017812e+03    4.808750e+02
    7.983055e-01    1.019305e+03    4.820042e+02
    7.990994e-01    1.020798e+03    4.831347e+02
    7.998933e-01    1.022293e+03    4.842663e+02
    8.006871e-01    1.023789e+03    4.853990e+02
    8.014810e-01    1.025286e+03    4.865330e+02
    8.022748e-01    1.026784e+03    4.876681e+02
    8.030687e-01    1.028283e+03    4.888044e+02
    8.038626e-01    1.029783e+03    4.899418e+02
    8.046564e-01    1.031284e+03    4.910804e+02
    8.054503e-01    1.032787e+03    4.922202e+02
    8.062442e-01    1.034290e+03    4.933612e+02
    8.070380e-01    1.035795e+03    4.945033e+02
    8.078319e-01    1.037301e+03    4.956466e+02
    8.086258e-01    1.038808e+03    4.967910e+02
    8.094196e-01    1.040316e+03    4.979366e+02
    8.102135e-01    1.041825e+03    4.990834e+02
    8.110073e-01    1.043336e+03    5.002314e+02
    8.118012e-01    1.044847e+03    5.013805e+02
    8.125951e-01    1.046360e+03    5.025308e+02
    8.133889e-01    1.047874e+03    5.036822e+02
    8.141828e-01    1.049389e+03    5.048348e+02
    8.149767e-01    1.050905e+03    5.059886e+02
    8.157705e-01    1.052422e+03    5.071436e+02
    8.165644e-01    1.053940e+03    5.082997e+02
    8.173582e-01    1.055459e+03    5.094569e+02
    8.181521e-01    1.056980e+03    5.106154e+02
    8.189460e-01    1.058501e+03    5.117750e+02
    8.197398e-01    1.060024e+03    5.129357e+02
    8.205337e-01    1.061548e+03    5.140977e+02
    8.213276e-01    1.063073e+03    5.152608e+02
    8.221214e-01    1.064599e+03    5.164250e+02
    8.229153e-01    1.066126e+03    5.175904e+02
    8.237091e-01    1.067655e+03    5.187570e+02
    8.245030e-01    1.069184e+03    5.199247e+02
    8.252969e-01    1.070715e+03    5.210936e+02
    8.260907e-01    1.072247e+03    5.222637e+02
    8.268846e-01    1.073779e+03    5.234349e+02
    8.276785e-01    1.075313e+03    5.246073e+02
    8.284723e-01    1.076849e+03    5.257808e+02
    8.292662e-01    1.078385e+03    5.269555e+02
    8.300600e-01    1.079922e+03    5.281314e+02
    8.308539e-01    1.081461e+03    5.293084e+02
    8.316478e-01    1.083000e+03    5.304866e+02
    8.324416e-01    1.084541e+03    5.316659e+02
    8.332355e-01    1.086083e+03    5.328464e+02
    8.340294e-01    1.087626e+03    5.340280e+02
    8.348232e-01    1.089170e+03    5.352109e+02
    8.356171e-01    1.090715e+03    5.363948e+02
    8.364109e-01    1.092262e+03    5.375799e+02
    8.372048e-01    1.093809e+03    5.387662e+02
    8.379987e-01    1.095358e+03    5.399537e+02
    8.387925e-01    1.096907e+03    5.411423e+02
    8.395864e-01    1.098458e+03    5.423320e+02
    8.403803e-01    1.100010e+03    5.435229e+02
    8.411741e-01    1.101563e+03    5.447150e+02
    8.419680e-01    1.103118e+03    5.459082e+02
    8.427618e-01    1.104673e+03    5.471026e+02
    8.435557e-01    1.106230e+03    5.482981e+02
    8.443496e-01    1.107787e+03    5.494948e+02
    8.451434e-01    1.109346e+03    5.506926e+02
    8.459373e-01    1.110906e+03    5.518916e+02
    8.467312e-01    1.112467e+03    5.530918e+02
    8.475250e-01    1.114029e+03    5.542931e+02
    8.483189e-01    1.115592e+03    5.554955e+02
    8.491127e-01    1.117157e+03    5.566991e+02
    8.499066e-01    1.118722e+03    5.579039e+02
    8.507005e-01    1.120289e+03    5.591098e+02
    8.514943e-01    1.121856e+03    5.603169e+02
    8.522882e-01    1.123425e+03    5.615251e+02
    8.530821e-01    1.124995e+03    5.627345e+02
    8.538759e-01    1.126566e+03    5.639450e+02
    8.546698e-01    1.128139e+03    5.651567e+02
    8.554636e-01    1.129712e+03    5.663695e+02
    8.562575e-01    1.131287e+03    5.675835e+02
    8.570514e-01    1.132862e+03    5.687986e+02
    8.578452e-01    1.134439e+03    5.700149e+02
    8.586391e-01    1.136017e+03    5.712323e+02
    8.594330e-01    1.137596e+03    5.724509e+02
    8.602268e-01    1.139176e+03    5.736706e+02
    8.610207e-01    1.140757e+03    5.748915e+02
    8.618145e-01    1.142340e+03    5.761135e+02
    8.626084e-01    1.143923e+03    5.773367e+02
    8.634023e-01    1.145508e+03    5.785610e+02
    8.641961e-01    1.147094e+03    5.797865e+02
    8.649900e-01    1.148681e+03    5.810131e+02
    8.657839e-01    1.150269e+03    5.822409e+02
    8.665777e-01    1.151858e+03    5.834698e+02
    8.673716e-01    1.153448e+03    5.846999e+02
    8.681654e-01    1.155039e+03    5.859311e+02
    8.689593e-01    1.156632e+03    5.871635e+02
    8.697532e-01    1.158226e+03    5.883970e+02
    8.705470e-01    1.159820e+03    5.896317e+02
    8.713409e-01    1.161416e+03    5.908675e+02
    8.721348e-01    1.163013e+03    5.921044e+02
    8.729286e-01    1.164612e+03    5.933425e+02
    8.737225e-01    1.166211e+03    5.945818e+02
    8.745163e-01    1.167811e+03    5.958222e+02
    8.753102e-01    1.169413e+03    5.970637e+02
    8.761041e-01    1.171015e+03    5.983064e+02
    8.768979e-01    1.172619e+03    5.995502e+02
    8.776918e-01    1.174224e+03    6.007952e+02
    8.784857e-01    1.175830e+03    6.020413e+02
    8.792795e-01    1.177437e+03    6.032886e+02
    8.800734e-01    1.179046e+03    6.045370e+02
    8.808672e-01    1.180655e+03    6.057865e+02
    8.816611e-01    1.182266e+03    6.070372e+02
    8.824550e-01    1.183877e+03    6.082891e+02
    8.832488e-01    1.185490e+03    6.095421e+02
    8.840427e-01    1.187104e+03    6.107962e+02
    8.848366e-01    1.188719e+03    6.120515e+02
    8.856304e-01    1.190335e+03    6.133079e+02
    8.864243e-01    1.191953e+03    6.145654e+02
    8.872181e-01    1.193571e+03    6.158241e+02
    8.880120e-01    1.195191e+03    6.170840e+02
    8.888059e-01    1.196811e+03    6.183449e+02
    8.895997e-01    1.198433e+03    6.196071e+02
    8.903936e-01    1.200056e+03    6.208703e+02
    8.911875e-01    1.201680e+03    6.221347e+02
    8.919813e-01    1.203305e+03    6.234003e+02
    8.927752e-01    1.204932e+03    6.246670e+02
    8.935690e-01    1.206559e+03    6.259348e+02
    8.943629e-01    1.208188e+03    6.272038e+02
    8.951568e-01    1.209818e+03    6.284739e+02
    8.959506e-01    1.211448e+03    6.297452e+02
    8.967445e-01    1.213080e+03    6.310175e+02
    8.975384e-01    1.214713e+03    6.322911e+02
    8.983322e-01    1.216348e+03    6.335658e+02
    8.991261e-01    1.217983e+03    6.348416e+02
    8.999199e-01    1.219619e+03    6.361185e+02
    9.007138e-01    1.221257e+03    6.373966e+02
    9.015077e-01    1.222896e+03    6.386758e+02
    9.023015e-01    1.224536e+03    6.399562e+02
    9.030954e-01    1.226177e+03    6.412377e+02
    9.038893e-01    1.227819e+03    6.425204e+02
    9.046831e-01    1.229462e+03    6.438041e+02
    9.054770e-01    1.231106e+03    6.450891e+02
    9.062708e-01    1.232752e+03    6.463751e+02
    9.070647e-01    1.234398e+03    6.476623e+02
    9.078586e-01    1.236046e+03    6.489507e+02
    9.086524e-01    1.237695e+03    6.502401e+02
    9.094463e-01    1.239345e+03    6.515307e+02
    9.102402e-01    1.240996e+03    6.528225e+02
    9.110340e-01    1.242648e+03    6.541154e+02
    9.118279e-01    1.244302e+03    6.554094e+02
    9.126217e-01    1.245956e+03    6.567045e+02
    9.134156e-01    1.247612e+03    6.580008e+02
    9.142095e-01    1.249269e+03    6.592983e+02
    9.150033e-01    1.250927e+03    6.605968e+02
    9.157972e-01    1.252586e+03    6.618965e+02
    9.165911e-01    1.254246e+03    6.631974e+02
    9.173849e-01    1.255907e+03    6.644993e+02
    9.181788e-01    1.257569e+03    6.658024e+02
    9.189726e-01    1.259233e+03    6.671067e+02
    9.197665e-01    1.260898e+03    6.684120e+02
    9.205604e-01    1.262563e+03    6.697185e+02
    9.213542e-01    1.264230e+03    6.710262e+02
    9.221481e-01    1.265898e+03    6.723350e+02
    9.229420e-01    1.267567e+03    6.736449e+02
    9.237358e-01    1.269238e+03    6.749559e+02
    9.245297e-01    1.270909e+03    6.762681e+02
    9.253235e-01    1.272582e+03    6.775814e+02
    9.261174e-01    1.274255e+03    6.788959e+02
    9.269113e-01    1.275930e+03    6.802114e+02
    9.277051e-01    1.277606e+03    6.815281e+02
    9.284990e-01    1.279283e+03    6.828460e+02
    9.292929e-01    1.280961e+03    6.841650e+02
    9.300867e-01    1.282641e+03    6.854851e+02
    9.308806e-01    1.284321e+03    6.868063e+02
    9.316744e-01    1.286003e+03    6.881287e+02
    9.324683e-01    1.287685e+03    6.894522e+02
    9.332622e-01    1.289369e+03    6.907768e+02
    9.340560e-01    1.291054e+03    6.921026e+02
    9.348499e-01    1.292740e+03    6.934295e+02
    9.356438e-01    1.294427e+03    6.947575e+02
    9.364376e-01    1.296116e+03    6.960867e+02
    9.372315e-01    1.297805e+03    6.974170e+02
    9.380254e-01    1.299496e+03    6.987484e+02
    9.388192e-01    1.301187e+03    7.000809e+02
    9.396131e-01    1.302880e+03    7.014146e+02
    9.404069e-01    1.304574e+03    7.027494e+02
    9.412008e-01    1.306269e+03    7.040854e+02
    9.419947e-01    1.307965e+03    7.054225e+02
    9.427885e-01    1.309663e+03    7.067607e+02
    9.435824e-01    1.311361e+03    7.081000e+02
    9.443763e-01    1.313061e+03    7.094405e+02
    9.451701e-01    1.314761e+03    7.107820e+02
    9.459640e-01    1.316463e+03    7.121248e+02
    9.467578e-01    1.318166e+03    7.134686e+02
    9.475517e-01    1.319870e+03    7.148136e+02
    9.483456e-01    1.321576e+03    7.161597e+02
    9.491394e-01    1.323282e+03    7.175069e+02
    9.499333e-01    1.324989e+03    7.188553e+02
    9.507272e-01    1.326698e+03    7.202048e+02
    9.515210e-01    1.328408e+03    7.215554e+02
    9.523149e-01    1.330119e+03    7.229072e+02
    9.531087e-01    1.331831e+03    7.242600e+02
    9.539026e-01    1.333544e+03    7.256140e+02
    9.546965e-01    1.335258e+03    7.269692e+02
    9.554903e-01    1.336973e+03    7.283254e+02
    9.562842e-01    1.338690e+03    7.296828e+02
    9.570781e-01    1.340408e+03    7.310413e+02
    9.578719e-01    1.342126e+03    7.324009e+02
    9.586658e-01    1.343846e+03    7.337617e+02
    9.594596e-01    1.345567e+03    7.351236e+02
    9.602535e-01    1.347289e+03    7.364866e+02
    9.610474e-01    1.349013e+03    7.378508e+02
    9.618412e-01    1.350737e+03    7.392160e+02
    9.626351e-01    1.352463e+03    7.405824e+02
    9.634290e-01    1.354189e+03    7.419499e+02
    9.642228e-01    1.355917e+03    7.433186e+02
    9.650167e-01    1.357646e+03    7.446883e+02
    9.658105e-01    1.359376e+03    7.460592e+02
    9.666044e-01    1.361107e+03    7.474313e+02
    9.673983e-01    1.362839e+03    7.488044e+02
    9.681921e-01    1.364573e+03    7.501787e+02
    9.689860e-01    1.366307e+03    7.515541e+02
    9.697799e-01    1.368043e+03    7.529306e+02
    9.705737e-01    1.369780e+03    7.543082e+02
    9.713676e-01    1.371518e+03    7.556870e+02
    9.721614e-01    1.373257e+03    7.570669e+02
    9.729553e-01    1.374997e+03    7.584479e+02
    9.737492e-01    1.376738e+03    7.598300e+02
    9.745430e-01    1.378481e+03    7.612133e+02
    9.753369e-01    1.380224e+03    7.625977e+02
    9.761308e-01    1.381969e+03    7.639832e+02
    9.769246e-01    1.383715e+03    7.653698e+02
    9.777185e-01    1.385462e+03    7.667576e+02
    9.785123e-01    1.387210e+03    7.681465e+02
    9.793062e-01    1.388959e+03    7.695365e+02
    9.801001e-01    1.390709e+03    7.709276e+02
    9.808939e-01    1.392461e+03    7.723198e+02
    9.816878e-01    1.394213e+03    7.737132e+02
    9.824817e-01    1.395967e+03    7.751077e+02
    9.832755e-01    1.397722e+03    7.765033e+02
    9.840694e-01    1.399478e+03    7.779000e+02
    9.848632e-01    1.401235e+03    7.792979e+02
    9.856571e-01    1.402993e+03    7.806969e+02
    9.864510e-01    1.404752e+03    7.820970e+02
    9.872448e-01    1.406513e+03    7.834982e+02
    9.880387e-01    1.408274e+03    7.849005e+02
    9.888326e-01    1.410037e+03    7.863040e+02
    9.896264e-01    1.411801e+03    7.877086e+02
    9.904203e-01    1.413566e+03    7.891143e+02
    9.912141e-01    1.415332e+03    7.905211e+02
    9.920080e-01    1.417099e+03    7.919291e+02
    9.928019e-01    1.418868e+03    7.933381e+02
    9.935957e-01    1.420637e+03    7.947483e+02
    9.943896e-01    1.422408e+03    7.961596e+02
    9.951835e-01    1.424179e+03    7.975720e+02
    9.959773e-01    1.425952e+03    7.989856e+02
    9.967712e-01    1.427726e+03    8.004002e+02
    9.975650e-01    1.429501e+03    8.018160e+02
    9.983589e-01    1.431278e+03    8.032329e+02
    9.991528e-01    1.433055e+03    8.046510e+02
    9.999466e-01    1.434834e+03    8.060701e+02
    1.000740e+00    1.436613e+03    8.074904e+02
    1.001534e+00    1.438394e+03    8.089117e+02
    1.002328e+00    1.440176e+03    8.103342e+02
    1.003122e+00    1.441959e+03    8.117579e+02
    1.003916e+00    1.443743e+03    8.131826e+02
    1.004710e+00    1.445528e+03    8.146085e+02
    1.005504e+00    1.447315e+03    8.160354e+02
    1.006298e+00    1.449102e+03    8.174635e+02
    1.007091e+00    1.450891e+03    8.188927e+02
    1.007885e+00    1.452681e+03    8.203231e+02
    1.008679e+00    1.454471e+03    8.217545e+02
    1.009473e+00    1.456264e+03    8.231871e+02
    1.010267e+00    1.458057e+03    8.246207e+02
    1.011061e+00    1.459851e+03    8.260555e+02
    1.011855e+00    1.461646e+03    8.274915e+02
    1.012648e+00    1.463443e+03    8.289285e+02
    1.013442e+00    1.465241e+03    8.303666e+02
    1.014236e+00    1.467039e+03    8.318059e+02
    1.015030e+00    1.468839e+03    8.332463e+02
    1.015824e+00    1.470640e+03    8.346878e+02
    1.016618e+00    1.472442e+03    8.361304e+02
    1.017412e+00    1.474246e+03    8.375741e+02
    1.018205e+00    1.476050e+03    8.390190e+02
    1.018999e+00    1.477856e+03    8.404650e+02
    1.019793e+00    1.479662e+03    8.419120e+02
    1.020587e+00    1.481470e+03    8.433602e+02
    1.021381e+00    1.483279e+03    8.448096e+02
    1.022175e+00    1.485089e+03    8.462600e+02
    1.022969e+00    1.486900e+03    8.477115e+02
    1.023763e+00    1.488713e+03    8.491642e+02
    1.024556e+00    1.490526e+03    8.506180e+02
    1.025350e+00    1.492341e+03    8.520729e+02
    1.026144e+00    1.494156e+03    8.535289e+02
    1.026938e+00    1.495973e+03    8.549860e+02
    1.027732e+00    1.497791e+03    8.564442e+02
    1.028526e+00    1.499610e+03    8.579036e+02
    1.029320e+00    1.501430e+03    8.593640e+02
    1.030113e+00    1.503252e+03    8.608256e+02
    1.030907e+00    1.505074e+03    8.622883e+02
    1.031701e+00    1.506898e+03    8.637521e+02
    1.032495e+00    1.508722e+03    8.652170e+02
    1.033289e+00    1.510548e+03    8.666831e+02
    1.034083e+00    1.512375e+03    8.681502e+02
    1.034877e+00    1.514203e+03    8.696185e+02
    1.035670e+00    1.516033e+03    8.710879e+02
    1.036464e+00    1.517863e+03    8.725584e+02
    1.037258e+00    1.519694e+03    8.740300e+02
    1.038052e+00    1.521527e+03    8.755027e+02
    1.038846e+00    1.523361e+03    8.769765e+02
    1.039640e+00    1.525196e+03    8.784515e+02
    1.040434e+00    1.527032e+03    8.799275e+02
    1.041227e+00    1.528869e+03    8.814047e+02
    1.042021e+00    1.530707e+03    8.828830e+02
    1.042815e+00    1.532546e+03    8.843624e+02
    1.043609e+00    1.534387e+03    8.858429e+02
    1.044403e+00    1.536228e+03    8.873245e+02
    1.045197e+00    1.538071e+03    8.888073e+02
    1.045991e+00    1.539915e+03    8.902911e+02
    1.046785e+00    1.541760e+03    8.917761e+02
    1.047578e+00    1.543606e+03    8.932621e+02
    1.048372e+00    1.545453e+03    8.947493e+02
    1.049166e+00    1.547302e+03    8.962376e+02
    1.049960e+00    1.549151e+03    8.977270e+02
    1.050754e+00    1.551002e+03    8.992175e+02
    1.051548e+00    1.552853e+03    9.007092e+02
    1.052342e+00    1.554706e+03    9.022019e+02
    1.053135e+00    1.556560e+03    9.036958e+02
    1.053929e+00    1.558415e+03    9.051907e+02
    1.054723e+00    1.560272e+03    9.066868e+02
    1.055517e+00    1.562129e+03    9.081840e+02
    1.056311e+00    1.563988e+03    9.096823e+02
    1.057105e+00    1.565847e+03    9.111817e+02
    1.057899e+00    1.567708e+03    9.126822e+02
    1.058692e+00    1.569570e+03    9.141838e+02
    1.059486e+00    1.571433e+03    9.156866e+02
    1.060280e+00    1.573297e+03    9.171904e+02
    1.061074e+00    1.575162e+03    9.186954e+02
    1.061868e+00    1.577029e+03    9.202015e+02
    1.062662e+00    1.578896e+03    9.217086e+02
    1.063456e+00    1.580765e+03    9.232169e+02
    1.064249e+00    1.582635e+03    9.247263e+02
    1.065043e+00    1.584505e+03    9.262368e+02
    1.065837e+00    1.586378e+03    9.277485e+02
    1.066631e+00    1.588251e+03    9.292612e+02
    1.067425e+00    1.590125e+03    9.307750e+02
    1.068219e+00    1.592000e+03    9.322900e+02
    1.069013e+00    1.593877e+03    9.338060e+02
    1.069807e+00    1.595755e+03    9.353232e+02
    1.070600e+00    1.597633e+03    9.368415e+02
    1.071394e+00    1.599513e+03    9.383609e+02
    1.072188e+00    1.601394e+03    9.398814e+02
    1.072982e+00    1.603276e+03    9.414030e+02
    1.073776e+00    1.605160e+03    9.429257e+02
    1.074570e+00    1.607044e+03    9.444495e+02
    1.075364e+00    1.608930e+03    9.459744e+02
    1.076157e+00    1.610816e+03    9.475004e+02
    1.076951e+00    1.612704e+03    9.490276e+02
    1.077745e+00    1.614593e+03    9.505558e+02
    1.078539e+00    1.616483e+03    9.520852e+02
    1.079333e+00    1.618374e+03    9.536157e+02
    1.080127e+00    1.620266e+03    9.551473e+02
    1.080921e+00    1.622160e+03    9.566799e+02
    1.081714e+00    1.624054e+03    9.582137e+02
    1.082508e+00    1.625950e+03    9.597486e+02
    1.083302e+00    1.627847e+03    9.612846e+02
    1.084096e+00    1.629745e+03    9.628218e+02
    1.084890e+00    1.631644e+03    9.643600e+02
    1.085684e+00    1.633544e+03    9.658993e+02
    1.086478e+00    1.635445e+03    9.674397e+02
    1.087272e+00    1.637348e+03    9.689813e+02
    1.088065e+00    1.639251e+03    9.705239e+02
    1.088859e+00    1.641156e+03    9.720677e+02
    1.089653e+00    1.643062e+03    9.736126e+02
    1.090447e+00    1.644969e+03    9.751585e+02
    1.091241e+00    1.646877e+03    9.767056e+02
    1.092035e+00    1.648786e+03    9.782538e+02
    1.092829e+00    1.650696e+03    9.798031e+02
    1.093622e+00    1.652608e+03    9.813535e+02
    1.094416e+00    1.654520e+03    9.829050e+02
    1.095210e+00    1.656434e+03    9.844576e+02
    1.096004e+00    1.658349e+03    9.860113e+02
    1.096798e+00    1.660265e+03    9.875661e+02
    1.097592e+00    1.662182e+03    9.891220e+02
    1.098386e+00    1.664100e+03    9.906791e+02
    1.099179e+00    1.666019e+03    9.922372e+02
    1.099973e+00    1.667940e+03    9.937964e+02
    1.100767e+00    1.669861e+03    9.953568e+02
    1.101561e+00    1.671784e+03    9.969183e+02
    1.102355e+00    1.673708e+03    9.984808e+02
    1.103149e+00    1.675633e+03    1.000044e+03
    1.103943e+00    1.677559e+03    1.001609e+03
    1.104736e+00    1.679486e+03    1.003175e+03
    1.105530e+00    1.681414e+03    1.004742e+03
    1.106324e+00    1.683344e+03    1.006310e+03
    1.107118e+00    1.685274e+03    1.007879e+03
    1.107912e+00    1.687206e+03    1.009450e+03
    1.108706e+00    1.689139e+03    1.011021e+03
    1.109500e+00    1.691073e+03    1.012594e+03
    1.110294e+00    1.693008e+03    1.014167e+03
    1.111087e+00    1.694944e+03    1.015742e+03
    1.111881e+00    1.696881e+03    1.017318e+03
    1.112675e+00    1.698820e+03    1.018895e+03
    1.113469e+00    1.700759e+03    1.020473e+03
    1.114263e+00    1.702700e+03    1.022052e+03
    1.115057e+00    1.704642e+03    1.023632e+03
    1.115851e+00    1.706585e+03    1.025213e+03
    1.116644e+00    1.708529e+03    1.026796e+03
    1.117438e+00    1.710474e+03    1.028379e+03
    1.118232e+00    1.712421e+03    1.029964e+03
    1.119026e+00    1.714368e+03    1.031550e+03
    1.119820e+00    1.716317e+03    1.033137e+03
    1.120614e+00    1.718266e+03    1.034725e+03
    1.121408e+00    1.720217e+03    1.036314e+03
    1.122201e+00    1.722169e+03    1.037904e+03
    1.122995e+00    1.724122e+03    1.039495e+03
    1.123789e+00    1.726076e+03    1.041087e+03
    1.124583e+00    1.728032e+03    1.042681e+03
    1.125377e+00    1.729988e+03    1.044275e+03
    1.126171e+00    1.731946e+03    1.045871e+03
    1.126965e+00    1.733904e+03    1.047468e+03
    1.127759e+00    1.735864e+03    1.049066e+03
    1.128552e+00    1.737825e+03    1.050665e+03
    1.129346e+00    1.739787e+03    1.052265e+03
    1.130140e+00    1.741751e+03    1.053866e+03
    1.130934e+00    1.743715e+03    1.055468e+03
    1.131728e+00    1.745680e+03    1.057072e+03
    1.132522e+00    1.747647e+03    1.058676e+03
    1.133316e+00    1.749615e+03    1.060282e+03
    1.134109e+00    1.751583e+03    1.061888e+03
    1.134903e+00    1.753553e+03    1.063496e+03
    1.135697e+00    1.755524e+03    1.065105e+03
    1.136491e+00    1.757497e+03    1.066715e+03
    1.137285e+00    1.759470e+03    1.068326e+03
    1.138079e+00    1.761444e+03    1.069938e+03
    1.138873e+00    1.763420e+03    1.071552e+03
    1.139666e+00    1.765397e+03    1.073166e+03
    1.140460e+00    1.767375e+03    1.074782e+03
    1.141254e+00    1.769354e+03    1.076398e+03
    1.142048e+00    1.771334e+03    1.078016e+03
    1.142842e+00    1.773315e+03    1.079635e+03
    1.143636e+00    1.775297e+03    1.081255e+03
    1.144430e+00    1.777281e+03    1.082876e+03
    1.145223e+00    1.779265e+03    1.084498e+03
    1.146017e+00    1.781251e+03    1.086121e+03
    1.146811e+00    1.783238e+03    1.087745e+03
    1.147605e+00    1.785226e+03    1.089371e+03
    1.148399e+00    1.787215e+03    1.090997e+03
    1.149193e+00    1.789205e+03    1.092625e+03
    1.149987e+00    1.791196e+03    1.094254e+03
    1.150781e+00    1.793189e+03    1.095884e+03
    1.151574e+00    1.795182e+03    1.097514e+03
    1.152368e+00    1.797177e+03    1.099146e+03
    1.153162e+00    1.799173e+03    1.100780e+03
    1.153956e+00    1.801170e+03    1.102414e+03
    1.154750e+00    1.803168e+03    1.104049e+03
    1.155544e+00    1.805167e+03    1.105686e+03
    1.156338e+00    1.807167e+03    1.107323e+03
    1.157131e+00    1.809169e+03    1.108962e+03
    1.157925e+00    1.811171e+03    1.110601e+03
    1.158719e+00    1.813175e+03    1.112242e+03
    1.159513e+00    1.815180e+03    1.113884e+03
    1.160307e+00    1.817186e+03    1.115527e+03
    1.161101e+00    1.819193e+03    1.117171e+03
    1.161895e+00    1.821201e+03    1.118816e+03
    1.162688e+00    1.823211e+03    1.120463e+03
    1.163482e+00    1.825221e+03    1.122110e+03
    1.164276e+00    1.827233e+03    1.123759e+03
    1.165070e+00    1.829245e+03    1.125408e+03
    1.165864e+00    1.831259e+03    1.127059e+03
    1.166658e+00    1.833274e+03    1.128711e+03
    1.167452e+00    1.835290e+03    1.130364e+03
    1.168245e+00    1.837307e+03    1.132018e+03
    1.169039e+00    1.839326e+03    1.133673e+03
    1.169833e+00    1.841345e+03    1.135329e+03
    1.170627e+00    1.843366e+03    1.136986e+03
    1.171421e+00    1.845387e+03    1.138645e+03
    1.172215e+00    1.847410e+03    1.140304e+03
    1.173009e+00    1.849434e+03    1.141965e+03
    1.173803e+00    1.851459e+03    1.143627e+03
    1.174596e+00    1.853485e+03    1.145289e+03
    1.175390e+00    1.855513e+03    1.146953e+03
    1.176184e+00    1.857541e+03    1.148618e+03
    1.176978e+00    1.859571e+03    1.150284e+03
    1.177772e+00    1.861601e+03    1.151951e+03
    1.178566e+00    1.863633e+03    1.153620e+03
    1.179360e+00    1.865666e+03    1.155289e+03
    1.180153e+00    1.867700e+03    1.156960e+03
    1.180947e+00    1.869735e+03    1.158631e+03
    1.181741e+00    1.871772e+03    1.160304e+03
    1.182535e+00    1.873809e+03    1.161978e+03
    1.183329e+00    1.875848e+03    1.163652e+03
    1.184123e+00    1.877887e+03    1.165328e+03
    1.184917e+00    1.879928e+03    1.167005e+03
    1.185710e+00    1.881970e+03    1.168684e+03
    1.186504e+00    1.884013e+03    1.170363e+03
    1.187298e+00    1.886057e+03    1.172043e+03
    1.188092e+00    1.888103e+03    1.173725e+03
    1.188886e+00    1.890149e+03    1.175407e+03
    1.189680e+00    1.892197e+03    1.177091e+03
    1.190474e+00    1.894245e+03    1.178776e+03
    1.191268e+00    1.896295e+03    1.180461e+03
    1.192061e+00    1.898346e+03    1.182148e+03
    1.192855e+00    1.900398e+03    1.183836e+03
    1.193649e+00    1.902451e+03    1.185526e+03
    1.194443e+00    1.904505e+03    1.187216e+03
    1.195237e+00    1.906561e+03    1.188907e+03
    1.196031e+00    1.908617e+03    1.190599e+03
    1.196825e+00    1.910675e+03    1.192293e+03
    1.197618e+00    1.912734e+03    1.193988e+03
    1.198412e+00    1.914794e+03    1.195683e+03
    1.199206e+00    1.916855e+03    1.197380e+03
    1.200000e+00    1.918917e+03    1.199078e+03
