0.001 0.0477851 0.0154118
0.0011 0.0542078 0.0175542
0.00121 0.0615015 0.0199948
0.001331 0.0697849 0.0227755
0.0014641 0.0791934 0.025944
0.00161051 0.0898809 0.0295549
0.00177156 0.102023 0.0336705
0.00194872 0.115818 0.0383622
0.00214359 0.131493 0.0437115
0.00235795 0.149307 0.0498117
0.00259374 0.169553 0.0567697
0.00285312 0.192568 0.0647077
0.00313843 0.218731 0.073766
0.00345227 0.248478 0.0841051
0.0037975 0.282304 0.0959095
0.00417725 0.320774 0.10939
0.00459497 0.364531 0.124791
0.00505447 0.414309 0.142389
0.00555992 0.470947 0.162506
0.00611591 0.535398 0.185511
0.0067275 0.608755 0.211828
0.00740025 0.692261 0.241945
0.00814027 0.787339 0.276426
0.0089543 0.895614 0.315922
0.00984973 1.01894 0.361181
0.0108347 1.15945 0.413071
0.0119182 1.31956 0.472594
0.01311 1.50206 0.540909
0.014421 1.71013 0.619357
0.0158631 1.94741 0.709496
0.0174494 2.21808 0.81313
0.0191943 2.52692 0.932356
0.0211138 2.87945 1.06961
0.0232252 3.28194 1.22772
0.0255477 3.74166 1.41
0.0281024 4.26693 1.62029
0.0309127 4.8673 1.86307
0.0340039 5.55381 2.14359
0.0374043 6.33911 2.46798
0.0411448 7.23784 2.84341
0.0452593 8.26683 3.27827
0.0497852 9.44552 3.78241
0.0547637 10.7964 4.36741
0.0602401 12.3453 5.04683
0.0662641 14.1224 5.83666
0.0728905 16.1624 6.75571
0.0801795 18.5055 7.82613
0.0881975 21.1985 9.07408
0.0970172 24.2955 10.5304
0.106719 27.8596 12.2316
0.117391 31.964 14.2209
0.12913 36.694 16.5493
0.142043 42.149 19.2774
0.156247 48.4448 22.4771
0.171872 55.7168 26.2335
0.189059 64.1231 30.6481
0.207965 73.8487 35.8414
0.228762 85.1103 41.9567
0.251638 98.1618 49.1648
0.276801 113.301 57.6692
0.304482 130.878 67.7128
0.33493 151.305 79.5852
0.368423 175.066 93.6326
0.405265 202.731 110.269
0.445792 234.973 129.988
0.490371 272.587 153.382
0.539408 316.511 181.16
0.593349 367.854 214.17
0.652683 427.932 253.43
0.717952 498.299 300.16
0.789747 580.803 355.823
0.868722 677.633 422.177
0.955594 791.393 501.33
1.05115 925.175 595.817
1.15627 1082.66 708.684
1.2719 1268.23 843.592
1.39908 1487.11 1004.94
1.53899 1745.53 1198.04
1.69289 2050.92 1429.25
1.86218 2412.15 1706.26
2.0484 2839.82 2038.3
2.25324 3346.63 2436.5
2.47856 3947.73 2914.29
2.72642 4661.28 3487.82
2.99906 5509.03 4176.58
3.29897 6517.04 5004.06
3.62887 7716.56 5998.59
3.99175 9145.08 7194.34
4.39093 10847.6 8632.52
4.83002 12878.1 10362.9
5.31302 15301.4 12445.4
5.84432 18195.6 14952.6
6.42876 21654.3 17972
7.07163 25790.3 21609
7.7788 30739 25991.1
8.55668 36663.7 31272.5
9.41234 43760.7 37639
10.3536 52266.4 45315.2
11.3889 62465.6 54572.5
12.5278 74701.4 65738.8
13.7806 89387.3 79210.2
15.1587 107021 95465.4
16.6745 128205 115083
18.342 153661 138762
20.1762 184266 167347
22.1938 221071 201859
24.4132 265349 243534
26.8545 318635 293864
29.54 382780 354653
32.494 460021 428083
35.7434 553057 516791
39.3177 665147 623966
43.2495 800226 753465
47.5744 963049 909951
52.3319 1.15936e+06 1.09906e+06
57.565 1.39608e+06 1.32762e+06
63.3215 1.68161e+06 1.60387e+06
69.6537 2.02606e+06 1.93779e+06
76.6191 2.44167e+06 2.34144e+06
84.281 2.94322e+06 2.82941e+06
92.7091 3.54858e+06 3.41934e+06
101.98 4.27935e+06 4.13259e+06
112.178 5.16161e+06 4.99497e+06
123.396 6.22693e+06 6.03771e+06
135.735 7.51344e+06 7.29858e+06
149.309 9.06726e+06 8.82328e+06
164.24 1.09441e+07 1.06671e+07
180.664 1.32114e+07 1.28969e+07
198.73 1.59507e+07 1.55935e+07
218.603 1.92604e+07 1.88548e+07
240.463 2.32598e+07 2.27992e+07
264.51 2.80929e+07 2.75699e+07
290.961 3.39339e+07 3.33401e+07
320.057 4.09937e+07 4.03194e+07
352.063 4.9527e+07 4.87613e+07
387.269 5.98421e+07 5.89727e+07
425.996 7.23118e+07 7.13246e+07
468.595 8.7387e+07 8.6266e+07
515.455 1.05613e+08 1.0434e+08
567 1.2765e+08 1.26204e+08
623.7 1.54294e+08 1.52653e+08
686.07 1.86513e+08 1.84649e+08
754.677 2.25472e+08 2.23356e+08
830.145 2.72585e+08 2.70182e+08
913.16 3.29559e+08 3.26831e+08
1004.48 3.98462e+08 3.95363e+08
1104.92 4.81793e+08 4.78274e+08
1215.42 5.82576e+08 5.78581e+08
1336.96 7.04471e+08 6.99934e+08
1470.65 8.51902e+08 8.46751e+08
1617.72 1.03023e+09 1.02438e+09
1779.49 1.24592e+09 1.23928e+09
1957.44 1.50682e+09 1.49928e+09
2153.18 1.82241e+09 1.81385e+09
2368.5 2.20416e+09 2.19444e+09
2605.35 2.66595e+09 2.65491e+09
2865.89 3.22456e+09 3.21203e+09
3152.47 3.90032e+09 3.88608e+09
3467.72 4.7178e+09 4.70163e+09
3814.49 5.70673e+09 5.68837e+09
4195.94 6.90309e+09 6.88225e+09
4615.54 8.35041e+09 8.32674e+09
5077.09 1.01014e+10 1.00745e+10
5584.8 1.22196e+10 1.21891e+10
6143.28 1.47823e+10 1.47477e+10
6757.61 1.78828e+10 1.78434e+10
7433.37 2.16337e+10 2.15891e+10
8176.71 2.61718e+10 2.61211e+10
8994.38 3.16623e+10 3.16046e+10
9893.82 3.83049e+10 3.82395e+10
10883.2 4.63416e+10 4.62673e+10
11971.5 5.60651e+10 5.59807e+10
13168.7 6.78293e+10 6.77335e+10
14485.5 8.20627e+10 8.1954e+10
15934.1 9.92838e+10 9.91603e+10
17527.5 1.2012e+11 1.19979e+11
19280.2 1.45329e+11 1.4517e+11
21208.3 1.7583e+11 1.75649e+11
23329.1 2.12734e+11 2.12529e+11
25662 2.57386e+11 2.57153e+11
28228.2 3.11411e+11 3.11146e+11
31051 3.76777e+11 3.76477e+11
34156.1 4.55867e+11 4.55526e+11
37571.7 5.51561e+11 5.51173e+11
41328.9 6.67345e+11 6.66905e+11
45461.8 8.07439e+11 8.06939e+11
50008 9.76945e+11 9.76378e+11
55008.8 1.18204e+12 1.1814e+12
60509.7 1.4302e+12 1.42946e+12
66560.6 1.73046e+12 1.72963e+12
73216.7 2.09376e+12 2.09282e+12
80538.4 2.53334e+12 2.53227e+12
88592.2 3.06523e+12 3.06401e+12
97451.4 3.70879e+12 3.70741e+12
107197 4.48748e+12 4.48591e+12
117916 5.42967e+12 5.42789e+12
129708 6.5697e+12 6.56768e+12
142679 7.94912e+12 7.94682e+12
156947 9.61817e+12 9.61557e+12
172641 1.16377e+13 1.16347e+13
189905 1.40813e+13 1.40779e+13
208896 1.7038e+13 1.70342e+13
229785 2.06155e+13 2.06112e+13
252764 2.49443e+13 2.49394e+13
278040 3.01821e+13 3.01765e+13
305844 3.65197e+13 3.65133e+13
336429 4.41881e+13 4.41809e+13
370072 5.34668e+13 5.34586e+13
407079 6.46939e+13 6.46846e+13
447787 7.82786e+13 7.8268e+13
492565 9.47159e+13 9.47039e+13
541822 1.14605e+14 1.14591e+14
596004 1.3867e+14 1.38655e+14
655605 1.67789e+14 1.67772e+14
721165 2.03023e+14 2.03003e+14
793281 2.45656e+14 2.45633e+14
872610 2.97241e+14 2.97215e+14
959871 3.59659e+14 3.5963e+14
1.05586e+06 4.35184e+14 4.35151e+14
1.16144e+06 5.26569e+14 5.26531e+14
1.27759e+06 6.37144e+14 6.37102e+14
1.40535e+06 7.7094e+14 7.70891e+14
1.54588e+06 9.32832e+14 9.32777e+14
1.70047e+06 1.12872e+15 1.12866e+15
1.87052e+06 1.36574e+15 1.36567e+15
2.05757e+06 1.65254e+15 1.65246e+15
2.26332e+06 1.99957e+15 1.99948e+15
2.48966e+06 2.41947e+15 2.41936e+15
2.73862e+06 2.92754e+15 2.92743e+15
3.01249e+06 3.54231e+15 3.54218e+15
3.31373e+06 4.28619e+15 4.28603e+15
3.64511e+06 5.18627e+15 5.1861e+15
4.00962e+06 6.27536e+15 6.27517e+15
4.41058e+06 7.59317e+15 7.59295e+15
4.85164e+06 9.18771e+15 9.18746e+15
5.3368e+06 1.11171e+16 1.11168e+16
5.87048e+06 1.34517e+16 1.34513e+16
6.45753e+06 1.62765e+16 1.62761e+16
7.10328e+06 1.96945e+16 1.96941e+16
7.81361e+06 2.38303e+16 2.38298e+16
8.59497e+06 2.88346e+16 2.88341e+16
9.45447e+06 3.48898e+16 3.48892e+16
1.03999e+07 4.22166e+16 4.22159e+16
1.14399e+07 5.1082e+16 5.10812e+16
1.25839e+07 6.18091e+16 6.18082e+16
1.38423e+07 7.47889e+16 7.47879e+16
1.52265e+07 9.04945e+16 9.04933e+16
1.67492e+07 1.09498e+17 1.09497e+17
1.84241e+07 1.32493e+17 1.32491e+17
2.02665e+07 1.60316e+17 1.60314e+17
2.22931e+07 1.93982e+17 1.9398e+17
2.45225e+07 2.34718e+17 2.34716e+17
2.69747e+07 2.84009e+17 2.84006e+17
2.96722e+07 3.4365e+17 3.43647e+17
3.26394e+07 4.15817e+17 4.15813e+17
3.59033e+07 5.03138e+17 5.03134e+17
3.94937e+07 6.08796e+17 6.08792e+17
4.3443e+07 7.36643e+17 7.36638e+17
4.77873e+07 8.91337e+17 8.91332e+17
5.25661e+07 1.07852e+18 1.07851e+18
5.78227e+07 1.30501e+18 1.305e+18
6.36049e+07 1.57906e+18 1.57905e+18
6.99654e+07 1.91066e+18 1.91065e+18
7.6962e+07 2.31189e+18 2.31188e+18
8.46582e+07 2.79739e+18 2.79738e+18
9.3124e+07 3.38484e+18 3.38483e+18
1.02436e+08 4.09566e+18 4.09564e+18
1.1268e+08 4.95574e+18 4.95573e+18
1.23948e+08 5.99645e+18 5.99643e+18
1.36343e+08 7.2557e+18 7.25568e+18
1.49977e+08 8.77939e+18 8.77937e+18
1.64975e+08 1.06231e+19 1.0623e+19
1.81472e+08 1.28539e+19 1.28539e+19
1.9962e+08 1.55532e+19 1.55532e+19
2.19581e+08 1.88194e+19 1.88194e+19
2.4154e+08 2.27715e+19 2.27714e+19
2.65694e+08 2.75535e+19 2.75534e+19
2.92263e+08 3.33397e+19 3.33396e+19
3.21489e+08 4.0341e+19 4.03409e+19
3.53638e+08 4.88126e+19 4.88125e+19
3.89002e+08 5.90633e+19 5.90632e+19
4.27902e+08 7.14665e+19 7.14664e+19
4.70692e+08 8.64745e+19 8.64744e+19
5.17762e+08 1.04634e+20 1.04634e+20
5.69538e+08 1.26607e+20 1.26607e+20
6.26492e+08 1.53195e+20 1.53195e+20
6.89141e+08 1.85366e+20 1.85365e+20
7.58055e+08 2.24292e+20 2.24292e+20
8.3386e+08 2.71394e+20 2.71394e+20
9.17246e+08 3.28386e+20 3.28386e+20
1.00897e+09 3.97348e+20 3.97347e+20
1.10987e+09 4.80791e+20 4.8079e+20
1.22085e+09 5.81757e+20 5.81756e+20
1.34294e+09 7.03925e+20 7.03925e+20
1.47723e+09 8.5175e+20 8.51749e+20
1.62496e+09 1.03062e+21 1.03062e+21
1.78745e+09 1.24705e+21 1.24705e+21
1.9662e+09 1.50893e+21 1.50893e+21
2.16282e+09 1.8258e+21 1.8258e+21
2.3791e+09 2.20922e+21 2.20922e+21
2.61701e+09 2.67315e+21 2.67315e+21
2.87871e+09 3.23452e+21 3.23452e+21
3.16658e+09 3.91377e+21 3.91376e+21
3.48324e+09 4.73566e+21 4.73565e+21
3.83157e+09 5.73014e+21 5.73014e+21
4.21472e+09 6.93347e+21 6.93347e+21
4.63619e+09 8.3895e+21 8.3895e+21
5.09981e+09 1.01513e+22 1.01513e+22
5.6098e+09 1.22831e+22 1.22831e+22
6.17078e+09 1.48625e+22 1.48625e+22
6.78785e+09 1.79836e+22 1.79836e+22
7.46664e+09 2.17602e+22 2.17602e+22
8.2133e+09 2.63298e+22 2.63298e+22
9.03463e+09 3.18591e+22 3.18591e+22
9.93809e+09 3.85495e+22 3.85495e+22
1.09319e+10 4.66449e+22 4.66449e+22
1.20251e+10 5.64404e+22 5.64404e+22
1.32276e+10 6.82928e+22 6.82928e+22
1.45504e+10 8.26343e+22 8.26343e+22
1.60054e+10 9.99875e+22 9.99875e+22
1.76059e+10 1.20985e+23 1.20985e+23
1.93665e+10 1.46392e+23 1.46392e+23
2.13032e+10 1.77134e+23 1.77134e+23
2.34335e+10 2.14332e+23 2.14332e+23
2.57769e+10 2.59342e+23 2.59342e+23
2.83545e+10 3.13804e+23 3.13804e+23
3.119e+10 3.79703e+23 3.79702e+23
3.4309e+10 4.5944e+23 4.5944e+23
3.77399e+10 5.55922e+23 5.55922e+23
4.15139e+10 6.72666e+23 6.72666e+23
4.56653e+10 8.13926e+23 8.13926e+23
5.02318e+10 9.8485e+23 9.8485e+23
5.5255e+10 1.19167e+24 1.19167e+24
6.07805e+10 1.44192e+24 1.44192e+24
6.68585e+10 1.74472e+24 1.74472e+24
7.35444e+10 2.11111e+24 2.11111e+24
8.08988e+10 2.55445e+24 2.55445e+24
8.89887e+10 3.09088e+24 3.09088e+24
9.78876e+10 3.73997e+24 3.73997e+24
