0.001 100.565 7.74217e-06
0.0011 110.622 9.08248e-06
0.00121 121.684 1.06551e-05
0.001331 133.852 1.25003e-05
0.0014641 147.237 1.46655e-05
0.00161051 161.961 1.72062e-05
0.00177156 178.157 2.01877e-05
0.00194872 195.973 2.36865e-05
0.00214359 215.57 2.77925e-05
0.00235795 237.127 3.26113e-05
0.00259374 260.84 3.82669e-05
0.00285312 286.924 4.49048e-05
0.00313843 315.616 5.26959e-05
0.00345227 347.178 6.1841e-05
0.0037975 381.896 7.25759e-05
0.00417725 420.085 8.51774e-05
0.00459497 462.094 9.99708e-05
0.00505447 508.303 0.000117338
0.00555992 559.134 0.000137729
0.00611591 615.047 0.000161669
0.0067275 676.552 0.000189779
0.00740025 744.207 0.000222786
0.00814027 818.628 0.000261547
0.0089543 900.49 0.000307066
0.00984973 990.539 0.000360524
0.0108347 1089.59 0.000423311
0.0119182 1198.55 0.000497057
0.01311 1318.41 0.000583683
0.014421 1450.25 0.000685442
0.0158631 1595.27 0.000804988
0.0174494 1754.8 0.000945438
0.0191943 1930.28 0.00111046
0.0211138 2123.31 0.00130436
0.0232252 2335.64 0.00153223
0.0255477 2569.21 0.00180001
0.0281024 2826.13 0.00211473
0.0309127 3108.74 0.00248465
0.0340039 3419.61 0.00291948
0.0374043 3761.58 0.00343066
0.0411448 4137.73 0.00403164
0.0452593 4551.51 0.00473826
0.0497852 5006.66 0.00556916
0.0547637 5507.32 0.0065463
0.0602401 6058.06 0.00769551
0.0662641 6663.86 0.00904723
0.0728905 7330.25 0.0106373
0.0801795 8063.28 0.012508
0.0881975 8869.61 0.0147089
0.0970172 9756.57 0.0172988
0.106719 10732.2 0.0203466
0.117391 11805.5 0.0239338
0.12913 12986 0.0281562
0.142043 14284.6 0.033127
0.156247 15713.1 0.0389795
0.171872 17284.4 0.0458709
0.189059 19012.8 0.0539866
0.207965 20914.1 0.0635455
0.228762 23005.5 0.0748056
0.251638 25306.1 0.0880714
0.276801 27836.7 0.103702
0.304482 30620.4 0.122123
0.33493 33682.4 0.143834
0.368423 37050.7 0.169426
0.405265 40755.8 0.199599
0.445792 44831.4 0.235177
0.490371 49314.6 0.277136
0.539408 54246 0.326627
0.593349 59670.7 0.385013
0.652683 65637.8 0.453901
0.717952 72201.6 0.535197
0.789747 79421.8 0.631151
0.868722 87364.1 0.744425
0.955594 96100.6 0.87817
1.05115 105711 1.03611
1.15627 116282 1.22266
1.2719 127910 1.44305
1.39908 140701 1.70346
1.53899 154772 2.01121
1.69289 170249 2.37498
1.86218 187274 2.80506
2.0484 206002 3.31364
2.25324 226603 3.91516
2.47856 249263 4.62675
2.72642 274190 5.46875
2.99906 301610 6.46524
3.29897 331771 7.64484
3.62887 364949 9.0415
3.99175 401445 10.6955
4.39093 441591 12.6547
4.83002 485751 14.976
5.31302 534328 17.7269
5.84432 587763 20.9875
6.42876 646542 24.8534
7.07163 711198 29.438
7.7788 782322 34.8759
8.55668 860557 41.3278
9.41234 946618 48.9844
10.3536 1.04128e+06 58.0729
11.3889 1.14542e+06 68.8638
12.5278 1.25997e+06 81.6788
13.7806 1.38597e+06 96.9016
15.1587 1.52458e+06 114.989
16.6745 1.67705e+06 136.485
18.342 1.84477e+06 162.039
20.1762 2.02927e+06 192.424
22.1938 2.23222e+06 228.563
24.4132 2.45546e+06 271.556
26.8545 2.70104e+06 322.715
29.54 2.97118e+06 383.608
32.494 3.26834e+06 456.104
35.7434 3.59522e+06 542.437
39.3177 3.9548e+06 645.272
43.2495 4.35035e+06 767.796
47.5744 4.78547e+06 913.814
52.3319 5.26412e+06 1087.88
57.565 5.79065e+06 1295.42
63.3215 6.36986e+06 1542.94
69.6537 7.00701e+06 1838.23
76.6191 7.70791e+06 2190.58
84.281 8.47894e+06 2611.13
92.7091 9.32712e+06 3113.19
101.98 1.02602e+07 3712.72
112.178 1.12866e+07 4428.8
123.396 1.24157e+07 5284.32
135.735 1.36579e+07 6306.67
149.309 1.50244e+07 7528.66
164.24 1.65276e+07 8989.64
180.664 1.81814e+07 10736.8
198.73 2.00007e+07 12826.5
218.603 2.20022e+07 15326.8
240.463 2.4204e+07 18318.8
264.51 2.66265e+07 21900
290.961 2.92915e+07 26187.6
320.057 3.22235e+07 31322
352.063 3.54493e+07 37471.8
387.269 3.89983e+07 44839.2
425.996 4.29031e+07 53667.5
468.595 4.71992e+07 64248.5
515.455 5.19262e+07 76932.7
567 5.71272e+07 92141.5
623.7 6.285e+07 110381
686.07 6.91471e+07 132260
754.677 7.60763e+07 158509
830.145 8.37013e+07 190007
913.16 9.20922e+07 227812
1004.48 1.01326e+08 273196
1104.92 1.11489e+08 327686
1215.42 1.22674e+08 393123
1336.96 1.34984e+08 471720
1470.65 1.48534e+08 566140
1617.72 1.6345e+08 679589
1779.49 1.79869e+08 815925
1957.44 1.97945e+08 979793
2153.18 2.17847e+08 1.17678e+06
2368.5 2.39761e+08 1.41363e+06
2605.35 2.63892e+08 1.69845e+06
2865.89 2.90467e+08 2.041e+06
3152.47 3.19738e+08 2.45306e+06
3467.72 3.51981e+08 2.94879e+06
3814.49 3.87502e+08 3.54528e+06
4195.94 4.26641e+08 4.26311e+06
4615.54 4.69773e+08 5.12708e+06
5077.09 5.17312e+08 6.16709e+06
5584.8 5.6972e+08 7.41919e+06
6143.28 6.27505e+08 8.9268e+06
6757.61 6.91235e+08 1.07423e+07
7433.37 7.61537e+08 1.29289e+07
8176.71 8.39109e+08 1.55627e+07
8994.38 9.24728e+08 1.87356e+07
9893.82 1.01926e+09 2.25584e+07
10883.2 1.12366e+09 2.71646e+07
11971.5 1.239e+09 3.27156e+07
13168.7 1.36649e+09 3.94057e+07
14485.5 1.50747e+09 4.74696e+07
15934.1 1.66343e+09 5.71905e+07
17527.5 1.83605e+09 6.891e+07
19280.2 2.02721e+09 8.30404e+07
21208.3 2.23905e+09 1.00079e+08
23329.1 2.47394e+09 1.20627e+08
25662 2.73458e+09 1.45409e+08
28228.2 3.02401e+09 1.753e+08
31051 3.34565e+09 2.11357e+08
34156.1 3.70343e+09 2.54855e+08
37571.7 4.10176e+09 3.07334e+08
41328.9 4.54568e+09 3.70653e+08
45461.8 5.04096e+09 4.47058e+08
50008 5.59415e+09 5.3926e+08
55008.8 6.21279e+09 6.50533e+08
60509.7 6.90552e+09 7.84832e+08
66560.6 7.68228e+09 9.46932e+08
73216.7 8.55452e+09 1.1426e+09
80538.4 9.53549e+09 1.37881e+09
88592.2 1.06405e+10 1.66398e+09
97451.4 1.18874e+10 2.00826e+09
107197 1.32967e+10 2.42395e+09
117916 1.48927e+10 2.92589e+09
129708 1.67034e+10 3.532e+09
142679 1.87618e+10 4.26395e+09
156947 2.11065e+10 5.1479e+09
172641 2.37828e+10 6.21549e+09
189905 2.68441e+10 7.50492e+09
208896 3.03532e+10 9.06238e+09
229785 3.43843e+10 1.09437e+10
252764 3.90254e+10 1.32162e+10
278040 4.43803e+10 1.59616e+10
305844 5.05724e+10 1.92782e+10
336429 5.77484e+10 2.32851e+10
370072 6.60823e+10 2.81262e+10
407079 7.57818e+10 3.39754e+10
447787 8.70941e+10 4.1043e+10
492565 1.00315e+11 4.95831e+10
541822 1.15796e+11 5.99027e+10
596004 1.3396e+11 7.23733e+10
655605 1.55311e+11 8.74436e+10
721165 1.80454e+11 1.05656e+11
793281 2.10113e+11 1.27668e+11
872610 2.45158e+11 1.5427e+11
959871 2.86632e+11 1.86423e+11
1.05586e+06 3.35789e+11 2.25286e+11
1.16144e+06 3.94134e+11 2.7226e+11
1.27759e+06 4.63477e+11 3.2904e+11
1.40535e+06 5.45998e+11 3.97675e+11
1.54588e+06 6.44317e+11 4.80643e+11
1.70047e+06 7.6159e+11 5.8094e+11
1.87052e+06 9.01617e+11 7.02189e+11
2.05757e+06 1.06898e+12 8.48771e+11
2.26332e+06 1.26919e+12 1.02598e+12
2.48966e+06 1.50892e+12 1.24023e+12
2.73862e+06 1.79617e+12 1.49926e+12
3.01249e+06 2.14063e+12 1.81245e+12
3.31373e+06 2.55397e+12 2.19112e+12
3.64511e+06 3.05028e+12 2.64899e+12
4.00962e+06 3.64658e+12 3.20261e+12
4.41058e+06 4.36338e+12 3.87205e+12
4.85164e+06 5.22547e+12 4.68154e+12
5.3368e+06 6.26279e+12 5.6604e+12
5.87048e+06 7.51148e+12 6.84412e+12
6.45753e+06 9.01521e+12 8.27558e+12
7.10328e+06 1.08267e+13 1.00067e+13
7.81361e+06 1.30098e+13 1.21002e+13
8.59497e+06 1.56413e+13 1.4632e+13
9.45447e+06 1.88145e+13 1.7694e+13
1.03999e+07 2.26417e+13 2.13973e+13
1.14399e+07 2.72589e+13 2.58762e+13
1.25839e+07 3.28304e+13 3.12932e+13
1.38423e+07 3.95548e+13 3.78452e+13
1.52265e+07 4.76722e+13 4.57699e+13
1.67492e+07 5.74728e+13 5.53551e+13
1.84241e+07 6.93077e+13 6.6949e+13
2.02665e+07 8.36013e+13 8.09727e+13
2.22931e+07 1.00866e+14 9.79357e+13
2.45225e+07 1.21724e+14 1.18454e+14
2.69747e+07 1.46924e+14 1.43275e+14
2.96722e+07 1.77373e+14 1.73299e+14
3.26394e+07 2.1417e+14 2.09618e+14
3.59033e+07 2.58641e+14 2.53552e+14
3.94937e+07 3.12391e+14 3.067e+14
4.3443e+07 3.77362e+14 3.70994e+14
4.77873e+07 4.55901e+14 4.48772e+14
5.25661e+07 5.5085e+14 5.42863e+14
5.78227e+07 6.65641e+14 6.56692e+14
6.36049e+07 8.04432e+14 7.94398e+14
6.99654e+07 9.72249e+14 9.60992e+14
7.6962e+07 1.17517e+15 1.16254e+15
8.46582e+07 1.42055e+15 1.40637e+15
9.3124e+07 1.71729e+15 1.70136e+15
1.02436e+08 2.07615e+15 2.05824e+15
1.1268e+08 2.51015e+15 2.49002e+15
1.23948e+08 3.03505e+15 3.0124e+15
1.36343e+08 3.66989e+15 3.6444e+15
1.49977e+08 4.43773e+15 4.40904e+15
1.64975e+08 5.36646e+15 5.33415e+15
1.81472e+08 6.48982e+15 6.45342e+15
1.9962e+08 7.84863e+15 7.8076e+15
2.19581e+08 9.49227e+15 9.44602e+15
2.4154e+08 1.14805e+16 1.14283e+16
2.65694e+08 1.38856e+16 1.38267e+16
2.92263e+08 1.6795e+16 1.67286e+16
3.21489e+08 2.03146e+16 2.02396e+16
3.53638e+08 2.45723e+16 2.44876e+16
3.89002e+08 2.9723e+16 2.96274e+16
4.27902e+08 3.59542e+16 3.58461e+16
4.70692e+08 4.34925e+16 4.33704e+16
5.17762e+08 5.26123e+16 5.24743e+16
5.69538e+08 6.36455e+16 6.34895e+16
6.26492e+08 7.69937e+16 7.68172e+16
6.89141e+08 9.31427e+16 9.2943e+16
7.58055e+08 1.1268e+17 1.12454e+17
8.3386e+08 1.36318e+17 1.36062e+17
9.17246e+08 1.64916e+17 1.64627e+17
1.00897e+09 1.99516e+17 1.99189e+17
1.10987e+09 2.41378e+17 2.41008e+17
1.22085e+09 2.92026e+17 2.91607e+17
1.34294e+09 3.53305e+17 3.5283e+17
1.47723e+09 4.27446e+17 4.26907e+17
1.62496e+09 5.1715e+17 5.16539e+17
1.78745e+09 6.25683e+17 6.24991e+17
1.9662e+09 7.56999e+17 7.56216e+17
2.16282e+09 9.15882e+17 9.14994e+17
2.3791e+09 1.10812e+18 1.10711e+18
2.61701e+09 1.34071e+18 1.33957e+18
2.87871e+09 1.62213e+18 1.62084e+18
3.16658e+09 1.96263e+18 1.96117e+18
3.48324e+09 2.37462e+18 2.37296e+18
3.83157e+09 2.87311e+18 2.87122e+18
4.21472e+09 3.47625e+18 3.47411e+18
4.63619e+09 4.20603e+18 4.2036e+18
5.09981e+09 5.08902e+18 5.08627e+18
5.6098e+09 6.15741e+18 6.15429e+18
6.17078e+09 7.45012e+18 7.44657e+18
6.78785e+09 9.01424e+18 9.01023e+18
7.46664e+09 1.09068e+19 1.09022e+19
8.2133e+09 1.31967e+19 1.31915e+19
9.03463e+09 1.59674e+19 1.59616e+19
9.93809e+09 1.93199e+19 1.93133e+19
1.09319e+10 2.33764e+19 2.33688e+19
1.20251e+10 2.82846e+19 2.8276e+19
1.32276e+10 3.42234e+19 3.42137e+19
1.45504e+10 4.14092e+19 4.13982e+19
1.60054e+10 5.01039e+19 5.00914e+19
1.76059e+10 6.06243e+19 6.06101e+19
1.93665e+10 7.33539e+19 7.33377e+19
2.13032e+10 8.87564e+19 8.8738e+19
2.34335e+10 1.07393e+20 1.07372e+20
2.57769e+10 1.29943e+20 1.2992e+20
2.83545e+10 1.57229e+20 1.57202e+20
3.119e+10 1.90244e+20 1.90214e+20
3.4309e+10 2.30192e+20 2.30157e+20
3.77399e+10 2.78528e+20 2.78489e+20
4.15139e+10 3.37015e+20 3.3697e+20
4.56653e+10 4.07783e+20 4.07732e+20
5.02318e+10 4.93412e+20 4.93354e+20
5.5255e+10 5.97022e+20 5.96957e+20
6.07805e+10 7.22389e+20 7.22315e+20
6.68585e+10 8.74082e+20 8.73998e+20
7.35444e+10 1.05763e+21 1.05754e+21
8.08988e+10 1.27972e+21 1.27961e+21
8.89887e+10 1.54845e+21 1.54833e+21
9.78876e+10 1.87361e+21 1.87347e+21
