#DMDensity EnergyDensity Pressure SIGCHIN SIGCHI2 DMmass 
0 0 0 0 55 0.19734
0.001 4.82072e-25 8.00056e-21 0 55 0.19734
0.002 1.92829e-24 3.20022e-20 0 55 0.19734
0.003 4.33865e-24 7.20051e-20 0 55 0.19734
0.004 7.71315e-24 1.28009e-19 0 55 0.19734
0.005 1.20518e-23 2.00014e-19 0 55 0.19734
0.006 1.73546e-23 2.8802e-19 0 55 0.19734
0.007 2.36215e-23 3.92028e-19 0 55 0.19734
0.008 3.08526e-23 5.12036e-19 0 55 0.19734
0.009 3.90478e-23 6.48046e-19 0 55 0.19734
0.01 4.82072e-23 8.00056e-19 0 55 0.19734
0.011 5.83307e-23 9.68068e-19 0 55 0.19734
0.012 6.94183e-23 1.15208e-18 0 55 0.19734
0.013 8.14701e-23 1.3521e-18 0 55 0.19734
0.014 9.44861e-23 1.56811e-18 0 55 0.19734
0.015 1.08466e-22 1.80013e-18 0 55 0.19734
0.016 1.2341e-22 2.04814e-18 0 55 0.19734
0.017 1.39319e-22 2.31216e-18 0 55 0.19734
0.018 1.56191e-22 2.59218e-18 0 55 0.19734
0.019 1.74028e-22 2.8882e-18 0 55 0.19734
0.02 1.92829e-22 3.20022e-18 0 55 0.19734
0.021 2.12594e-22 3.52825e-18 0 55 0.19734
0.022 2.33323e-22 3.87227e-18 0 55 0.19734
0.023 2.55016e-22 4.2323e-18 0 55 0.19734
0.024 2.77673e-22 4.60832e-18 0 55 0.19734
0.025 3.01295e-22 5.00035e-18 0 55 0.19734
0.026 3.2588e-22 5.40838e-18 0 55 0.19734
0.027 3.5143e-22 5.83241e-18 0 55 0.19734
0.028 3.77944e-22 6.27244e-18 0 55 0.19734
0.029 4.05422e-22 6.72847e-18 0 55 0.19734
0.03 4.33865e-22 7.20051e-18 0 55 0.19734
0.031 4.63271e-22 7.68854e-18 0 55 0.19734
0.032 4.93641e-22 8.19258e-18 0 55 0.19734
0.033 5.24976e-22 8.71261e-18 0 55 0.19734
0.034 5.57275e-22 9.24865e-18 0 55 0.19734
0.035 5.90538e-22 9.80069e-18 0 55 0.19734
0.036 6.24765e-22 1.03687e-17 0 55 0.19734
0.037 6.59956e-22 1.09528e-17 0 55 0.19734
0.038 6.96112e-22 1.15528e-17 0 55 0.19734
0.039 7.33231e-22 1.21689e-17 0 55 0.19734
0.04 7.71315e-22 1.28009e-17 0 55 0.19734
0.041 8.10363e-22 1.34489e-17 0 55 0.19734
0.042 8.50375e-22 1.4113e-17 0 55 0.19734
0.043 8.91351e-22 1.4793e-17 0 55 0.19734
0.044 9.33291e-22 1.54891e-17 0 55 0.19734
0.045 9.76195e-22 1.62011e-17 0 55 0.19734
0.046 1.02006e-21 1.69292e-17 0 55 0.19734
0.047 1.0649e-21 1.76732e-17 0 55 0.19734
0.048 1.11069e-21 1.84333e-17 0 55 0.19734
0.049 1.15745e-21 1.92094e-17 0 55 0.19734
0.05 1.20518e-21 2.00014e-17 0 55 0.19734
0.051 1.25387e-21 2.08095e-17 0 55 0.19734
0.052 1.30352e-21 2.16335e-17 0 55 0.19734
0.053 1.35414e-21 2.24736e-17 0 55 0.19734
0.054 1.40572e-21 2.33296e-17 0 55 0.19734
0.055 1.45827e-21 2.42017e-17 0 55 0.19734
0.056 1.51178e-21 2.50898e-17 0 55 0.19734
0.057 1.56625e-21 2.59938e-17 0 55 0.19734
0.058 1.62169e-21 2.69139e-17 0 55 0.19734
0.059 1.67809e-21 2.785e-17 0 55 0.19734
0.06 1.73546e-21 2.8802e-17 0 55 0.19734
0.061 1.79379e-21 2.97701e-17 0 55 0.19734
0.062 1.85308e-21 3.07542e-17 0 55 0.19734
0.063 1.91334e-21 3.17542e-17 0 55 0.19734
0.064 1.97457e-21 3.27703e-17 0 55 0.19734
0.065 2.03675e-21 3.38024e-17 0 55 0.19734
0.066 2.0999e-21 3.48505e-17 0 55 0.19734
0.067 2.16402e-21 3.59145e-17 0 55 0.19734
0.068 2.2291e-21 3.69946e-17 0 55 0.19734
0.069 2.29514e-21 3.80907e-17 0 55 0.19734
0.07 2.36215e-21 3.92028e-17 0 55 0.19734
0.071 2.43012e-21 4.03308e-17 0 55 0.19734
0.072 2.49906e-21 4.14749e-17 0 55 0.19734
0.073 2.56896e-21 4.2635e-17 0 55 0.19734
0.074 2.63982e-21 4.38111e-17 0 55 0.19734
0.075 2.71165e-21 4.50032e-17 0 55 0.19734
0.076 2.78445e-21 4.62112e-17 0 55 0.19734
0.077 2.8582e-21 4.74353e-17 0 55 0.19734
0.078 2.93292e-21 4.86754e-17 0 55 0.19734
0.079 3.00861e-21 4.99315e-17 0 55 0.19734
0.08 3.08526e-21 5.12036e-17 0 55 0.19734
0.081 3.16287e-21 5.24917e-17 0 55 0.19734
0.082 3.24145e-21 5.37958e-17 0 55 0.19734
0.083 3.32099e-21 5.51159e-17 0 55 0.19734
0.084 3.4015e-21 5.6452e-17 0 55 0.19734
0.085 3.48297e-21 5.78041e-17 0 55 0.19734
0.086 3.5654e-21 5.91722e-17 0 55 0.19734
0.087 3.6488e-21 6.05563e-17 0 55 0.19734
0.088 3.73316e-21 6.19564e-17 0 55 0.19734
0.089 3.81849e-21 6.33725e-17 0 55 0.19734
0.09 3.90478e-21 6.48046e-17 0 55 0.19734
0.091 3.99204e-21 6.62527e-17 0 55 0.19734
0.092 4.08026e-21 6.77168e-17 0 55 0.19734
0.093 4.16944e-21 6.91969e-17 0 55 0.19734
0.094 4.25959e-21 7.0693e-17 0 55 0.19734
0.095 4.3507e-21 7.22051e-17 0 55 0.19734
0.096 4.44277e-21 7.37332e-17 0 55 0.19734
0.097 4.53581e-21 7.52773e-17 0 55 0.19734
0.098 4.62982e-21 7.68374e-17 0 55 0.19734
0.099 4.72479e-21 7.84135e-17 0 55 0.19734
0.1 4.82072e-21 8.00056e-17 0 55 0.19734
0.101 4.91761e-21 8.16137e-17 0 55 0.19734
0.102 5.01547e-21 8.32379e-17 0 55 0.19734
0.103 5.1143e-21 8.4878e-17 0 55 0.19734
0.104 5.21409e-21 8.65341e-17 0 55 0.19734
0.105 5.31484e-21 8.82062e-17 0 55 0.19734
0.106 5.41656e-21 8.98943e-17 0 55 0.19734
0.107 5.51924e-21 9.15984e-17 0 55 0.19734
0.108 5.62288e-21 9.33186e-17 0 55 0.19734
0.109 5.72749e-21 9.50547e-17 0 55 0.19734
0.11 5.83307e-21 9.68068e-17 0 55 0.19734
0.111 5.93961e-21 9.85749e-17 0 55 0.19734
0.112 6.04711e-21 1.00359e-16 0 55 0.19734
0.113 6.15557e-21 1.02159e-16 0 55 0.19734
0.114 6.265e-21 1.03975e-16 0 55 0.19734
0.115 6.3754e-21 1.05807e-16 0 55 0.19734
0.116 6.48676e-21 1.07656e-16 0 55 0.19734
0.117 6.59908e-21 1.0952e-16 0 55 0.19734
0.118 6.71237e-21 1.114e-16 0 55 0.19734
0.119 6.82662e-21 1.13296e-16 0 55 0.19734
0.12 6.94183e-21 1.15208e-16 0 55 0.19734
0.121 7.05801e-21 1.17136e-16 0 55 0.19734
0.122 7.17516e-21 1.1908e-16 0 55 0.19734
0.123 7.29326e-21 1.21041e-16 0 55 0.19734
0.124 7.41233e-21 1.23017e-16 0 55 0.19734
0.125 7.53237e-21 1.25009e-16 0 55 0.19734
0.126 7.65337e-21 1.27017e-16 0 55 0.19734
0.127 7.77533e-21 1.29041e-16 0 55 0.19734
0.128 7.89826e-21 1.31081e-16 0 55 0.19734
0.129 8.02216e-21 1.33137e-16 0 55 0.19734
0.13 8.14701e-21 1.3521e-16 0 55 0.19734
0.131 8.27283e-21 1.37298e-16 0 55 0.19734
0.132 8.39962e-21 1.39402e-16 0 55 0.19734
0.133 8.52737e-21 1.41522e-16 0 55 0.19734
0.134 8.65608e-21 1.43658e-16 0 55 0.19734
0.135 8.78576e-21 1.4581e-16 0 55 0.19734
0.136 8.9164e-21 1.47978e-16 0 55 0.19734
0.137 9.048e-21 1.50163e-16 0 55 0.19734
0.138 9.18057e-21 1.52363e-16 0 55 0.19734
0.139 9.31411e-21 1.54579e-16 0 55 0.19734
0.14 9.44861e-21 1.56811e-16 0 55 0.19734
0.141 9.58407e-21 1.59059e-16 0 55 0.19734
0.142 9.72049e-21 1.61323e-16 0 55 0.19734
0.143 9.85788e-21 1.63604e-16 0 55 0.19734
0.144 9.99624e-21 1.659e-16 0 55 0.19734
0.145 1.01356e-20 1.68212e-16 0 55 0.19734
0.146 1.02758e-20 1.7054e-16 0 55 0.19734
0.147 1.04171e-20 1.72884e-16 0 55 0.19734
0.148 1.05593e-20 1.75244e-16 0 55 0.19734
0.149 1.07025e-20 1.7762e-16 0 55 0.19734
0.15 1.08466e-20 1.80013e-16 0 55 0.19734
0.151 1.09917e-20 1.82421e-16 0 55 0.19734
0.152 1.11378e-20 1.84845e-16 0 55 0.19734
0.153 1.12848e-20 1.87285e-16 0 55 0.19734
0.154 1.14328e-20 1.89741e-16 0 55 0.19734
0.155 1.15818e-20 1.92214e-16 0 55 0.19734
0.156 1.17317e-20 1.94702e-16 0 55 0.19734
0.157 1.18826e-20 1.97206e-16 0 55 0.19734
0.158 1.20344e-20 1.99726e-16 0 55 0.19734
0.159 1.21873e-20 2.02262e-16 0 55 0.19734
0.16 1.2341e-20 2.04814e-16 0 55 0.19734
0.161 1.24958e-20 2.07383e-16 0 55 0.19734
0.162 1.26515e-20 2.09967e-16 0 55 0.19734
0.163 1.28082e-20 2.12567e-16 0 55 0.19734
0.164 1.29658e-20 2.15183e-16 0 55 0.19734
0.165 1.31244e-20 2.17815e-16 0 55 0.19734
0.166 1.3284e-20 2.20463e-16 0 55 0.19734
0.167 1.34445e-20 2.23128e-16 0 55 0.19734
0.168 1.3606e-20 2.25808e-16 0 55 0.19734
0.169 1.37685e-20 2.28504e-16 0 55 0.19734
0.17 1.39319e-20 2.31216e-16 0 55 0.19734
0.171 1.40963e-20 2.33944e-16 0 55 0.19734
0.172 1.42616e-20 2.36689e-16 0 55 0.19734
0.173 1.44279e-20 2.39449e-16 0 55 0.19734
0.174 1.45952e-20 2.42225e-16 0 55 0.19734
0.175 1.47634e-20 2.45017e-16 0 55 0.19734
0.176 1.49327e-20 2.47825e-16 0 55 0.19734
0.177 1.51028e-20 2.5065e-16 0 55 0.19734
0.178 1.5274e-20 2.5349e-16 0 55 0.19734
0.179 1.54461e-20 2.56346e-16 0 55 0.19734
0.18 1.56191e-20 2.59218e-16 0 55 0.19734
0.181 1.57932e-20 2.62106e-16 0 55 0.19734
0.182 1.59681e-20 2.65011e-16 0 55 0.19734
0.183 1.61441e-20 2.67931e-16 0 55 0.19734
0.184 1.6321e-20 2.70867e-16 0 55 0.19734
0.185 1.64989e-20 2.73819e-16 0 55 0.19734
0.186 1.66778e-20 2.76787e-16 0 55 0.19734
0.187 1.68576e-20 2.79772e-16 0 55 0.19734
0.188 1.70383e-20 2.82772e-16 0 55 0.19734
0.189 1.72201e-20 2.85788e-16 0 55 0.19734
0.19 1.74028e-20 2.8882e-16 0 55 0.19734
0.191 1.75865e-20 2.91869e-16 0 55 0.19734
0.192 1.77711e-20 2.94933e-16 0 55 0.19734
0.193 1.79567e-20 2.98013e-16 0 55 0.19734
0.194 1.81433e-20 3.01109e-16 0 55 0.19734
0.195 1.83308e-20 3.04221e-16 0 55 0.19734
0.196 1.85193e-20 3.0735e-16 0 55 0.19734
0.197 1.87087e-20 3.10494e-16 0 55 0.19734
0.198 1.88991e-20 3.13654e-16 0 55 0.19734
0.199 1.90905e-20 3.1683e-16 0 55 0.19734
0.2 1.92829e-20 3.20022e-16 0 55 0.19734
0.201 1.94762e-20 3.23231e-16 0 55 0.19734
0.202 1.96705e-20 3.26455e-16 0 55 0.19734
0.203 1.98657e-20 3.29695e-16 0 55 0.19734
0.204 2.00619e-20 3.32951e-16 0 55 0.19734
0.205 2.02591e-20 3.36224e-16 0 55 0.19734
0.206 2.04572e-20 3.39512e-16 0 55 0.19734
0.207 2.06563e-20 3.42816e-16 0 55 0.19734
0.208 2.08564e-20 3.46136e-16 0 55 0.19734
0.209 2.10574e-20 3.49473e-16 0 55 0.19734
0.21 2.12594e-20 3.52825e-16 0 55 0.19734
0.211 2.14623e-20 3.56193e-16 0 55 0.19734
0.212 2.16662e-20 3.59577e-16 0 55 0.19734
0.213 2.18711e-20 3.62978e-16 0 55 0.19734
0.214 2.2077e-20 3.66394e-16 0 55 0.19734
0.215 2.22838e-20 3.69826e-16 0 55 0.19734
0.216 2.24915e-20 3.73274e-16 0 55 0.19734
0.217 2.27003e-20 3.76738e-16 0 55 0.19734
0.218 2.291e-20 3.80219e-16 0 55 0.19734
0.219 2.31206e-20 3.83715e-16 0 55 0.19734
0.22 2.33323e-20 3.87227e-16 0 55 0.19734
0.221 2.35449e-20 3.90755e-16 0 55 0.19734
0.222 2.37584e-20 3.943e-16 0 55 0.19734
0.223 2.39729e-20 3.9786e-16 0 55 0.19734
0.224 2.41884e-20 4.01436e-16 0 55 0.19734
0.225 2.44049e-20 4.05028e-16 0 55 0.19734
0.226 2.46223e-20 4.08637e-16 0 55 0.19734
0.227 2.48407e-20 4.12261e-16 0 55 0.19734
0.228 2.506e-20 4.15901e-16 0 55 0.19734
0.229 2.52803e-20 4.19557e-16 0 55 0.19734
0.23 2.55016e-20 4.2323e-16 0 55 0.19734
0.231 2.57238e-20 4.26918e-16 0 55 0.19734
0.232 2.5947e-20 4.30622e-16 0 55 0.19734
0.233 2.61712e-20 4.34343e-16 0 55 0.19734
0.234 2.63963e-20 4.38079e-16 0 55 0.19734
0.235 2.66224e-20 4.41831e-16 0 55 0.19734
0.236 2.68495e-20 4.45599e-16 0 55 0.19734
0.237 2.70775e-20 4.49384e-16 0 55 0.19734
0.238 2.73065e-20 4.53184e-16 0 55 0.19734
0.239 2.75364e-20 4.57e-16 0 55 0.19734
0.24 2.77673e-20 4.60832e-16 0 55 0.19734
0.241 2.79992e-20 4.64681e-16 0 55 0.19734
0.242 2.8232e-20 4.68545e-16 0 55 0.19734
0.243 2.84659e-20 4.72425e-16 0 55 0.19734
0.244 2.87006e-20 4.76321e-16 0 55 0.19734
0.245 2.89364e-20 4.80234e-16 0 55 0.19734
0.246 2.91731e-20 4.84162e-16 0 55 0.19734
0.247 2.94107e-20 4.88106e-16 0 55 0.19734
0.248 2.96493e-20 4.92067e-16 0 55 0.19734
0.249 2.98889e-20 4.96043e-16 0 55 0.19734
0.25 3.01295e-20 5.00035e-16 0 55 0.19734
0.251 3.0371e-20 5.04043e-16 0 55 0.19734
0.252 3.06135e-20 5.08068e-16 0 55 0.19734
0.253 3.08569e-20 5.12108e-16 0 55 0.19734
0.254 3.11013e-20 5.16164e-16 0 55 0.19734
0.255 3.13467e-20 5.20237e-16 0 55 0.19734
0.256 3.15931e-20 5.24325e-16 0 55 0.19734
0.257 3.18404e-20 5.28429e-16 0 55 0.19734
0.258 3.20886e-20 5.32549e-16 0 55 0.19734
0.259 3.23379e-20 5.36686e-16 0 55 0.19734
0.26 3.2588e-20 5.40838e-16 0 55 0.19734
0.261 3.28392e-20 5.45006e-16 0 55 0.19734
0.262 3.30913e-20 5.49191e-16 0 55 0.19734
0.263 3.33444e-20 5.53391e-16 0 55 0.19734
0.264 3.35985e-20 5.57607e-16 0 55 0.19734
0.265 3.38535e-20 5.6184e-16 0 55 0.19734
0.266 3.41095e-20 5.66088e-16 0 55 0.19734
0.267 3.43664e-20 5.70352e-16 0 55 0.19734
0.268 3.46243e-20 5.74632e-16 0 55 0.19734
0.269 3.48832e-20 5.78929e-16 0 55 0.19734
0.27 3.5143e-20 5.83241e-16 0 55 0.19734
0.271 3.54038e-20 5.87569e-16 0 55 0.19734
0.272 3.56656e-20 5.91914e-16 0 55 0.19734
0.273 3.59283e-20 5.96274e-16 0 55 0.19734
0.274 3.6192e-20 6.0065e-16 0 55 0.19734
0.275 3.64567e-20 6.05043e-16 0 55 0.19734
0.276 3.67223e-20 6.09451e-16 0 55 0.19734
0.277 3.69889e-20 6.13875e-16 0 55 0.19734
0.278 3.72564e-20 6.18315e-16 0 55 0.19734
0.279 3.75249e-20 6.22772e-16 0 55 0.19734
0.28 3.77944e-20 6.27244e-16 0 55 0.19734
0.281 3.80649e-20 6.31732e-16 0 55 0.19734
0.282 3.83363e-20 6.36237e-16 0 55 0.19734
0.283 3.86086e-20 6.40757e-16 0 55 0.19734
0.284 3.8882e-20 6.45293e-16 0 55 0.19734
0.285 3.91563e-20 6.49846e-16 0 55 0.19734
0.286 3.94315e-20 6.54414e-16 0 55 0.19734
0.287 3.97078e-20 6.58998e-16 0 55 0.19734
0.288 3.9985e-20 6.63599e-16 0 55 0.19734
0.289 4.02631e-20 6.68215e-16 0 55 0.19734
0.29 4.05422e-20 6.72847e-16 0 55 0.19734
0.291 4.08223e-20 6.77496e-16 0 55 0.19734
0.292 4.11034e-20 6.8216e-16 0 55 0.19734
0.293 4.13854e-20 6.8684e-16 0 55 0.19734
0.294 4.16684e-20 6.91537e-16 0 55 0.19734
0.295 4.19523e-20 6.96249e-16 0 55 0.19734
0.296 4.22372e-20 7.00977e-16 0 55 0.19734
0.297 4.25231e-20 7.05722e-16 0 55 0.19734
0.298 4.28099e-20 7.10482e-16 0 55 0.19734
0.299 4.30977e-20 7.15258e-16 0 55 0.19734
0.3 4.33865e-20 7.20051e-16 0 55 0.19734
0.301 4.36762e-20 7.24859e-16 0 55 0.19734
0.302 4.39669e-20 7.29683e-16 0 55 0.19734
0.303 4.42585e-20 7.34524e-16 0 55 0.19734
0.304 4.45511e-20 7.3938e-16 0 55 0.19734
0.305 4.48447e-20 7.44252e-16 0 55 0.19734
0.306 4.51393e-20 7.49141e-16 0 55 0.19734
0.307 4.54348e-20 7.54045e-16 0 55 0.19734
0.308 4.57313e-20 7.58965e-16 0 55 0.19734
0.309 4.60287e-20 7.63902e-16 0 55 0.19734
0.31 4.63271e-20 7.68854e-16 0 55 0.19734
0.311 4.66265e-20 7.73822e-16 0 55 0.19734
0.312 4.69268e-20 7.78807e-16 0 55 0.19734
0.313 4.72281e-20 7.83807e-16 0 55 0.19734
0.314 4.75303e-20 7.88823e-16 0 55 0.19734
0.315 4.78336e-20 7.93856e-16 0 55 0.19734
0.316 4.81378e-20 7.98904e-16 0 55 0.19734
0.317 4.84429e-20 8.03969e-16 0 55 0.19734
0.318 4.8749e-20 8.09049e-16 0 55 0.19734
0.319 4.90561e-20 8.14145e-16 0 55 0.19734
0.32 4.93641e-20 8.19258e-16 0 55 0.19734
0.321 4.96732e-20 8.24386e-16 0 55 0.19734
0.322 4.99831e-20 8.2953e-16 0 55 0.19734
0.323 5.02941e-20 8.34691e-16 0 55 0.19734
0.324 5.0606e-20 8.39867e-16 0 55 0.19734
0.325 5.09188e-20 8.45059e-16 0 55 0.19734
0.326 5.12327e-20 8.50268e-16 0 55 0.19734
0.327 5.15474e-20 8.55492e-16 0 55 0.19734
0.328 5.18632e-20 8.60733e-16 0 55 0.19734
0.329 5.21799e-20 8.65989e-16 0 55 0.19734
0.33 5.24976e-20 8.71261e-16 0 55 0.19734
0.331 5.28163e-20 8.7655e-16 0 55 0.19734
0.332 5.31359e-20 8.81854e-16 0 55 0.19734
0.333 5.34565e-20 8.87174e-16 0 55 0.19734
0.334 5.3778e-20 8.92511e-16 0 55 0.19734
0.335 5.41005e-20 8.97863e-16 0 55 0.19734
0.336 5.4424e-20 9.03232e-16 0 55 0.19734
0.337 5.47484e-20 9.08616e-16 0 55 0.19734
0.338 5.50738e-20 9.14016e-16 0 55 0.19734
0.339 5.54002e-20 9.19433e-16 0 55 0.19734
0.34 5.57275e-20 9.24865e-16 0 55 0.19734
0.341 5.60558e-20 9.30313e-16 0 55 0.19734
0.342 5.6385e-20 9.35778e-16 0 55 0.19734
0.343 5.67153e-20 9.41258e-16 0 55 0.19734
0.344 5.70464e-20 9.46755e-16 0 55 0.19734
0.345 5.73786e-20 9.52267e-16 0 55 0.19734
0.346 5.77117e-20 9.57795e-16 0 55 0.19734
0.347 5.80458e-20 9.6334e-16 0 55 0.19734
0.348 5.83808e-20 9.689e-16 0 55 0.19734
0.349 5.87168e-20 9.74477e-16 0 55 0.19734
0.35 5.90538e-20 9.80069e-16 0 55 0.19734
0.351 5.93917e-20 9.85677e-16 0 55 0.19734
0.352 5.97306e-20 9.91302e-16 0 55 0.19734
0.353 6.00705e-20 9.96942e-16 0 55 0.19734
0.354 6.04113e-20 1.0026e-15 0 55 0.19734
0.355 6.07531e-20 1.00827e-15 0 55 0.19734
0.356 6.10958e-20 1.01396e-15 0 55 0.19734
0.357 6.14396e-20 1.01966e-15 0 55 0.19734
0.358 6.17842e-20 1.02538e-15 0 55 0.19734
0.359 6.21299e-20 1.03112e-15 0 55 0.19734
0.36 6.24765e-20 1.03687e-15 0 55 0.19734
0.361 6.28241e-20 1.04264e-15 0 55 0.19734
0.362 6.31726e-20 1.04843e-15 0 55 0.19734
0.363 6.35221e-20 1.05423e-15 0 55 0.19734
0.364 6.38726e-20 1.06004e-15 0 55 0.19734
0.365 6.4224e-20 1.06587e-15 0 55 0.19734
0.366 6.45764e-20 1.07172e-15 0 55 0.19734
0.367 6.49298e-20 1.07759e-15 0 55 0.19734
0.368 6.52841e-20 1.08347e-15 0 55 0.19734
0.369 6.56394e-20 1.08936e-15 0 55 0.19734
0.37 6.59956e-20 1.09528e-15 0 55 0.19734
0.371 6.63528e-20 1.10121e-15 0 55 0.19734
0.372 6.6711e-20 1.10715e-15 0 55 0.19734
0.373 6.70702e-20 1.11311e-15 0 55 0.19734
0.374 6.74303e-20 1.11909e-15 0 55 0.19734
0.375 6.77913e-20 1.12508e-15 0 55 0.19734
0.376 6.81534e-20 1.13109e-15 0 55 0.19734
0.377 6.85164e-20 1.13711e-15 0 55 0.19734
0.378 6.88803e-20 1.14315e-15 0 55 0.19734
0.379 6.92453e-20 1.14921e-15 0 55 0.19734
0.38 6.96112e-20 1.15528e-15 0 55 0.19734
0.381 6.9978e-20 1.16137e-15 0 55 0.19734
0.382 7.03458e-20 1.16747e-15 0 55 0.19734
0.383 7.07146e-20 1.17359e-15 0 55 0.19734
0.384 7.10844e-20 1.17973e-15 0 55 0.19734
0.385 7.14551e-20 1.18588e-15 0 55 0.19734
0.386 7.18268e-20 1.19205e-15 0 55 0.19734
0.387 7.21994e-20 1.19824e-15 0 55 0.19734
0.388 7.2573e-20 1.20444e-15 0 55 0.19734
0.389 7.29476e-20 1.21065e-15 0 55 0.19734
0.39 7.33231e-20 1.21689e-15 0 55 0.19734
0.391 7.36996e-20 1.22313e-15 0 55 0.19734
0.392 7.40771e-20 1.2294e-15 0 55 0.19734
0.393 7.44555e-20 1.23568e-15 0 55 0.19734
0.394 7.48349e-20 1.24198e-15 0 55 0.19734
0.395 7.52152e-20 1.24829e-15 0 55 0.19734
0.396 7.55966e-20 1.25462e-15 0 55 0.19734
0.397 7.59788e-20 1.26096e-15 0 55 0.19734
0.398 7.63621e-20 1.26732e-15 0 55 0.19734
0.399 7.67463e-20 1.2737e-15 0 55 0.19734
0.4 7.71315e-20 1.28009e-15 0 55 0.19734
0.401 7.75176e-20 1.2865e-15 0 55 0.19734
0.402 7.79047e-20 1.29292e-15 0 55 0.19734
0.403 7.82928e-20 1.29936e-15 0 55 0.19734
0.404 7.86818e-20 1.30582e-15 0 55 0.19734
0.405 7.90718e-20 1.31229e-15 0 55 0.19734
0.406 7.94628e-20 1.31878e-15 0 55 0.19734
0.407 7.98547e-20 1.32529e-15 0 55 0.19734
0.408 8.02476e-20 1.33181e-15 0 55 0.19734
0.409 8.06414e-20 1.33834e-15 0 55 0.19734
0.41 8.10363e-20 1.34489e-15 0 55 0.19734
0.411 8.1432e-20 1.35146e-15 0 55 0.19734
0.412 8.18288e-20 1.35805e-15 0 55 0.19734
0.413 8.22265e-20 1.36465e-15 0 55 0.19734
0.414 8.26252e-20 1.37126e-15 0 55 0.19734
0.415 8.30248e-20 1.3779e-15 0 55 0.19734
0.416 8.34254e-20 1.38455e-15 0 55 0.19734
0.417 8.3827e-20 1.39121e-15 0 55 0.19734
0.418 8.42295e-20 1.39789e-15 0 55 0.19734
0.419 8.4633e-20 1.40459e-15 0 55 0.19734
0.42 8.50375e-20 1.4113e-15 0 55 0.19734
0.421 8.54429e-20 1.41803e-15 0 55 0.19734
0.422 8.58493e-20 1.42477e-15 0 55 0.19734
0.423 8.62566e-20 1.43153e-15 0 55 0.19734
0.424 8.66649e-20 1.43831e-15 0 55 0.19734
0.425 8.70742e-20 1.4451e-15 0 55 0.19734
0.426 8.74844e-20 1.45191e-15 0 55 0.19734
0.427 8.78957e-20 1.45873e-15 0 55 0.19734
0.428 8.83078e-20 1.46558e-15 0 55 0.19734
0.429 8.8721e-20 1.47243e-15 0 55 0.19734
0.43 8.91351e-20 1.4793e-15 0 55 0.19734
0.431 8.95501e-20 1.48619e-15 0 55 0.19734
0.432 8.99662e-20 1.4931e-15 0 55 0.19734
0.433 9.03831e-20 1.50002e-15 0 55 0.19734
0.434 9.08011e-20 1.50695e-15 0 55 0.19734
0.435 9.122e-20 1.51391e-15 0 55 0.19734
0.436 9.16399e-20 1.52087e-15 0 55 0.19734
0.437 9.20608e-20 1.52786e-15 0 55 0.19734
0.438 9.24826e-20 1.53486e-15 0 55 0.19734
0.439 9.29053e-20 1.54188e-15 0 55 0.19734
0.44 9.33291e-20 1.54891e-15 0 55 0.19734
0.441 9.37538e-20 1.55596e-15 0 55 0.19734
0.442 9.41795e-20 1.56302e-15 0 55 0.19734
0.443 9.46061e-20 1.5701e-15 0 55 0.19734
0.444 9.50337e-20 1.5772e-15 0 55 0.19734
0.445 9.54623e-20 1.58431e-15 0 55 0.19734
0.446 9.58918e-20 1.59144e-15 0 55 0.19734
0.447 9.63223e-20 1.59858e-15 0 55 0.19734
0.448 9.67537e-20 1.60574e-15 0 55 0.19734
0.449 9.71861e-20 1.61292e-15 0 55 0.19734
0.45 9.76195e-20 1.62011e-15 0 55 0.19734
0.451 9.80539e-20 1.62732e-15 0 55 0.19734
0.452 9.84892e-20 1.63455e-15 0 55 0.19734
0.453 9.89255e-20 1.64179e-15 0 55 0.19734
0.454 9.93627e-20 1.64904e-15 0 55 0.19734
0.455 9.98009e-20 1.65632e-15 0 55 0.19734
0.456 1.0024e-19 1.6636e-15 0 55 0.19734
0.457 1.0068e-19 1.67091e-15 0 55 0.19734
0.458 1.01121e-19 1.67823e-15 0 55 0.19734
0.459 1.01563e-19 1.68557e-15 0 55 0.19734
0.46 1.02006e-19 1.69292e-15 0 55 0.19734
0.461 1.0245e-19 1.70029e-15 0 55 0.19734
0.462 1.02895e-19 1.70767e-15 0 55 0.19734
0.463 1.03341e-19 1.71507e-15 0 55 0.19734
0.464 1.03788e-19 1.72249e-15 0 55 0.19734
0.465 1.04236e-19 1.72992e-15 0 55 0.19734
0.466 1.04685e-19 1.73737e-15 0 55 0.19734
0.467 1.05135e-19 1.74483e-15 0 55 0.19734
0.468 1.05585e-19 1.75232e-15 0 55 0.19734
0.469 1.06037e-19 1.75981e-15 0 55 0.19734
0.47 1.0649e-19 1.76732e-15 0 55 0.19734
0.471 1.06943e-19 1.77485e-15 0 55 0.19734
0.472 1.07398e-19 1.7824e-15 0 55 0.19734
0.473 1.07853e-19 1.78996e-15 0 55 0.19734
0.474 1.0831e-19 1.79753e-15 0 55 0.19734
0.475 1.08767e-19 1.80513e-15 0 55 0.19734
0.476 1.09226e-19 1.81274e-15 0 55 0.19734
0.477 1.09685e-19 1.82036e-15 0 55 0.19734
0.478 1.10146e-19 1.828e-15 0 55 0.19734
0.479 1.10607e-19 1.83566e-15 0 55 0.19734
0.48 1.11069e-19 1.84333e-15 0 55 0.19734
0.481 1.11533e-19 1.85102e-15 0 55 0.19734
0.482 1.11997e-19 1.85872e-15 0 55 0.19734
0.483 1.12462e-19 1.86644e-15 0 55 0.19734
0.484 1.12928e-19 1.87418e-15 0 55 0.19734
0.485 1.13395e-19 1.88193e-15 0 55 0.19734
0.486 1.13863e-19 1.8897e-15 0 55 0.19734
0.487 1.14332e-19 1.89749e-15 0 55 0.19734
0.488 1.14802e-19 1.90529e-15 0 55 0.19734
0.489 1.15273e-19 1.9131e-15 0 55 0.19734
0.49 1.15745e-19 1.92094e-15 0 55 0.19734
0.491 1.16218e-19 1.92878e-15 0 55 0.19734
0.492 1.16692e-19 1.93665e-15 0 55 0.19734
0.493 1.17167e-19 1.94453e-15 0 55 0.19734
0.494 1.17643e-19 1.95243e-15 0 55 0.19734
0.495 1.1812e-19 1.96034e-15 0 55 0.19734
0.496 1.18597e-19 1.96827e-15 0 55 0.19734
0.497 1.19076e-19 1.97621e-15 0 55 0.19734
0.498 1.19556e-19 1.98417e-15 0 55 0.19734
0.499 1.20036e-19 1.99215e-15 0 55 0.19734
0.5 1.20518e-19 2.00014e-15 0 55 0.19734
0.501 1.21e-19 2.00815e-15 0 55 0.19734
0.502 1.21484e-19 2.01617e-15 0 55 0.19734
0.503 1.21968e-19 2.02421e-15 0 55 0.19734
0.504 1.22454e-19 2.03227e-15 0 55 0.19734
0.505 1.2294e-19 2.04034e-15 0 55 0.19734
0.506 1.23428e-19 2.04843e-15 0 55 0.19734
0.507 1.23916e-19 2.05654e-15 0 55 0.19734
0.508 1.24405e-19 2.06466e-15 0 55 0.19734
0.509 1.24896e-19 2.07279e-15 0 55 0.19734
0.51 1.25387e-19 2.08095e-15 0 55 0.19734
0.511 1.25879e-19 2.08911e-15 0 55 0.19734
0.512 1.26372e-19 2.0973e-15 0 55 0.19734
0.513 1.26866e-19 2.1055e-15 0 55 0.19734
0.514 1.27361e-19 2.11372e-15 0 55 0.19734
0.515 1.27857e-19 2.12195e-15 0 55 0.19734
0.516 1.28354e-19 2.1302e-15 0 55 0.19734
0.517 1.28852e-19 2.13846e-15 0 55 0.19734
0.518 1.29351e-19 2.14674e-15 0 55 0.19734
0.519 1.29851e-19 2.15504e-15 0 55 0.19734
0.52 1.30352e-19 2.16335e-15 0 55 0.19734
0.521 1.30854e-19 2.17168e-15 0 55 0.19734
0.522 1.31357e-19 2.18003e-15 0 55 0.19734
0.523 1.31861e-19 2.18839e-15 0 55 0.19734
0.524 1.32365e-19 2.19676e-15 0 55 0.19734
0.525 1.32871e-19 2.20516e-15 0 55 0.19734
0.526 1.33378e-19 2.21356e-15 0 55 0.19734
0.527 1.33885e-19 2.22199e-15 0 55 0.19734
0.528 1.34394e-19 2.23043e-15 0 55 0.19734
0.529 1.34903e-19 2.23889e-15 0 55 0.19734
0.53 1.35414e-19 2.24736e-15 0 55 0.19734
0.531 1.35925e-19 2.25585e-15 0 55 0.19734
0.532 1.36438e-19 2.26435e-15 0 55 0.19734
0.533 1.36951e-19 2.27287e-15 0 55 0.19734
0.534 1.37466e-19 2.28141e-15 0 55 0.19734
0.535 1.37981e-19 2.28996e-15 0 55 0.19734
0.536 1.38497e-19 2.29853e-15 0 55 0.19734
0.537 1.39015e-19 2.30711e-15 0 55 0.19734
0.538 1.39533e-19 2.31571e-15 0 55 0.19734
0.539 1.40052e-19 2.32433e-15 0 55 0.19734
0.54 1.40572e-19 2.33296e-15 0 55 0.19734
0.541 1.41093e-19 2.34161e-15 0 55 0.19734
0.542 1.41615e-19 2.35028e-15 0 55 0.19734
0.543 1.42138e-19 2.35896e-15 0 55 0.19734
0.544 1.42662e-19 2.36765e-15 0 55 0.19734
0.545 1.43187e-19 2.37637e-15 0 55 0.19734
0.546 1.43713e-19 2.3851e-15 0 55 0.19734
0.547 1.4424e-19 2.39384e-15 0 55 0.19734
0.548 1.44768e-19 2.4026e-15 0 55 0.19734
0.549 1.45297e-19 2.41138e-15 0 55 0.19734
0.55 1.45827e-19 2.42017e-15 0 55 0.19734
0.551 1.46357e-19 2.42898e-15 0 55 0.19734
0.552 1.46889e-19 2.4378e-15 0 55 0.19734
0.553 1.47422e-19 2.44664e-15 0 55 0.19734
0.554 1.47956e-19 2.4555e-15 0 55 0.19734
0.555 1.4849e-19 2.46437e-15 0 55 0.19734
0.556 1.49026e-19 2.47326e-15 0 55 0.19734
0.557 1.49562e-19 2.48217e-15 0 55 0.19734
0.558 1.501e-19 2.49109e-15 0 55 0.19734
0.559 1.50638e-19 2.50002e-15 0 55 0.19734
0.56 1.51178e-19 2.50898e-15 0 55 0.19734
0.561 1.51718e-19 2.51795e-15 0 55 0.19734
0.562 1.52259e-19 2.52693e-15 0 55 0.19734
0.563 1.52802e-19 2.53593e-15 0 55 0.19734
0.564 1.53345e-19 2.54495e-15 0 55 0.19734
0.565 1.53889e-19 2.55398e-15 0 55 0.19734
0.566 1.54435e-19 2.56303e-15 0 55 0.19734
0.567 1.54981e-19 2.57209e-15 0 55 0.19734
0.568 1.55528e-19 2.58117e-15 0 55 0.19734
0.569 1.56076e-19 2.59027e-15 0 55 0.19734
0.57 1.56625e-19 2.59938e-15 0 55 0.19734
0.571 1.57175e-19 2.60851e-15 0 55 0.19734
0.572 1.57726e-19 2.61766e-15 0 55 0.19734
0.573 1.58278e-19 2.62682e-15 0 55 0.19734
0.574 1.58831e-19 2.63599e-15 0 55 0.19734
0.575 1.59385e-19 2.64519e-15 0 55 0.19734
0.576 1.5994e-19 2.65439e-15 0 55 0.19734
0.577 1.60496e-19 2.66362e-15 0 55 0.19734
0.578 1.61052e-19 2.67286e-15 0 55 0.19734
0.579 1.6161e-19 2.68212e-15 0 55 0.19734
0.58 1.62169e-19 2.69139e-15 0 55 0.19734
0.581 1.62729e-19 2.70068e-15 0 55 0.19734
0.582 1.63289e-19 2.70998e-15 0 55 0.19734
0.583 1.63851e-19 2.7193e-15 0 55 0.19734
0.584 1.64413e-19 2.72864e-15 0 55 0.19734
0.585 1.64977e-19 2.73799e-15 0 55 0.19734
0.586 1.65542e-19 2.74736e-15 0 55 0.19734
0.587 1.66107e-19 2.75675e-15 0 55 0.19734
0.588 1.66673e-19 2.76615e-15 0 55 0.19734
0.589 1.67241e-19 2.77556e-15 0 55 0.19734
0.59 1.67809e-19 2.785e-15 0 55 0.19734
0.591 1.68378e-19 2.79444e-15 0 55 0.19734
0.592 1.68949e-19 2.80391e-15 0 55 0.19734
0.593 1.6952e-19 2.81339e-15 0 55 0.19734
0.594 1.70092e-19 2.82289e-15 0 55 0.19734
0.595 1.70665e-19 2.8324e-15 0 55 0.19734
0.596 1.7124e-19 2.84193e-15 0 55 0.19734
0.597 1.71815e-19 2.85147e-15 0 55 0.19734
0.598 1.72391e-19 2.86103e-15 0 55 0.19734
0.599 1.72968e-19 2.87061e-15 0 55 0.19734
0.6 1.73546e-19 2.8802e-15 0 55 0.19734
0.601 1.74125e-19 2.88981e-15 0 55 0.19734
0.602 1.74705e-19 2.89944e-15 0 55 0.19734
0.603 1.75286e-19 2.90908e-15 0 55 0.19734
0.604 1.75867e-19 2.91873e-15 0 55 0.19734
0.605 1.7645e-19 2.92841e-15 0 55 0.19734
0.606 1.77034e-19 2.93809e-15 0 55 0.19734
0.607 1.77619e-19 2.9478e-15 0 55 0.19734
0.608 1.78205e-19 2.95752e-15 0 55 0.19734
0.609 1.78791e-19 2.96726e-15 0 55 0.19734
0.61 1.79379e-19 2.97701e-15 0 55 0.19734
0.611 1.79967e-19 2.98678e-15 0 55 0.19734
0.612 1.80557e-19 2.99656e-15 0 55 0.19734
0.613 1.81148e-19 3.00636e-15 0 55 0.19734
0.614 1.81739e-19 3.01618e-15 0 55 0.19734
0.615 1.82332e-19 3.02601e-15 0 55 0.19734
0.616 1.82925e-19 3.03586e-15 0 55 0.19734
0.617 1.83519e-19 3.04573e-15 0 55 0.19734
0.618 1.84115e-19 3.05561e-15 0 55 0.19734
0.619 1.84711e-19 3.0655e-15 0 55 0.19734
0.62 1.85308e-19 3.07542e-15 0 55 0.19734
0.621 1.85907e-19 3.08534e-15 0 55 0.19734
0.622 1.86506e-19 3.09529e-15 0 55 0.19734
0.623 1.87106e-19 3.10525e-15 0 55 0.19734
0.624 1.87707e-19 3.11523e-15 0 55 0.19734
0.625 1.88309e-19 3.12522e-15 0 55 0.19734
0.626 1.88912e-19 3.13523e-15 0 55 0.19734
0.627 1.89516e-19 3.14525e-15 0 55 0.19734
0.628 1.90121e-19 3.15529e-15 0 55 0.19734
0.629 1.90727e-19 3.16535e-15 0 55 0.19734
0.63 1.91334e-19 3.17542e-15 0 55 0.19734
0.631 1.91942e-19 3.18551e-15 0 55 0.19734
0.632 1.92551e-19 3.19562e-15 0 55 0.19734
0.633 1.93161e-19 3.20574e-15 0 55 0.19734
0.634 1.93772e-19 3.21587e-15 0 55 0.19734
0.635 1.94383e-19 3.22603e-15 0 55 0.19734
0.636 1.94996e-19 3.2362e-15 0 55 0.19734
0.637 1.9561e-19 3.24638e-15 0 55 0.19734
0.638 1.96224e-19 3.25658e-15 0 55 0.19734
0.639 1.9684e-19 3.2668e-15 0 55 0.19734
0.64 1.97457e-19 3.27703e-15 0 55 0.19734
0.641 1.98074e-19 3.28728e-15 0 55 0.19734
0.642 1.98693e-19 3.29754e-15 0 55 0.19734
0.643 1.99312e-19 3.30782e-15 0 55 0.19734
0.644 1.99933e-19 3.31812e-15 0 55 0.19734
0.645 2.00554e-19 3.32843e-15 0 55 0.19734
0.646 2.01176e-19 3.33876e-15 0 55 0.19734
0.647 2.018e-19 3.34911e-15 0 55 0.19734
0.648 2.02424e-19 3.35947e-15 0 55 0.19734
0.649 2.03049e-19 3.36984e-15 0 55 0.19734
0.65 2.03675e-19 3.38024e-15 0 55 0.19734
0.651 2.04302e-19 3.39065e-15 0 55 0.19734
0.652 2.04931e-19 3.40107e-15 0 55 0.19734
0.653 2.0556e-19 3.41151e-15 0 55 0.19734
0.654 2.0619e-19 3.42197e-15 0 55 0.19734
0.655 2.06821e-19 3.43244e-15 0 55 0.19734
0.656 2.07453e-19 3.44293e-15 0 55 0.19734
0.657 2.08086e-19 3.45343e-15 0 55 0.19734
0.658 2.0872e-19 3.46396e-15 0 55 0.19734
0.659 2.09355e-19 3.47449e-15 0 55 0.19734
0.66 2.0999e-19 3.48505e-15 0 55 0.19734
0.661 2.10627e-19 3.49561e-15 0 55 0.19734
0.662 2.11265e-19 3.5062e-15 0 55 0.19734
0.663 2.11904e-19 3.5168e-15 0 55 0.19734
0.664 2.12543e-19 3.52742e-15 0 55 0.19734
0.665 2.13184e-19 3.53805e-15 0 55 0.19734
0.666 2.13826e-19 3.5487e-15 0 55 0.19734
0.667 2.14468e-19 3.55936e-15 0 55 0.19734
0.668 2.15112e-19 3.57004e-15 0 55 0.19734
0.669 2.15757e-19 3.58074e-15 0 55 0.19734
0.67 2.16402e-19 3.59145e-15 0 55 0.19734
0.671 2.17048e-19 3.60218e-15 0 55 0.19734
0.672 2.17696e-19 3.61293e-15 0 55 0.19734
0.673 2.18344e-19 3.62369e-15 0 55 0.19734
0.674 2.18994e-19 3.63446e-15 0 55 0.19734
0.675 2.19644e-19 3.64526e-15 0 55 0.19734
0.676 2.20295e-19 3.65607e-15 0 55 0.19734
0.677 2.20947e-19 3.66689e-15 0 55 0.19734
0.678 2.21601e-19 3.67773e-15 0 55 0.19734
0.679 2.22255e-19 3.68859e-15 0 55 0.19734
0.68 2.2291e-19 3.69946e-15 0 55 0.19734
0.681 2.23566e-19 3.71035e-15 0 55 0.19734
0.682 2.24223e-19 3.72125e-15 0 55 0.19734
0.683 2.24881e-19 3.73217e-15 0 55 0.19734
0.684 2.2554e-19 3.74311e-15 0 55 0.19734
0.685 2.262e-19 3.75406e-15 0 55 0.19734
0.686 2.26861e-19 3.76503e-15 0 55 0.19734
0.687 2.27523e-19 3.77602e-15 0 55 0.19734
0.688 2.28186e-19 3.78702e-15 0 55 0.19734
0.689 2.2885e-19 3.79804e-15 0 55 0.19734
0.69 2.29514e-19 3.80907e-15 0 55 0.19734
0.691 2.3018e-19 3.82012e-15 0 55 0.19734
0.692 2.30847e-19 3.83118e-15 0 55 0.19734
0.693 2.31514e-19 3.84226e-15 0 55 0.19734
0.694 2.32183e-19 3.85336e-15 0 55 0.19734
0.695 2.32853e-19 3.86447e-15 0 55 0.19734
0.696 2.33523e-19 3.8756e-15 0 55 0.19734
0.697 2.34195e-19 3.88675e-15 0 55 0.19734
0.698 2.34867e-19 3.89791e-15 0 55 0.19734
0.699 2.35541e-19 3.90908e-15 0 55 0.19734
0.7 2.36215e-19 3.92028e-15 0 55 0.19734
0.701 2.36891e-19 3.93148e-15 0 55 0.19734
0.702 2.37567e-19 3.94271e-15 0 55 0.19734
0.703 2.38244e-19 3.95395e-15 0 55 0.19734
0.704 2.38922e-19 3.96521e-15 0 55 0.19734
0.705 2.39602e-19 3.97648e-15 0 55 0.19734
0.706 2.40282e-19 3.98777e-15 0 55 0.19734
0.707 2.40963e-19 3.99907e-15 0 55 0.19734
0.708 2.41645e-19 4.01039e-15 0 55 0.19734
0.709 2.42328e-19 4.02173e-15 0 55 0.19734
0.71 2.43012e-19 4.03308e-15 0 55 0.19734
0.711 2.43697e-19 4.04445e-15 0 55 0.19734
0.712 2.44383e-19 4.05584e-15 0 55 0.19734
0.713 2.4507e-19 4.06724e-15 0 55 0.19734
0.714 2.45758e-19 4.07865e-15 0 55 0.19734
0.715 2.46447e-19 4.09009e-15 0 55 0.19734
0.716 2.47137e-19 4.10154e-15 0 55 0.19734
0.717 2.47828e-19 4.113e-15 0 55 0.19734
0.718 2.4852e-19 4.12448e-15 0 55 0.19734
0.719 2.49212e-19 4.13598e-15 0 55 0.19734
0.72 2.49906e-19 4.14749e-15 0 55 0.19734
0.721 2.50601e-19 4.15902e-15 0 55 0.19734
0.722 2.51296e-19 4.17057e-15 0 55 0.19734
0.723 2.51993e-19 4.18213e-15 0 55 0.19734
0.724 2.5269e-19 4.1937e-15 0 55 0.19734
0.725 2.53389e-19 4.2053e-15 0 55 0.19734
0.726 2.54088e-19 4.2169e-15 0 55 0.19734
0.727 2.54789e-19 4.22853e-15 0 55 0.19734
0.728 2.5549e-19 4.24017e-15 0 55 0.19734
0.729 2.56193e-19 4.25183e-15 0 55 0.19734
0.73 2.56896e-19 4.2635e-15 0 55 0.19734
0.731 2.576e-19 4.27519e-15 0 55 0.19734
0.732 2.58306e-19 4.28689e-15 0 55 0.19734
0.733 2.59012e-19 4.29861e-15 0 55 0.19734
0.734 2.59719e-19 4.31035e-15 0 55 0.19734
0.735 2.60427e-19 4.3221e-15 0 55 0.19734
0.736 2.61136e-19 4.33387e-15 0 55 0.19734
0.737 2.61846e-19 4.34566e-15 0 55 0.19734
0.738 2.62557e-19 4.35746e-15 0 55 0.19734
0.739 2.63269e-19 4.36928e-15 0 55 0.19734
0.74 2.63982e-19 4.38111e-15 0 55 0.19734
0.741 2.64696e-19 4.39296e-15 0 55 0.19734
0.742 2.65411e-19 4.40482e-15 0 55 0.19734
0.743 2.66127e-19 4.4167e-15 0 55 0.19734
0.744 2.66844e-19 4.4286e-15 0 55 0.19734
0.745 2.67562e-19 4.44051e-15 0 55 0.19734
0.746 2.68281e-19 4.45244e-15 0 55 0.19734
0.747 2.69e-19 4.46439e-15 0 55 0.19734
0.748 2.69721e-19 4.47635e-15 0 55 0.19734
0.749 2.70443e-19 4.48832e-15 0 55 0.19734
0.75 2.71165e-19 4.50032e-15 0 55 0.19734
0.751 2.71889e-19 4.51233e-15 0 55 0.19734
0.752 2.72613e-19 4.52435e-15 0 55 0.19734
0.753 2.73339e-19 4.53639e-15 0 55 0.19734
0.754 2.74065e-19 4.54845e-15 0 55 0.19734
0.755 2.74793e-19 4.56052e-15 0 55 0.19734
0.756 2.75521e-19 4.57261e-15 0 55 0.19734
0.757 2.76251e-19 4.58471e-15 0 55 0.19734
0.758 2.76981e-19 4.59684e-15 0 55 0.19734
0.759 2.77712e-19 4.60897e-15 0 55 0.19734
0.76 2.78445e-19 4.62112e-15 0 55 0.19734
0.761 2.79178e-19 4.63329e-15 0 55 0.19734
0.762 2.79912e-19 4.64548e-15 0 55 0.19734
0.763 2.80647e-19 4.65768e-15 0 55 0.19734
0.764 2.81383e-19 4.6699e-15 0 55 0.19734
0.765 2.8212e-19 4.68213e-15 0 55 0.19734
0.766 2.82858e-19 4.69438e-15 0 55 0.19734
0.767 2.83597e-19 4.70664e-15 0 55 0.19734
0.768 2.84337e-19 4.71892e-15 0 55 0.19734
0.769 2.85078e-19 4.73122e-15 0 55 0.19734
0.77 2.8582e-19 4.74353e-15 0 55 0.19734
0.771 2.86563e-19 4.75586e-15 0 55 0.19734
0.772 2.87307e-19 4.76821e-15 0 55 0.19734
0.773 2.88052e-19 4.78057e-15 0 55 0.19734
0.774 2.88798e-19 4.79294e-15 0 55 0.19734
0.775 2.89544e-19 4.80534e-15 0 55 0.19734
0.776 2.90292e-19 4.81775e-15 0 55 0.19734
0.777 2.91041e-19 4.83017e-15 0 55 0.19734
0.778 2.9179e-19 4.84261e-15 0 55 0.19734
0.779 2.92541e-19 4.85507e-15 0 55 0.19734
0.78 2.93292e-19 4.86754e-15 0 55 0.19734
0.781 2.94045e-19 4.88003e-15 0 55 0.19734
0.782 2.94798e-19 4.89254e-15 0 55 0.19734
0.783 2.95553e-19 4.90506e-15 0 55 0.19734
0.784 2.96308e-19 4.91759e-15 0 55 0.19734
0.785 2.97065e-19 4.93015e-15 0 55 0.19734
0.786 2.97822e-19 4.94272e-15 0 55 0.19734
0.787 2.9858e-19 4.9553e-15 0 55 0.19734
0.788 2.9934e-19 4.9679e-15 0 55 0.19734
0.789 3.001e-19 4.98052e-15 0 55 0.19734
0.79 3.00861e-19 4.99315e-15 0 55 0.19734
0.791 3.01623e-19 5.0058e-15 0 55 0.19734
0.792 3.02386e-19 5.01846e-15 0 55 0.19734
0.793 3.0315e-19 5.03115e-15 0 55 0.19734
0.794 3.03915e-19 5.04384e-15 0 55 0.19734
0.795 3.04681e-19 5.05656e-15 0 55 0.19734
0.796 3.05448e-19 5.06928e-15 0 55 0.19734
0.797 3.06216e-19 5.08203e-15 0 55 0.19734
0.798 3.06985e-19 5.09479e-15 0 55 0.19734
0.799 3.07755e-19 5.10757e-15 0 55 0.19734
0.8 3.08526e-19 5.12036e-15 0 55 0.19734
0.801 3.09298e-19 5.13317e-15 0 55 0.19734
0.802 3.1007e-19 5.14599e-15 0 55 0.19734
0.803 3.10844e-19 5.15883e-15 0 55 0.19734
0.804 3.11619e-19 5.17169e-15 0 55 0.19734
0.805 3.12395e-19 5.18456e-15 0 55 0.19734
0.806 3.13171e-19 5.19745e-15 0 55 0.19734
0.807 3.13949e-19 5.21036e-15 0 55 0.19734
0.808 3.14727e-19 5.22328e-15 0 55 0.19734
0.809 3.15507e-19 5.23622e-15 0 55 0.19734
0.81 3.16287e-19 5.24917e-15 0 55 0.19734
0.811 3.17069e-19 5.26214e-15 0 55 0.19734
0.812 3.17851e-19 5.27512e-15 0 55 0.19734
0.813 3.18634e-19 5.28812e-15 0 55 0.19734
0.814 3.19419e-19 5.30114e-15 0 55 0.19734
0.815 3.20204e-19 5.31417e-15 0 55 0.19734
0.816 3.2099e-19 5.32722e-15 0 55 0.19734
0.817 3.21778e-19 5.34029e-15 0 55 0.19734
0.818 3.22566e-19 5.35337e-15 0 55 0.19734
0.819 3.23355e-19 5.36647e-15 0 55 0.19734
0.82 3.24145e-19 5.37958e-15 0 55 0.19734
0.821 3.24936e-19 5.39271e-15 0 55 0.19734
0.822 3.25728e-19 5.40585e-15 0 55 0.19734
0.823 3.26521e-19 5.41901e-15 0 55 0.19734
0.824 3.27315e-19 5.43219e-15 0 55 0.19734
0.825 3.2811e-19 5.44538e-15 0 55 0.19734
0.826 3.28906e-19 5.45859e-15 0 55 0.19734
0.827 3.29703e-19 5.47182e-15 0 55 0.19734
0.828 3.30501e-19 5.48506e-15 0 55 0.19734
0.829 3.31299e-19 5.49831e-15 0 55 0.19734
0.83 3.32099e-19 5.51159e-15 0 55 0.19734
0.831 3.329e-19 5.52488e-15 0 55 0.19734
0.832 3.33702e-19 5.53818e-15 0 55 0.19734
0.833 3.34504e-19 5.5515e-15 0 55 0.19734
0.834 3.35308e-19 5.56484e-15 0 55 0.19734
0.835 3.36112e-19 5.57819e-15 0 55 0.19734
0.836 3.36918e-19 5.59156e-15 0 55 0.19734
0.837 3.37725e-19 5.60495e-15 0 55 0.19734
0.838 3.38532e-19 5.61835e-15 0 55 0.19734
0.839 3.3934e-19 5.63176e-15 0 55 0.19734
0.84 3.4015e-19 5.6452e-15 0 55 0.19734
0.841 3.4096e-19 5.65865e-15 0 55 0.19734
0.842 3.41772e-19 5.67211e-15 0 55 0.19734
0.843 3.42584e-19 5.68559e-15 0 55 0.19734
0.844 3.43397e-19 5.69909e-15 0 55 0.19734
0.845 3.44211e-19 5.7126e-15 0 55 0.19734
0.846 3.45026e-19 5.72613e-15 0 55 0.19734
0.847 3.45843e-19 5.73968e-15 0 55 0.19734
0.848 3.4666e-19 5.75324e-15 0 55 0.19734
0.849 3.47478e-19 5.76681e-15 0 55 0.19734
0.85 3.48297e-19 5.78041e-15 0 55 0.19734
0.851 3.49117e-19 5.79402e-15 0 55 0.19734
0.852 3.49938e-19 5.80764e-15 0 55 0.19734
0.853 3.5076e-19 5.82128e-15 0 55 0.19734
0.854 3.51583e-19 5.83494e-15 0 55 0.19734
0.855 3.52406e-19 5.84861e-15 0 55 0.19734
0.856 3.53231e-19 5.8623e-15 0 55 0.19734
0.857 3.54057e-19 5.87601e-15 0 55 0.19734
0.858 3.54884e-19 5.88973e-15 0 55 0.19734
0.859 3.55712e-19 5.90346e-15 0 55 0.19734
0.86 3.5654e-19 5.91722e-15 0 55 0.19734
0.861 3.5737e-19 5.93098e-15 0 55 0.19734
0.862 3.58201e-19 5.94477e-15 0 55 0.19734
0.863 3.59032e-19 5.95857e-15 0 55 0.19734
0.864 3.59865e-19 5.97239e-15 0 55 0.19734
0.865 3.60698e-19 5.98622e-15 0 55 0.19734
0.866 3.61533e-19 6.00007e-15 0 55 0.19734
0.867 3.62368e-19 6.01393e-15 0 55 0.19734
0.868 3.63204e-19 6.02782e-15 0 55 0.19734
0.869 3.64042e-19 6.04171e-15 0 55 0.19734
0.87 3.6488e-19 6.05563e-15 0 55 0.19734
0.871 3.65719e-19 6.06955e-15 0 55 0.19734
0.872 3.6656e-19 6.0835e-15 0 55 0.19734
0.873 3.67401e-19 6.09746e-15 0 55 0.19734
0.874 3.68243e-19 6.11144e-15 0 55 0.19734
0.875 3.69086e-19 6.12543e-15 0 55 0.19734
0.876 3.6993e-19 6.13944e-15 0 55 0.19734
0.877 3.70775e-19 6.15346e-15 0 55 0.19734
0.878 3.71621e-19 6.16751e-15 0 55 0.19734
0.879 3.72468e-19 6.18156e-15 0 55 0.19734
0.88 3.73316e-19 6.19564e-15 0 55 0.19734
0.881 3.74165e-19 6.20972e-15 0 55 0.19734
0.882 3.75015e-19 6.22383e-15 0 55 0.19734
0.883 3.75866e-19 6.23795e-15 0 55 0.19734
0.884 3.76718e-19 6.25209e-15 0 55 0.19734
0.885 3.77571e-19 6.26624e-15 0 55 0.19734
0.886 3.78424e-19 6.28041e-15 0 55 0.19734
0.887 3.79279e-19 6.29459e-15 0 55 0.19734
0.888 3.80135e-19 6.3088e-15 0 55 0.19734
0.889 3.80991e-19 6.32301e-15 0 55 0.19734
0.89 3.81849e-19 6.33725e-15 0 55 0.19734
0.891 3.82708e-19 6.35149e-15 0 55 0.19734
0.892 3.83567e-19 6.36576e-15 0 55 0.19734
0.893 3.84428e-19 6.38004e-15 0 55 0.19734
0.894 3.85289e-19 6.39434e-15 0 55 0.19734
0.895 3.86152e-19 6.40865e-15 0 55 0.19734
0.896 3.87015e-19 6.42298e-15 0 55 0.19734
0.897 3.87879e-19 6.43732e-15 0 55 0.19734
0.898 3.88745e-19 6.45169e-15 0 55 0.19734
0.899 3.89611e-19 6.46606e-15 0 55 0.19734
0.9 3.90478e-19 6.48046e-15 0 55 0.19734
0.901 3.91346e-19 6.49486e-15 0 55 0.19734
0.902 3.92215e-19 6.50929e-15 0 55 0.19734
0.903 3.93086e-19 6.52373e-15 0 55 0.19734
0.904 3.93957e-19 6.53819e-15 0 55 0.19734
0.905 3.94829e-19 6.55266e-15 0 55 0.19734
0.906 3.95702e-19 6.56715e-15 0 55 0.19734
0.907 3.96576e-19 6.58165e-15 0 55 0.19734
0.908 3.97451e-19 6.59618e-15 0 55 0.19734
0.909 3.98327e-19 6.61071e-15 0 55 0.19734
0.91 3.99204e-19 6.62527e-15 0 55 0.19734
0.911 4.00081e-19 6.63983e-15 0 55 0.19734
0.912 4.0096e-19 6.65442e-15 0 55 0.19734
0.913 4.0184e-19 6.66902e-15 0 55 0.19734
0.914 4.02721e-19 6.68364e-15 0 55 0.19734
0.915 4.03603e-19 6.69827e-15 0 55 0.19734
0.916 4.04485e-19 6.71292e-15 0 55 0.19734
0.917 4.05369e-19 6.72758e-15 0 55 0.19734
0.918 4.06253e-19 6.74227e-15 0 55 0.19734
0.919 4.07139e-19 6.75696e-15 0 55 0.19734
0.92 4.08026e-19 6.77168e-15 0 55 0.19734
0.921 4.08913e-19 6.78641e-15 0 55 0.19734
0.922 4.09801e-19 6.80115e-15 0 55 0.19734
0.923 4.10691e-19 6.81591e-15 0 55 0.19734
0.924 4.11581e-19 6.83069e-15 0 55 0.19734
0.925 4.12473e-19 6.84548e-15 0 55 0.19734
0.926 4.13365e-19 6.86029e-15 0 55 0.19734
0.927 4.14258e-19 6.87512e-15 0 55 0.19734
0.928 4.15152e-19 6.88996e-15 0 55 0.19734
0.929 4.16048e-19 6.90481e-15 0 55 0.19734
0.93 4.16944e-19 6.91969e-15 0 55 0.19734
0.931 4.17841e-19 6.93458e-15 0 55 0.19734
0.932 4.18739e-19 6.94948e-15 0 55 0.19734
0.933 4.19638e-19 6.9644e-15 0 55 0.19734
0.934 4.20538e-19 6.97934e-15 0 55 0.19734
0.935 4.21439e-19 6.99429e-15 0 55 0.19734
0.936 4.22341e-19 7.00926e-15 0 55 0.19734
0.937 4.23244e-19 7.02425e-15 0 55 0.19734
0.938 4.24148e-19 7.03925e-15 0 55 0.19734
0.939 4.25053e-19 7.05426e-15 0 55 0.19734
0.94 4.25959e-19 7.0693e-15 0 55 0.19734
0.941 4.26865e-19 7.08435e-15 0 55 0.19734
0.942 4.27773e-19 7.09941e-15 0 55 0.19734
0.943 4.28682e-19 7.11449e-15 0 55 0.19734
0.944 4.29591e-19 7.12959e-15 0 55 0.19734
0.945 4.30502e-19 7.1447e-15 0 55 0.19734
0.946 4.31414e-19 7.15983e-15 0 55 0.19734
0.947 4.32326e-19 7.17498e-15 0 55 0.19734
0.948 4.3324e-19 7.19014e-15 0 55 0.19734
0.949 4.34154e-19 7.20531e-15 0 55 0.19734
0.95 4.3507e-19 7.22051e-15 0 55 0.19734
0.951 4.35986e-19 7.23572e-15 0 55 0.19734
0.952 4.36904e-19 7.25094e-15 0 55 0.19734
0.953 4.37822e-19 7.26618e-15 0 55 0.19734
0.954 4.38741e-19 7.28144e-15 0 55 0.19734
0.955 4.39661e-19 7.29671e-15 0 55 0.19734
0.956 4.40583e-19 7.312e-15 0 55 0.19734
0.957 4.41505e-19 7.32731e-15 0 55 0.19734
0.958 4.42428e-19 7.34263e-15 0 55 0.19734
0.959 4.43352e-19 7.35797e-15 0 55 0.19734
0.96 4.44277e-19 7.37332e-15 0 55 0.19734
0.961 4.45203e-19 7.38869e-15 0 55 0.19734
0.962 4.4613e-19 7.40407e-15 0 55 0.19734
0.963 4.47058e-19 7.41947e-15 0 55 0.19734
0.964 4.47987e-19 7.43489e-15 0 55 0.19734
0.965 4.48917e-19 7.45032e-15 0 55 0.19734
0.966 4.49848e-19 7.46577e-15 0 55 0.19734
0.967 4.5078e-19 7.48124e-15 0 55 0.19734
0.968 4.51713e-19 7.49672e-15 0 55 0.19734
0.969 4.52647e-19 7.51222e-15 0 55 0.19734
0.97 4.53581e-19 7.52773e-15 0 55 0.19734
0.971 4.54517e-19 7.54326e-15 0 55 0.19734
0.972 4.55454e-19 7.5588e-15 0 55 0.19734
0.973 4.56391e-19 7.57436e-15 0 55 0.19734
0.974 4.5733e-19 7.58994e-15 0 55 0.19734
0.975 4.58269e-19 7.60553e-15 0 55 0.19734
0.976 4.5921e-19 7.62114e-15 0 55 0.19734
0.977 4.60151e-19 7.63677e-15 0 55 0.19734
0.978 4.61094e-19 7.65241e-15 0 55 0.19734
0.979 4.62037e-19 7.66807e-15 0 55 0.19734
0.98 4.62982e-19 7.68374e-15 0 55 0.19734
0.981 4.63927e-19 7.69943e-15 0 55 0.19734
0.982 4.64873e-19 7.71513e-15 0 55 0.19734
0.983 4.65821e-19 7.73086e-15 0 55 0.19734
0.984 4.66769e-19 7.74659e-15 0 55 0.19734
0.985 4.67718e-19 7.76235e-15 0 55 0.19734
0.986 4.68668e-19 7.77811e-15 0 55 0.19734
0.987 4.69619e-19 7.7939e-15 0 55 0.19734
0.988 4.70571e-19 7.8097e-15 0 55 0.19734
0.989 4.71524e-19 7.82552e-15 0 55 0.19734
0.99 4.72479e-19 7.84135e-15 0 55 0.19734
0.991 4.73433e-19 7.8572e-15 0 55 0.19734
0.992 4.74389e-19 7.87307e-15 0 55 0.19734
0.993 4.75346e-19 7.88895e-15 0 55 0.19734
0.994 4.76304e-19 7.90484e-15 0 55 0.19734
0.995 4.77263e-19 7.92076e-15 0 55 0.19734
0.996 4.78223e-19 7.93669e-15 0 55 0.19734
0.997 4.79184e-19 7.95263e-15 0 55 0.19734
0.998 4.80145e-19 7.96859e-15 0 55 0.19734
0.999 4.81108e-19 7.98457e-15 0 55 0.19734
1 4.82072e-19 8.00056e-15 0 55 0.19734
1.001 4.83036e-19 8.01657e-15 0 55 0.19734
1.002 4.84002e-19 8.0326e-15 0 55 0.19734
1.003 4.84968e-19 8.04864e-15 0 55 0.19734
1.004 4.85936e-19 8.06469e-15 0 55 0.19734
1.005 4.86904e-19 8.08077e-15 0 55 0.19734
1.006 4.87874e-19 8.09686e-15 0 55 0.19734
1.007 4.88844e-19 8.11296e-15 0 55 0.19734
1.008 4.89816e-19 8.12908e-15 0 55 0.19734
1.009 4.90788e-19 8.14522e-15 0 55 0.19734
1.01 4.91761e-19 8.16137e-15 0 55 0.19734
1.011 4.92736e-19 8.17754e-15 0 55 0.19734
1.012 4.93711e-19 8.19373e-15 0 55 0.19734
1.013 4.94687e-19 8.20993e-15 0 55 0.19734
1.014 4.95664e-19 8.22615e-15 0 55 0.19734
1.015 4.96642e-19 8.24238e-15 0 55 0.19734
1.016 4.97621e-19 8.25863e-15 0 55 0.19734
1.017 4.98601e-19 8.27489e-15 0 55 0.19734
1.018 4.99583e-19 8.29117e-15 0 55 0.19734
1.019 5.00564e-19 8.30747e-15 0 55 0.19734
1.02 5.01547e-19 8.32379e-15 0 55 0.19734
1.021 5.02531e-19 8.34011e-15 0 55 0.19734
1.022 5.03516e-19 8.35646e-15 0 55 0.19734
1.023 5.04502e-19 8.37282e-15 0 55 0.19734
1.024 5.05489e-19 8.3892e-15 0 55 0.19734
1.025 5.06477e-19 8.40559e-15 0 55 0.19734
1.026 5.07465e-19 8.422e-15 0 55 0.19734
1.027 5.08455e-19 8.43843e-15 0 55 0.19734
1.028 5.09446e-19 8.45487e-15 0 55 0.19734
1.029 5.10437e-19 8.47132e-15 0 55 0.19734
1.03 5.1143e-19 8.4878e-15 0 55 0.19734
1.031 5.12423e-19 8.50429e-15 0 55 0.19734
1.032 5.13418e-19 8.52079e-15 0 55 0.19734
1.033 5.14413e-19 8.53731e-15 0 55 0.19734
1.034 5.1541e-19 8.55385e-15 0 55 0.19734
1.035 5.16407e-19 8.5704e-15 0 55 0.19734
1.036 5.17406e-19 8.58697e-15 0 55 0.19734
1.037 5.18405e-19 8.60356e-15 0 55 0.19734
1.038 5.19405e-19 8.62016e-15 0 55 0.19734
1.039 5.20407e-19 8.63678e-15 0 55 0.19734
1.04 5.21409e-19 8.65341e-15 0 55 0.19734
1.041 5.22412e-19 8.67006e-15 0 55 0.19734
1.042 5.23416e-19 8.68672e-15 0 55 0.19734
1.043 5.24421e-19 8.7034e-15 0 55 0.19734
1.044 5.25427e-19 8.7201e-15 0 55 0.19734
1.045 5.26434e-19 8.73681e-15 0 55 0.19734
1.046 5.27442e-19 8.75354e-15 0 55 0.19734
1.047 5.28451e-19 8.77029e-15 0 55 0.19734
1.048 5.29461e-19 8.78705e-15 0 55 0.19734
1.049 5.30472e-19 8.80383e-15 0 55 0.19734
1.05 5.31484e-19 8.82062e-15 0 55 0.19734
1.051 5.32497e-19 8.83743e-15 0 55 0.19734
1.052 5.33511e-19 8.85425e-15 0 55 0.19734
1.053 5.34525e-19 8.8711e-15 0 55 0.19734
1.054 5.35541e-19 8.88795e-15 0 55 0.19734
1.055 5.36558e-19 8.90483e-15 0 55 0.19734
1.056 5.37576e-19 8.92172e-15 0 55 0.19734
1.057 5.38594e-19 8.93862e-15 0 55 0.19734
1.058 5.39614e-19 8.95554e-15 0 55 0.19734
1.059 5.40634e-19 8.97248e-15 0 55 0.19734
1.06 5.41656e-19 8.98943e-15 0 55 0.19734
1.061 5.42678e-19 9.0064e-15 0 55 0.19734
1.062 5.43702e-19 9.02339e-15 0 55 0.19734
1.063 5.44726e-19 9.04039e-15 0 55 0.19734
1.064 5.45751e-19 9.0574e-15 0 55 0.19734
1.065 5.46778e-19 9.07444e-15 0 55 0.19734
1.066 5.47805e-19 9.09149e-15 0 55 0.19734
1.067 5.48833e-19 9.10855e-15 0 55 0.19734
1.068 5.49863e-19 9.12563e-15 0 55 0.19734
1.069 5.50893e-19 9.14273e-15 0 55 0.19734
1.07 5.51924e-19 9.15984e-15 0 55 0.19734
1.071 5.52956e-19 9.17697e-15 0 55 0.19734
1.072 5.53989e-19 9.19412e-15 0 55 0.19734
1.073 5.55023e-19 9.21128e-15 0 55 0.19734
1.074 5.56058e-19 9.22846e-15 0 55 0.19734
1.075 5.57094e-19 9.24565e-15 0 55 0.19734
1.076 5.58131e-19 9.26286e-15 0 55 0.19734
1.077 5.59169e-19 9.28008e-15 0 55 0.19734
1.078 5.60208e-19 9.29733e-15 0 55 0.19734
1.079 5.61248e-19 9.31458e-15 0 55 0.19734
1.08 5.62288e-19 9.33186e-15 0 55 0.19734
1.081 5.6333e-19 9.34915e-15 0 55 0.19734
1.082 5.64373e-19 9.36645e-15 0 55 0.19734
1.083 5.65417e-19 9.38377e-15 0 55 0.19734
1.084 5.66461e-19 9.40111e-15 0 55 0.19734
1.085 5.67507e-19 9.41846e-15 0 55 0.19734
1.086 5.68553e-19 9.43583e-15 0 55 0.19734
1.087 5.69601e-19 9.45322e-15 0 55 0.19734
1.088 5.7065e-19 9.47062e-15 0 55 0.19734
1.089 5.71699e-19 9.48804e-15 0 55 0.19734
1.09 5.72749e-19 9.50547e-15 0 55 0.19734
1.091 5.73801e-19 9.52292e-15 0 55 0.19734
1.092 5.74853e-19 9.54038e-15 0 55 0.19734
1.093 5.75907e-19 9.55786e-15 0 55 0.19734
1.094 5.76961e-19 9.57536e-15 0 55 0.19734
1.095 5.78016e-19 9.59287e-15 0 55 0.19734
1.096 5.79072e-19 9.6104e-15 0 55 0.19734
1.097 5.80129e-19 9.62795e-15 0 55 0.19734
1.098 5.81188e-19 9.64551e-15 0 55 0.19734
1.099 5.82247e-19 9.66309e-15 0 55 0.19734
1.1 5.83307e-19 9.68068e-15 0 55 0.19734
1.101 5.84368e-19 9.69829e-15 0 55 0.19734
1.102 5.8543e-19 9.71592e-15 0 55 0.19734
1.103 5.86493e-19 9.73356e-15 0 55 0.19734
1.104 5.87557e-19 9.75121e-15 0 55 0.19734
1.105 5.88622e-19 9.76889e-15 0 55 0.19734
1.106 5.89687e-19 9.78658e-15 0 55 0.19734
1.107 5.90754e-19 9.80428e-15 0 55 0.19734
1.108 5.91822e-19 9.822e-15 0 55 0.19734
1.109 5.92891e-19 9.83974e-15 0 55 0.19734
1.11 5.93961e-19 9.85749e-15 0 55 0.19734
1.111 5.95031e-19 9.87526e-15 0 55 0.19734
1.112 5.96103e-19 9.89305e-15 0 55 0.19734
1.113 5.97176e-19 9.91085e-15 0 55 0.19734
1.114 5.98249e-19 9.92867e-15 0 55 0.19734
1.115 5.99324e-19 9.9465e-15 0 55 0.19734
1.116 6.00399e-19 9.96435e-15 0 55 0.19734
1.117 6.01476e-19 9.98221e-15 0 55 0.19734
1.118 6.02553e-19 1.00001e-14 0 55 0.19734
1.119 6.03631e-19 1.0018e-14 0 55 0.19734
1.12 6.04711e-19 1.00359e-14 0 55 0.19734
1.121 6.05791e-19 1.00538e-14 0 55 0.19734
1.122 6.06872e-19 1.00718e-14 0 55 0.19734
1.123 6.07955e-19 1.00897e-14 0 55 0.19734
1.124 6.09038e-19 1.01077e-14 0 55 0.19734
1.125 6.10122e-19 1.01257e-14 0 55 0.19734
1.126 6.11207e-19 1.01437e-14 0 55 0.19734
1.127 6.12293e-19 1.01617e-14 0 55 0.19734
1.128 6.1338e-19 1.01798e-14 0 55 0.19734
1.129 6.14468e-19 1.01978e-14 0 55 0.19734
1.13 6.15557e-19 1.02159e-14 0 55 0.19734
1.131 6.16647e-19 1.0234e-14 0 55 0.19734
1.132 6.17738e-19 1.02521e-14 0 55 0.19734
1.133 6.1883e-19 1.02702e-14 0 55 0.19734
1.134 6.19923e-19 1.02884e-14 0 55 0.19734
1.135 6.21017e-19 1.03065e-14 0 55 0.19734
1.136 6.22112e-19 1.03247e-14 0 55 0.19734
1.137 6.23207e-19 1.03429e-14 0 55 0.19734
1.138 6.24304e-19 1.03611e-14 0 55 0.19734
1.139 6.25402e-19 1.03793e-14 0 55 0.19734
1.14 6.265e-19 1.03975e-14 0 55 0.19734
1.141 6.276e-19 1.04158e-14 0 55 0.19734
1.142 6.28701e-19 1.0434e-14 0 55 0.19734
1.143 6.29802e-19 1.04523e-14 0 55 0.19734
1.144 6.30905e-19 1.04706e-14 0 55 0.19734
1.145 6.32008e-19 1.04889e-14 0 55 0.19734
1.146 6.33113e-19 1.05073e-14 0 55 0.19734
1.147 6.34218e-19 1.05256e-14 0 55 0.19734
1.148 6.35324e-19 1.0544e-14 0 55 0.19734
1.149 6.36432e-19 1.05624e-14 0 55 0.19734
1.15 6.3754e-19 1.05807e-14 0 55 0.19734
1.151 6.38649e-19 1.05992e-14 0 55 0.19734
1.152 6.39759e-19 1.06176e-14 0 55 0.19734
1.153 6.4087e-19 1.0636e-14 0 55 0.19734
1.154 6.41983e-19 1.06545e-14 0 55 0.19734
1.155 6.43096e-19 1.0673e-14 0 55 0.19734
1.156 6.4421e-19 1.06914e-14 0 55 0.19734
1.157 6.45325e-19 1.07099e-14 0 55 0.19734
1.158 6.46441e-19 1.07285e-14 0 55 0.19734
1.159 6.47558e-19 1.0747e-14 0 55 0.19734
1.16 6.48676e-19 1.07656e-14 0 55 0.19734
1.161 6.49795e-19 1.07841e-14 0 55 0.19734
1.162 6.50914e-19 1.08027e-14 0 55 0.19734
1.163 6.52035e-19 1.08213e-14 0 55 0.19734
1.164 6.53157e-19 1.08399e-14 0 55 0.19734
1.165 6.5428e-19 1.08586e-14 0 55 0.19734
1.166 6.55404e-19 1.08772e-14 0 55 0.19734
1.167 6.56528e-19 1.08959e-14 0 55 0.19734
1.168 6.57654e-19 1.09146e-14 0 55 0.19734
1.169 6.5878e-19 1.09333e-14 0 55 0.19734
1.17 6.59908e-19 1.0952e-14 0 55 0.19734
1.171 6.61037e-19 1.09707e-14 0 55 0.19734
1.172 6.62166e-19 1.09894e-14 0 55 0.19734
1.173 6.63296e-19 1.10082e-14 0 55 0.19734
1.174 6.64428e-19 1.1027e-14 0 55 0.19734
1.175 6.6556e-19 1.10458e-14 0 55 0.19734
1.176 6.66694e-19 1.10646e-14 0 55 0.19734
1.177 6.67828e-19 1.10834e-14 0 55 0.19734
1.178 6.68963e-19 1.11023e-14 0 55 0.19734
1.179 6.70099e-19 1.11211e-14 0 55 0.19734
1.18 6.71237e-19 1.114e-14 0 55 0.19734
1.181 6.72375e-19 1.11589e-14 0 55 0.19734
1.182 6.73514e-19 1.11778e-14 0 55 0.19734
1.183 6.74654e-19 1.11967e-14 0 55 0.19734
1.184 6.75795e-19 1.12156e-14 0 55 0.19734
1.185 6.76937e-19 1.12346e-14 0 55 0.19734
1.186 6.7808e-19 1.12536e-14 0 55 0.19734
1.187 6.79224e-19 1.12725e-14 0 55 0.19734
1.188 6.80369e-19 1.12915e-14 0 55 0.19734
1.189 6.81515e-19 1.13106e-14 0 55 0.19734
1.19 6.82662e-19 1.13296e-14 0 55 0.19734
1.191 6.8381e-19 1.13486e-14 0 55 0.19734
1.192 6.84958e-19 1.13677e-14 0 55 0.19734
1.193 6.86108e-19 1.13868e-14 0 55 0.19734
1.194 6.87259e-19 1.14059e-14 0 55 0.19734
1.195 6.8841e-19 1.1425e-14 0 55 0.19734
1.196 6.89563e-19 1.14441e-14 0 55 0.19734
1.197 6.90717e-19 1.14633e-14 0 55 0.19734
1.198 6.91871e-19 1.14824e-14 0 55 0.19734
1.199 6.93027e-19 1.15016e-14 0 55 0.19734
1.2 6.94183e-19 1.15208e-14 0 55 0.19734
1.201 6.95341e-19 1.154e-14 0 55 0.19734
1.202 6.96499e-19 1.15592e-14 0 55 0.19734
1.203 6.97659e-19 1.15785e-14 0 55 0.19734
1.204 6.98819e-19 1.15977e-14 0 55 0.19734
1.205 6.9998e-19 1.1617e-14 0 55 0.19734
1.206 7.01142e-19 1.16363e-14 0 55 0.19734
1.207 7.02306e-19 1.16556e-14 0 55 0.19734
1.208 7.0347e-19 1.16749e-14 0 55 0.19734
1.209 7.04635e-19 1.16943e-14 0 55 0.19734
1.21 7.05801e-19 1.17136e-14 0 55 0.19734
1.211 7.06968e-19 1.1733e-14 0 55 0.19734
1.212 7.08136e-19 1.17524e-14 0 55 0.19734
1.213 7.09305e-19 1.17718e-14 0 55 0.19734
1.214 7.10475e-19 1.17912e-14 0 55 0.19734
1.215 7.11646e-19 1.18106e-14 0 55 0.19734
1.216 7.12818e-19 1.18301e-14 0 55 0.19734
1.217 7.13991e-19 1.18495e-14 0 55 0.19734
1.218 7.15165e-19 1.1869e-14 0 55 0.19734
1.219 7.1634e-19 1.18885e-14 0 55 0.19734
1.22 7.17516e-19 1.1908e-14 0 55 0.19734
1.221 7.18692e-19 1.19276e-14 0 55 0.19734
1.222 7.1987e-19 1.19471e-14 0 55 0.19734
1.223 7.21049e-19 1.19667e-14 0 55 0.19734
1.224 7.22228e-19 1.19863e-14 0 55 0.19734
1.225 7.23409e-19 1.20058e-14 0 55 0.19734
1.226 7.2459e-19 1.20255e-14 0 55 0.19734
1.227 7.25773e-19 1.20451e-14 0 55 0.19734
1.228 7.26956e-19 1.20647e-14 0 55 0.19734
1.229 7.28141e-19 1.20844e-14 0 55 0.19734
1.23 7.29326e-19 1.21041e-14 0 55 0.19734
1.231 7.30513e-19 1.21237e-14 0 55 0.19734
1.232 7.317e-19 1.21434e-14 0 55 0.19734
1.233 7.32888e-19 1.21632e-14 0 55 0.19734
1.234 7.34078e-19 1.21829e-14 0 55 0.19734
1.235 7.35268e-19 1.22027e-14 0 55 0.19734
1.236 7.36459e-19 1.22224e-14 0 55 0.19734
1.237 7.37651e-19 1.22422e-14 0 55 0.19734
1.238 7.38844e-19 1.2262e-14 0 55 0.19734
1.239 7.40038e-19 1.22818e-14 0 55 0.19734
1.24 7.41233e-19 1.23017e-14 0 55 0.19734
1.241 7.4243e-19 1.23215e-14 0 55 0.19734
1.242 7.43626e-19 1.23414e-14 0 55 0.19734
1.243 7.44824e-19 1.23613e-14 0 55 0.19734
1.244 7.46023e-19 1.23812e-14 0 55 0.19734
1.245 7.47223e-19 1.24011e-14 0 55 0.19734
1.246 7.48424e-19 1.2421e-14 0 55 0.19734
1.247 7.49626e-19 1.24409e-14 0 55 0.19734
1.248 7.50829e-19 1.24609e-14 0 55 0.19734
1.249 7.52032e-19 1.24809e-14 0 55 0.19734
1.25 7.53237e-19 1.25009e-14 0 55 0.19734
1.251 7.54443e-19 1.25209e-14 0 55 0.19734
1.252 7.55649e-19 1.25409e-14 0 55 0.19734
1.253 7.56857e-19 1.2561e-14 0 55 0.19734
1.254 7.58066e-19 1.2581e-14 0 55 0.19734
1.255 7.59275e-19 1.26011e-14 0 55 0.19734
1.256 7.60486e-19 1.26212e-14 0 55 0.19734
1.257 7.61697e-19 1.26413e-14 0 55 0.19734
1.258 7.62909e-19 1.26614e-14 0 55 0.19734
1.259 7.64123e-19 1.26815e-14 0 55 0.19734
1.26 7.65337e-19 1.27017e-14 0 55 0.19734
1.261 7.66552e-19 1.27219e-14 0 55 0.19734
1.262 7.67769e-19 1.2742e-14 0 55 0.19734
1.263 7.68986e-19 1.27622e-14 0 55 0.19734
1.264 7.70204e-19 1.27825e-14 0 55 0.19734
1.265 7.71423e-19 1.28027e-14 0 55 0.19734
1.266 7.72643e-19 1.28229e-14 0 55 0.19734
1.267 7.73864e-19 1.28432e-14 0 55 0.19734
1.268 7.75086e-19 1.28635e-14 0 55 0.19734
1.269 7.7631e-19 1.28838e-14 0 55 0.19734
1.27 7.77533e-19 1.29041e-14 0 55 0.19734
1.271 7.78758e-19 1.29244e-14 0 55 0.19734
1.272 7.79984e-19 1.29448e-14 0 55 0.19734
1.273 7.81211e-19 1.29651e-14 0 55 0.19734
1.274 7.82439e-19 1.29855e-14 0 55 0.19734
1.275 7.83668e-19 1.30059e-14 0 55 0.19734
1.276 7.84898e-19 1.30263e-14 0 55 0.19734
1.277 7.86128e-19 1.30467e-14 0 55 0.19734
1.278 7.8736e-19 1.30672e-14 0 55 0.19734
1.279 7.88593e-19 1.30876e-14 0 55 0.19734
1.28 7.89826e-19 1.31081e-14 0 55 0.19734
1.281 7.91061e-19 1.31286e-14 0 55 0.19734
1.282 7.92296e-19 1.31491e-14 0 55 0.19734
1.283 7.93533e-19 1.31696e-14 0 55 0.19734
1.284 7.9477e-19 1.31902e-14 0 55 0.19734
1.285 7.96009e-19 1.32107e-14 0 55 0.19734
1.286 7.97248e-19 1.32313e-14 0 55 0.19734
1.287 7.98489e-19 1.32519e-14 0 55 0.19734
1.288 7.9973e-19 1.32725e-14 0 55 0.19734
1.289 8.00972e-19 1.32931e-14 0 55 0.19734
1.29 8.02216e-19 1.33137e-14 0 55 0.19734
1.291 8.0346e-19 1.33344e-14 0 55 0.19734
1.292 8.04705e-19 1.33551e-14 0 55 0.19734
1.293 8.05951e-19 1.33757e-14 0 55 0.19734
1.294 8.07198e-19 1.33964e-14 0 55 0.19734
1.295 8.08446e-19 1.34171e-14 0 55 0.19734
1.296 8.09695e-19 1.34379e-14 0 55 0.19734
1.297 8.10945e-19 1.34586e-14 0 55 0.19734
1.298 8.12196e-19 1.34794e-14 0 55 0.19734
1.299 8.13448e-19 1.35002e-14 0 55 0.19734
1.3 8.14701e-19 1.3521e-14 0 55 0.19734
1.301 8.15955e-19 1.35418e-14 0 55 0.19734
1.302 8.1721e-19 1.35626e-14 0 55 0.19734
1.303 8.18466e-19 1.35834e-14 0 55 0.19734
1.304 8.19722e-19 1.36043e-14 0 55 0.19734
1.305 8.2098e-19 1.36252e-14 0 55 0.19734
1.306 8.22239e-19 1.3646e-14 0 55 0.19734
1.307 8.23499e-19 1.3667e-14 0 55 0.19734
1.308 8.24759e-19 1.36879e-14 0 55 0.19734
1.309 8.26021e-19 1.37088e-14 0 55 0.19734
1.31 8.27283e-19 1.37298e-14 0 55 0.19734
1.311 8.28547e-19 1.37507e-14 0 55 0.19734
1.312 8.29811e-19 1.37717e-14 0 55 0.19734
1.313 8.31077e-19 1.37927e-14 0 55 0.19734
1.314 8.32343e-19 1.38137e-14 0 55 0.19734
1.315 8.3361e-19 1.38348e-14 0 55 0.19734
1.316 8.34879e-19 1.38558e-14 0 55 0.19734
1.317 8.36148e-19 1.38769e-14 0 55 0.19734
1.318 8.37418e-19 1.3898e-14 0 55 0.19734
1.319 8.3869e-19 1.39191e-14 0 55 0.19734
1.32 8.39962e-19 1.39402e-14 0 55 0.19734
1.321 8.41235e-19 1.39613e-14 0 55 0.19734
1.322 8.42509e-19 1.39825e-14 0 55 0.19734
1.323 8.43784e-19 1.40036e-14 0 55 0.19734
1.324 8.4506e-19 1.40248e-14 0 55 0.19734
1.325 8.46337e-19 1.4046e-14 0 55 0.19734
1.326 8.47615e-19 1.40672e-14 0 55 0.19734
1.327 8.48894e-19 1.40884e-14 0 55 0.19734
1.328 8.50174e-19 1.41097e-14 0 55 0.19734
1.329 8.51455e-19 1.41309e-14 0 55 0.19734
1.33 8.52737e-19 1.41522e-14 0 55 0.19734
1.331 8.54019e-19 1.41735e-14 0 55 0.19734
1.332 8.55303e-19 1.41948e-14 0 55 0.19734
1.333 8.56588e-19 1.42161e-14 0 55 0.19734
1.334 8.57874e-19 1.42374e-14 0 55 0.19734
1.335 8.5916e-19 1.42588e-14 0 55 0.19734
1.336 8.60448e-19 1.42802e-14 0 55 0.19734
1.337 8.61736e-19 1.43016e-14 0 55 0.19734
1.338 8.63026e-19 1.4323e-14 0 55 0.19734
1.339 8.64317e-19 1.43444e-14 0 55 0.19734
1.34 8.65608e-19 1.43658e-14 0 55 0.19734
1.341 8.669e-19 1.43873e-14 0 55 0.19734
1.342 8.68194e-19 1.44087e-14 0 55 0.19734
1.343 8.69488e-19 1.44302e-14 0 55 0.19734
1.344 8.70784e-19 1.44517e-14 0 55 0.19734
1.345 8.7208e-19 1.44732e-14 0 55 0.19734
1.346 8.73377e-19 1.44947e-14 0 55 0.19734
1.347 8.74675e-19 1.45163e-14 0 55 0.19734
1.348 8.75974e-19 1.45379e-14 0 55 0.19734
1.349 8.77275e-19 1.45594e-14 0 55 0.19734
1.35 8.78576e-19 1.4581e-14 0 55 0.19734
1.351 8.79878e-19 1.46026e-14 0 55 0.19734
1.352 8.81181e-19 1.46243e-14 0 55 0.19734
1.353 8.82485e-19 1.46459e-14 0 55 0.19734
1.354 8.8379e-19 1.46676e-14 0 55 0.19734
1.355 8.85096e-19 1.46892e-14 0 55 0.19734
1.356 8.86403e-19 1.47109e-14 0 55 0.19734
1.357 8.87711e-19 1.47326e-14 0 55 0.19734
1.358 8.89019e-19 1.47543e-14 0 55 0.19734
1.359 8.90329e-19 1.47761e-14 0 55 0.19734
1.36 8.9164e-19 1.47978e-14 0 55 0.19734
1.361 8.92952e-19 1.48196e-14 0 55 0.19734
1.362 8.94264e-19 1.48414e-14 0 55 0.19734
1.363 8.95578e-19 1.48632e-14 0 55 0.19734
1.364 8.96893e-19 1.4885e-14 0 55 0.19734
1.365 8.98208e-19 1.49068e-14 0 55 0.19734
1.366 8.99525e-19 1.49287e-14 0 55 0.19734
1.367 9.00842e-19 1.49506e-14 0 55 0.19734
1.368 9.02161e-19 1.49724e-14 0 55 0.19734
1.369 9.0348e-19 1.49943e-14 0 55 0.19734
1.37 9.048e-19 1.50163e-14 0 55 0.19734
1.371 9.06122e-19 1.50382e-14 0 55 0.19734
1.372 9.07444e-19 1.50601e-14 0 55 0.19734
1.373 9.08767e-19 1.50821e-14 0 55 0.19734
1.374 9.10092e-19 1.51041e-14 0 55 0.19734
1.375 9.11417e-19 1.51261e-14 0 55 0.19734
1.376 9.12743e-19 1.51481e-14 0 55 0.19734
1.377 9.1407e-19 1.51701e-14 0 55 0.19734
1.378 9.15398e-19 1.51921e-14 0 55 0.19734
1.379 9.16727e-19 1.52142e-14 0 55 0.19734
1.38 9.18057e-19 1.52363e-14 0 55 0.19734
1.381 9.19388e-19 1.52584e-14 0 55 0.19734
1.382 9.2072e-19 1.52805e-14 0 55 0.19734
1.383 9.22053e-19 1.53026e-14 0 55 0.19734
1.384 9.23387e-19 1.53247e-14 0 55 0.19734
1.385 9.24722e-19 1.53469e-14 0 55 0.19734
1.386 9.26058e-19 1.5369e-14 0 55 0.19734
1.387 9.27395e-19 1.53912e-14 0 55 0.19734
1.388 9.28732e-19 1.54134e-14 0 55 0.19734
1.389 9.30071e-19 1.54357e-14 0 55 0.19734
1.39 9.31411e-19 1.54579e-14 0 55 0.19734
1.391 9.32751e-19 1.54801e-14 0 55 0.19734
1.392 9.34093e-19 1.55024e-14 0 55 0.19734
1.393 9.35436e-19 1.55247e-14 0 55 0.19734
1.394 9.36779e-19 1.5547e-14 0 55 0.19734
1.395 9.38124e-19 1.55693e-14 0 55 0.19734
1.396 9.39469e-19 1.55916e-14 0 55 0.19734
1.397 9.40816e-19 1.5614e-14 0 55 0.19734
1.398 9.42163e-19 1.56363e-14 0 55 0.19734
1.399 9.43511e-19 1.56587e-14 0 55 0.19734
1.4 9.44861e-19 1.56811e-14 0 55 0.19734
1.401 9.46211e-19 1.57035e-14 0 55 0.19734
1.402 9.47562e-19 1.57259e-14 0 55 0.19734
1.403 9.48914e-19 1.57484e-14 0 55 0.19734
1.404 9.50268e-19 1.57708e-14 0 55 0.19734
1.405 9.51622e-19 1.57933e-14 0 55 0.19734
1.406 9.52977e-19 1.58158e-14 0 55 0.19734
1.407 9.54333e-19 1.58383e-14 0 55 0.19734
1.408 9.5569e-19 1.58608e-14 0 55 0.19734
1.409 9.57048e-19 1.58834e-14 0 55 0.19734
1.41 9.58407e-19 1.59059e-14 0 55 0.19734
1.411 9.59767e-19 1.59285e-14 0 55 0.19734
1.412 9.61128e-19 1.59511e-14 0 55 0.19734
1.413 9.62489e-19 1.59737e-14 0 55 0.19734
1.414 9.63852e-19 1.59963e-14 0 55 0.19734
1.415 9.65216e-19 1.60189e-14 0 55 0.19734
1.416 9.66581e-19 1.60416e-14 0 55 0.19734
1.417 9.67947e-19 1.60642e-14 0 55 0.19734
1.418 9.69313e-19 1.60869e-14 0 55 0.19734
1.419 9.70681e-19 1.61096e-14 0 55 0.19734
1.42 9.72049e-19 1.61323e-14 0 55 0.19734
1.421 9.73419e-19 1.61551e-14 0 55 0.19734
1.422 9.7479e-19 1.61778e-14 0 55 0.19734
1.423 9.76161e-19 1.62006e-14 0 55 0.19734
1.424 9.77533e-19 1.62233e-14 0 55 0.19734
1.425 9.78907e-19 1.62461e-14 0 55 0.19734
1.426 9.80281e-19 1.6269e-14 0 55 0.19734
1.427 9.81657e-19 1.62918e-14 0 55 0.19734
1.428 9.83033e-19 1.63146e-14 0 55 0.19734
1.429 9.8441e-19 1.63375e-14 0 55 0.19734
1.43 9.85788e-19 1.63604e-14 0 55 0.19734
1.431 9.87168e-19 1.63832e-14 0 55 0.19734
1.432 9.88548e-19 1.64061e-14 0 55 0.19734
1.433 9.89929e-19 1.64291e-14 0 55 0.19734
1.434 9.91311e-19 1.6452e-14 0 55 0.19734
1.435 9.92694e-19 1.6475e-14 0 55 0.19734
1.436 9.94078e-19 1.64979e-14 0 55 0.19734
1.437 9.95463e-19 1.65209e-14 0 55 0.19734
1.438 9.96849e-19 1.65439e-14 0 55 0.19734
1.439 9.98236e-19 1.65669e-14 0 55 0.19734
1.44 9.99624e-19 1.659e-14 0 55 0.19734
1.441 1.00101e-18 1.6613e-14 0 55 0.19734
1.442 1.0024e-18 1.66361e-14 0 55 0.19734
1.443 1.00379e-18 1.66592e-14 0 55 0.19734
1.444 1.00519e-18 1.66823e-14 0 55 0.19734
1.445 1.00658e-18 1.67054e-14 0 55 0.19734
1.446 1.00797e-18 1.67285e-14 0 55 0.19734
1.447 1.00937e-18 1.67516e-14 0 55 0.19734
1.448 1.01076e-18 1.67748e-14 0 55 0.19734
1.449 1.01216e-18 1.6798e-14 0 55 0.19734
1.45 1.01356e-18 1.68212e-14 0 55 0.19734
1.451 1.01495e-18 1.68444e-14 0 55 0.19734
1.452 1.01635e-18 1.68676e-14 0 55 0.19734
1.453 1.01775e-18 1.68909e-14 0 55 0.19734
1.454 1.01916e-18 1.69141e-14 0 55 0.19734
1.455 1.02056e-18 1.69374e-14 0 55 0.19734
1.456 1.02196e-18 1.69607e-14 0 55 0.19734
1.457 1.02337e-18 1.6984e-14 0 55 0.19734
1.458 1.02477e-18 1.70073e-14 0 55 0.19734
1.459 1.02618e-18 1.70306e-14 0 55 0.19734
1.46 1.02758e-18 1.7054e-14 0 55 0.19734
1.461 1.02899e-18 1.70774e-14 0 55 0.19734
1.462 1.0304e-18 1.71008e-14 0 55 0.19734
1.463 1.03181e-18 1.71242e-14 0 55 0.19734
1.464 1.03322e-18 1.71476e-14 0 55 0.19734
1.465 1.03463e-18 1.7171e-14 0 55 0.19734
1.466 1.03605e-18 1.71945e-14 0 55 0.19734
1.467 1.03746e-18 1.72179e-14 0 55 0.19734
1.468 1.03888e-18 1.72414e-14 0 55 0.19734
1.469 1.04029e-18 1.72649e-14 0 55 0.19734
1.47 1.04171e-18 1.72884e-14 0 55 0.19734
1.471 1.04313e-18 1.73119e-14 0 55 0.19734
1.472 1.04455e-18 1.73355e-14 0 55 0.19734
1.473 1.04597e-18 1.73591e-14 0 55 0.19734
1.474 1.04739e-18 1.73826e-14 0 55 0.19734
1.475 1.04881e-18 1.74062e-14 0 55 0.19734
1.476 1.05023e-18 1.74298e-14 0 55 0.19734
1.477 1.05165e-18 1.74535e-14 0 55 0.19734
1.478 1.05308e-18 1.74771e-14 0 55 0.19734
1.479 1.0545e-18 1.75008e-14 0 55 0.19734
1.48 1.05593e-18 1.75244e-14 0 55 0.19734
1.481 1.05736e-18 1.75481e-14 0 55 0.19734
1.482 1.05879e-18 1.75718e-14 0 55 0.19734
1.483 1.06022e-18 1.75955e-14 0 55 0.19734
1.484 1.06165e-18 1.76193e-14 0 55 0.19734
1.485 1.06308e-18 1.7643e-14 0 55 0.19734
1.486 1.06451e-18 1.76668e-14 0 55 0.19734
1.487 1.06594e-18 1.76906e-14 0 55 0.19734
1.488 1.06738e-18 1.77144e-14 0 55 0.19734
1.489 1.06881e-18 1.77382e-14 0 55 0.19734
1.49 1.07025e-18 1.7762e-14 0 55 0.19734
1.491 1.07168e-18 1.77859e-14 0 55 0.19734
1.492 1.07312e-18 1.78098e-14 0 55 0.19734
1.493 1.07456e-18 1.78336e-14 0 55 0.19734
1.494 1.076e-18 1.78575e-14 0 55 0.19734
1.495 1.07744e-18 1.78815e-14 0 55 0.19734
1.496 1.07888e-18 1.79054e-14 0 55 0.19734
1.497 1.08033e-18 1.79293e-14 0 55 0.19734
1.498 1.08177e-18 1.79533e-14 0 55 0.19734
1.499 1.08322e-18 1.79773e-14 0 55 0.19734
1.5 1.08466e-18 1.80013e-14 0 55 0.19734
1.501 1.08611e-18 1.80253e-14 0 55 0.19734
1.502 1.08756e-18 1.80493e-14 0 55 0.19734
1.503 1.089e-18 1.80733e-14 0 55 0.19734
1.504 1.09045e-18 1.80974e-14 0 55 0.19734
1.505 1.0919e-18 1.81215e-14 0 55 0.19734
1.506 1.09336e-18 1.81456e-14 0 55 0.19734
1.507 1.09481e-18 1.81697e-14 0 55 0.19734
1.508 1.09626e-18 1.81938e-14 0 55 0.19734
1.509 1.09772e-18 1.82179e-14 0 55 0.19734
1.51 1.09917e-18 1.82421e-14 0 55 0.19734
1.511 1.10063e-18 1.82663e-14 0 55 0.19734
1.512 1.10209e-18 1.82904e-14 0 55 0.19734
1.513 1.10354e-18 1.83146e-14 0 55 0.19734
1.514 1.105e-18 1.83389e-14 0 55 0.19734
1.515 1.10646e-18 1.83631e-14 0 55 0.19734
1.516 1.10792e-18 1.83873e-14 0 55 0.19734
1.517 1.10939e-18 1.84116e-14 0 55 0.19734
1.518 1.11085e-18 1.84359e-14 0 55 0.19734
1.519 1.11231e-18 1.84602e-14 0 55 0.19734
1.52 1.11378e-18 1.84845e-14 0 55 0.19734
1.521 1.11524e-18 1.85088e-14 0 55 0.19734
1.522 1.11671e-18 1.85332e-14 0 55 0.19734
1.523 1.11818e-18 1.85575e-14 0 55 0.19734
1.524 1.11965e-18 1.85819e-14 0 55 0.19734
1.525 1.12112e-18 1.86063e-14 0 55 0.19734
1.526 1.12259e-18 1.86307e-14 0 55 0.19734
1.527 1.12406e-18 1.86551e-14 0 55 0.19734
1.528 1.12553e-18 1.86796e-14 0 55 0.19734
1.529 1.12701e-18 1.8704e-14 0 55 0.19734
1.53 1.12848e-18 1.87285e-14 0 55 0.19734
1.531 1.12996e-18 1.8753e-14 0 55 0.19734
1.532 1.13143e-18 1.87775e-14 0 55 0.19734
1.533 1.13291e-18 1.8802e-14 0 55 0.19734
1.534 1.13439e-18 1.88266e-14 0 55 0.19734
1.535 1.13587e-18 1.88511e-14 0 55 0.19734
1.536 1.13735e-18 1.88757e-14 0 55 0.19734
1.537 1.13883e-18 1.89003e-14 0 55 0.19734
1.538 1.14031e-18 1.89249e-14 0 55 0.19734
1.539 1.1418e-18 1.89495e-14 0 55 0.19734
1.54 1.14328e-18 1.89741e-14 0 55 0.19734
1.541 1.14477e-18 1.89988e-14 0 55 0.19734
1.542 1.14625e-18 1.90234e-14 0 55 0.19734
1.543 1.14774e-18 1.90481e-14 0 55 0.19734
1.544 1.14923e-18 1.90728e-14 0 55 0.19734
1.545 1.15072e-18 1.90975e-14 0 55 0.19734
1.546 1.15221e-18 1.91223e-14 0 55 0.19734
1.547 1.1537e-18 1.9147e-14 0 55 0.19734
1.548 1.15519e-18 1.91718e-14 0 55 0.19734
1.549 1.15668e-18 1.91966e-14 0 55 0.19734
1.55 1.15818e-18 1.92214e-14 0 55 0.19734
1.551 1.15967e-18 1.92462e-14 0 55 0.19734
1.552 1.16117e-18 1.9271e-14 0 55 0.19734
1.553 1.16266e-18 1.92958e-14 0 55 0.19734
1.554 1.16416e-18 1.93207e-14 0 55 0.19734
1.555 1.16566e-18 1.93456e-14 0 55 0.19734
1.556 1.16716e-18 1.93704e-14 0 55 0.19734
1.557 1.16866e-18 1.93954e-14 0 55 0.19734
1.558 1.17016e-18 1.94203e-14 0 55 0.19734
1.559 1.17167e-18 1.94452e-14 0 55 0.19734
1.56 1.17317e-18 1.94702e-14 0 55 0.19734
1.561 1.17467e-18 1.94951e-14 0 55 0.19734
1.562 1.17618e-18 1.95201e-14 0 55 0.19734
1.563 1.17769e-18 1.95451e-14 0 55 0.19734
1.564 1.17919e-18 1.95701e-14 0 55 0.19734
1.565 1.1807e-18 1.95952e-14 0 55 0.19734
1.566 1.18221e-18 1.96202e-14 0 55 0.19734
1.567 1.18372e-18 1.96453e-14 0 55 0.19734
1.568 1.18523e-18 1.96704e-14 0 55 0.19734
1.569 1.18675e-18 1.96955e-14 0 55 0.19734
1.57 1.18826e-18 1.97206e-14 0 55 0.19734
1.571 1.18977e-18 1.97457e-14 0 55 0.19734
1.572 1.19129e-18 1.97709e-14 0 55 0.19734
1.573 1.1928e-18 1.9796e-14 0 55 0.19734
1.574 1.19432e-18 1.98212e-14 0 55 0.19734
1.575 1.19584e-18 1.98464e-14 0 55 0.19734
1.576 1.19736e-18 1.98716e-14 0 55 0.19734
1.577 1.19888e-18 1.98968e-14 0 55 0.19734
1.578 1.2004e-18 1.99221e-14 0 55 0.19734
1.579 1.20192e-18 1.99473e-14 0 55 0.19734
1.58 1.20344e-18 1.99726e-14 0 55 0.19734
1.581 1.20497e-18 1.99979e-14 0 55 0.19734
1.582 1.20649e-18 2.00232e-14 0 55 0.19734
1.583 1.20802e-18 2.00485e-14 0 55 0.19734
1.584 1.20954e-18 2.00739e-14 0 55 0.19734
1.585 1.21107e-18 2.00992e-14 0 55 0.19734
1.586 1.2126e-18 2.01246e-14 0 55 0.19734
1.587 1.21413e-18 2.015e-14 0 55 0.19734
1.588 1.21566e-18 2.01754e-14 0 55 0.19734
1.589 1.21719e-18 2.02008e-14 0 55 0.19734
1.59 1.21873e-18 2.02262e-14 0 55 0.19734
1.591 1.22026e-18 2.02517e-14 0 55 0.19734
1.592 1.22179e-18 2.02771e-14 0 55 0.19734
1.593 1.22333e-18 2.03026e-14 0 55 0.19734
1.594 1.22487e-18 2.03281e-14 0 55 0.19734
1.595 1.2264e-18 2.03536e-14 0 55 0.19734
1.596 1.22794e-18 2.03792e-14 0 55 0.19734
1.597 1.22948e-18 2.04047e-14 0 55 0.19734
1.598 1.23102e-18 2.04303e-14 0 55 0.19734
1.599 1.23256e-18 2.04558e-14 0 55 0.19734
1.6 1.2341e-18 2.04814e-14 0 55 0.19734
