0.001 10.0566 7.56608e-05
0.0011 11.0623 8.8694e-05
0.00121 12.1685 0.000103973
0.001331 13.3854 0.000121883
0.0014641 14.7239 0.00014288
0.00161051 16.1964 0.000167494
0.00177156 17.816 0.00019635
0.00194872 19.5976 0.000230176
0.00214359 21.5574 0.000269832
0.00235795 23.7132 0.00031632
0.00259374 26.0845 0.000370819
0.00285312 28.693 0.000434709
0.00313843 31.5624 0.000509609
0.00345227 34.7187 0.000597416
0.0037975 38.1906 0.000700356
0.00417725 42.0098 0.000821035
0.00459497 46.2108 0.000962514
0.00505447 50.832 0.00112838
0.00555992 55.9153 0.00132282
0.00611591 61.507 0.00155079
0.0067275 67.6579 0.00181805
0.00740025 74.4239 0.00213138
0.00814027 81.8665 0.00249871
0.0089543 90.0534 0.00292938
0.00984973 99.059 0.00343429
0.0108347 108.965 0.00402624
0.0119182 119.862 0.00472026
0.01311 131.849 0.00553393
0.014421 145.035 0.0064879
0.0158631 159.539 0.00760637
0.0174494 175.493 0.00891771
0.0191943 193.044 0.0104552
0.0211138 212.349 0.0122578
0.0232252 233.585 0.0143714
0.0255477 256.946 0.0168494
0.0281024 282.642 0.0197549
0.0309127 310.908 0.0231617
0.0340039 342.002 0.027156
0.0374043 376.205 0.0318395
0.0411448 413.829 0.0373311
0.0452593 455.215 0.0437701
0.0497852 500.742 0.0513203
0.0547637 550.821 0.0601733
0.0602401 605.91 0.0705541
0.0662641 666.509 0.0827266
0.0728905 733.169 0.0970001
0.0801795 806.496 0.113737
0.0881975 887.158 0.133364
0.0970172 975.888 0.156379
0.106719 1073.49 0.183368
0.117391 1180.86 0.215017
0.12913 1298.97 0.252131
0.142043 1428.9 0.295655
0.156247 1571.82 0.346697
0.171872 1729.04 0.406555
0.189059 1901.99 0.476754
0.207965 2092.24 0.559081
0.228762 2301.52 0.655633
0.251638 2531.74 0.76887
0.276801 2785 0.901677
0.304482 3063.6 1.05744
0.33493 3370.07 1.24013
0.368423 3707.22 1.4544
0.405265 4078.09 1.70572
0.445792 4486.09 2.0005
0.490371 4934.91 2.34626
0.539408 5428.66 2.75182
0.593349 5971.82 3.22755
0.652683 6569.35 3.78558
0.717952 7226.7 4.44017
0.789747 7949.85 5.20805
0.868722 8745.4 6.10884
0.955594 9620.6 7.16557
1.05115 10583.4 8.40526
1.15627 11642.7 9.85962
1.2719 12808 11.5659
1.39908 14090.1 13.5677
1.53899 15500.6 15.9163
1.69289 17052.3 18.6718
1.86218 18759.6 21.9049
2.0484 20637.9 25.6985
2.25324 22704.5 30.1496
2.47856 24978.2 35.3726
2.72642 27479.9 41.5014
2.99906 30232.4 48.6933
3.29897 33260.9 57.1329
3.62887 36593.1 67.0369
3.99175 40259.7 78.6598
4.39093 44294.2 92.3003
4.83002 48733.6 108.309
5.31302 53618.7 127.098
5.84432 58994.3 149.15
6.42876 64909.9 175.033
7.07163 71419.9 205.413
7.7788 78584.1 241.074
8.55668 86468.6 282.933
9.41234 95146.2 332.07
10.3536 104697 389.751
11.3889 115209 457.465
12.5278 126779 536.96
13.7806 139515 630.286
15.1587 153535 739.855
16.6745 168969 868.497
18.342 185959 1019.54
20.1762 204666 1196.88
22.1938 225262 1405.11
24.4132 247941 1649.61
26.8545 272913 1936.72
29.54 300414 2273.86
32.494 330702 2669.77
35.7434 364062 3134.69
39.3177 400807 3680.68
43.2495 441287 4321.89
47.5744 485884 5074.94
52.3319 535022 5959.35
57.565 589170 6998.06
63.3215 648845 8218.01
69.6537 714620 9650.86
76.6191 787128 11333.8
84.281 867068 13310.5
92.7091 955217 15632.2
101.98 1.05243e+06 18359.3
112.178 1.15967e+06 21562.6
123.396 1.27797e+06 25325.1
135.735 1.40851e+06 29744.6
149.309 1.55258e+06 34935.9
164.24 1.71163e+06 41033.7
180.664 1.88724e+06 48196.4
198.73 2.08118e+06 56610
218.603 2.29543e+06 66492.8
240.463 2.53218e+06 78101.4
264.51 2.79386e+06 91737.3
290.961 3.08319e+06 107754
320.057 3.40318e+06 126568
352.063 3.75722e+06 148667
387.269 4.14905e+06 174625
425.996 4.58288e+06 205114
468.595 5.06339e+06 240927
515.455 5.59583e+06 282992
567 6.18608e+06 332401
623.7 6.84071e+06 390436
686.07 7.56709e+06 458603
754.677 8.37349e+06 538670
830.145 9.2692e+06 632716
913.16 1.02647e+07 743184
1004.48 1.13717e+07 872942
1104.92 1.26034e+07 1.02536e+06
1215.42 1.39749e+07 1.20441e+06
1336.96 1.55029e+07 1.41474e+06
1470.65 1.72065e+07 1.66184e+06
1617.72 1.91072e+07 1.95215e+06
1779.49 2.12295e+07 2.29324e+06
1957.44 2.36009e+07 2.69403e+06
2153.18 2.6253e+07 3.16503e+06
2368.5 2.92212e+07 3.71857e+06
2605.35 3.25464e+07 4.36923e+06
2865.89 3.62745e+07 5.13413e+06
3152.47 4.04584e+07 6.03348e+06
3467.72 4.51582e+07 7.09111e+06
3814.49 5.04427e+07 8.33512e+06
4195.94 5.63905e+07 9.79867e+06
4615.54 6.30919e+07 1.15209e+07
5077.09 7.06501e+07 1.35481e+07
5584.8 7.91842e+07 1.59349e+07
6143.28 8.88306e+07 1.87461e+07
6757.61 9.97467e+07 2.2058e+07
7433.37 1.12114e+08 2.59613e+07
8176.71 1.26141e+08 3.05633e+07
8994.38 1.42072e+08 3.59912e+07
9893.82 1.60184e+08 4.23959e+07
10883.2 1.80804e+08 4.99565e+07
11971.5 2.04307e+08 5.88858e+07
13168.7 2.3113e+08 6.94366e+07
14485.5 2.61784e+08 8.19093e+07
15934.1 2.96858e+08 9.66619e+07
17527.5 3.37045e+08 1.1412e+08
19280.2 3.83149e+08 1.34792e+08
21208.3 4.36114e+08 1.59281e+08
23329.1 4.9704e+08 1.88311e+08
25662 5.67221e+08 2.22742e+08
28228.2 6.48169e+08 2.63603e+08
31051 7.41664e+08 3.12123e+08
34156.1 8.49797e+08 3.69773e+08
37571.7 9.75028e+08 4.38311e+08
41328.9 1.12026e+09 5.19842e+08
45461.8 1.2889e+09 6.16887e+08
50008 1.485e+09 7.32466e+08
55008.8 1.71332e+09 8.702e+08
60509.7 1.97951e+09 1.03443e+09
66560.6 2.29026e+09 1.23037e+09
73216.7 2.65348e+09 1.46427e+09
80538.4 3.07859e+09 1.74364e+09
88592.2 3.57675e+09 2.0775e+09
97451.4 4.16122e+09 2.47669e+09
107197 4.84779e+09 2.95425e+09
117916 5.65527e+09 3.52586e+09
129708 6.60603e+09 4.21036e+09
142679 7.72679e+09 5.03046e+09
156947 9.0494e+09 6.01348e+09
172641 1.06119e+10 7.19229e+09
189905 1.24598e+10 8.60654e+09
208896 1.46473e+10 1.03039e+10
229785 1.72397e+10 1.2342e+10
252764 2.03145e+10 1.479e+10
278040 2.39652e+10 1.77317e+10
305844 2.83035e+10 2.12676e+10
336429 3.34633e+10 2.55195e+10
370072 3.96054e+10 3.06339e+10
407079 4.69226e+10 3.67877e+10
447787 5.56466e+10 4.41944e+10
492565 6.60557e+10 5.31116e+10
541822 7.84843e+10 6.38504e+10
596004 9.33342e+10 7.67862e+10
655605 1.11089e+11 9.23723e+10
721165 1.3233e+11 1.11156e+11
793281 1.57758e+11 1.33799e+11
872610 1.88214e+11 1.61099e+11
959871 2.24714e+11 1.94021e+11
1.05586e+06 2.6848e+11 2.33731e+11
1.16144e+06 3.20983e+11 2.81637e+11
1.27759e+06 3.83999e+11 3.39439e+11
1.40535e+06 4.59666e+11 4.09194e+11
1.54588e+06 5.50563e+11 4.93387e+11
1.70047e+06 6.59799e+11 5.9502e+11
1.87052e+06 7.91127e+11 7.17724e+11
2.05757e+06 9.49069e+11 8.65885e+11
2.26332e+06 1.13909e+12 1.04481e+12
2.48966e+06 1.36777e+12 1.2609e+12
2.73862e+06 1.64307e+12 1.52192e+12
3.01249e+06 1.97459e+12 1.83724e+12
3.31373e+06 2.37392e+12 2.21819e+12
3.64511e+06 2.85505e+12 2.67846e+12
4.00962e+06 3.43489e+12 3.23464e+12
4.41058e+06 4.13386e+12 3.90675e+12
4.85164e+06 4.97661e+12 4.71902e+12
5.3368e+06 5.99293e+12 5.70075e+12
5.87048e+06 7.21881e+12 6.88738e+12
6.45753e+06 8.69775e+12 8.32177e+12
7.10328e+06 1.04823e+13 1.00557e+13
7.81361e+06 1.26359e+13 1.2152e+13
8.59497e+06 1.52354e+13 1.46863e+13
9.45447e+06 1.83735e+13 1.77505e+13
1.03999e+07 2.21624e+13 2.14555e+13
1.14399e+07 2.67375e+13 2.59353e+13
1.25839e+07 3.22628e+13 3.13525e+13
1.38423e+07 3.89363e+13 3.79032e+13
1.52265e+07 4.69975e+13 4.58251e+13
1.67492e+07 5.6736e+13 5.54054e+13
1.84241e+07 6.85019e+13 6.69918e+13
2.02665e+07 8.27186e+13 8.10046e+13
2.22931e+07 9.98981e+13 9.79527e+13
2.45225e+07 1.20659e+14 1.18451e+14
2.69747e+07 1.45751e+14 1.43245e+14
2.96722e+07 1.76079e+14 1.73234e+14
3.26394e+07 2.12738e+14 2.09508e+14
3.59033e+07 2.57052e+14 2.53386e+14
3.94937e+07 3.10623e+14 3.06462e+14
4.3443e+07 3.75389e+14 3.70665e+14
4.77873e+07 4.53693e+14 4.4833e+14
5.25661e+07 5.48369e+14 5.42281e+14
5.78227e+07 6.62846e+14 6.55935e+14
6.36049e+07 8.01272e+14 7.93426e+14
6.99654e+07 9.68662e+14 9.59755e+14
7.6962e+07 1.17109e+15 1.16097e+15
8.46582e+07 1.41588e+15 1.4044e+15
9.3124e+07 1.71194e+15 1.6989e+15
1.02436e+08 2.06999e+15 2.05519e+15
1.1268e+08 2.50303e+15 2.48623e+15
1.23948e+08 3.02679e+15 3.00772e+15
1.36343e+08 3.66029e+15 3.63863e+15
1.49977e+08 4.42653e+15 4.40194e+15
1.64975e+08 5.35335e+15 5.32543e+15
1.81472e+08 6.47443e+15 6.44274e+15
1.9962e+08 7.83052e+15 7.79454e+15
2.19581e+08 9.47091e+15 9.43005e+15
2.4154e+08 1.14552e+16 1.14088e+16
2.65694e+08 1.38557e+16 1.3803e+16
2.92263e+08 1.67595e+16 1.66996e+16
3.21489e+08 2.02723e+16 2.02044e+16
3.53638e+08 2.45218e+16 2.44447e+16
3.89002e+08 2.96628e+16 2.95753e+16
4.27902e+08 3.58822e+16 3.57828e+16
4.70692e+08 4.34064e+16 4.32935e+16
5.17762e+08 5.25091e+16 5.2381e+16
5.69538e+08 6.35217e+16 6.33762e+16
6.26492e+08 7.6845e+16 7.66798e+16
6.89141e+08 9.2964e+16 9.27764e+16
7.58055e+08 1.12465e+17 1.12252e+17
8.3386e+08 1.36059e+17 1.35818e+17
9.17246e+08 1.64605e+17 1.6433e+17
1.00897e+09 1.99141e+17 1.98829e+17
1.10987e+09 2.40926e+17 2.40572e+17
1.22085e+09 2.91481e+17 2.91079e+17
1.34294e+09 3.52647e+17 3.5219e+17
1.47723e+09 4.26652e+17 4.26133e+17
1.62496e+09 5.16191e+17 5.15602e+17
1.78745e+09 6.24525e+17 6.23857e+17
1.9662e+09 7.55601e+17 7.54842e+17
2.16282e+09 9.14192e+17 9.1333e+17
2.3791e+09 1.10608e+18 1.1051e+18
2.61701e+09 1.33824e+18 1.33713e+18
2.87871e+09 1.61915e+18 1.61789e+18
3.16658e+09 1.95903e+18 1.9576e+18
3.48324e+09 2.37027e+18 2.36864e+18
3.83157e+09 2.86784e+18 2.86599e+18
4.21472e+09 3.46988e+18 3.46778e+18
4.63619e+09 4.19832e+18 4.19594e+18
5.09981e+09 5.0797e+18 5.077e+18
5.6098e+09 6.14614e+18 6.14307e+18
6.17078e+09 7.43648e+18 7.433e+18
6.78785e+09 8.99776e+18 8.9938e+18
7.46664e+09 1.08868e+19 1.08823e+19
8.2133e+09 1.31726e+19 1.31675e+19
9.03463e+09 1.59382e+19 1.59325e+19
9.93809e+09 1.92846e+19 1.92781e+19
1.09319e+10 2.33337e+19 2.33262e+19
1.20251e+10 2.82329e+19 2.82244e+19
1.32276e+10 3.41609e+19 3.41512e+19
1.45504e+10 4.13336e+19 4.13226e+19
1.60054e+10 5.00124e+19 5e+19
1.76059e+10 6.05136e+19 6.04995e+19
1.93665e+10 7.32199e+19 7.32039e+19
2.13032e+10 8.85943e+19 8.85761e+19
2.34335e+10 1.07197e+20 1.07176e+20
2.57769e+10 1.29706e+20 1.29683e+20
2.83545e+10 1.56942e+20 1.56915e+20
3.119e+10 1.89897e+20 1.89866e+20
3.4309e+10 2.29772e+20 2.29737e+20
3.77399e+10 2.7802e+20 2.77981e+20
4.15139e+10 3.36399e+20 3.36355e+20
4.56653e+10 4.07038e+20 4.06988e+20
5.02318e+10 4.92511e+20 4.92454e+20
5.5255e+10 5.95932e+20 5.95867e+20
6.07805e+10 7.2107e+20 7.20997e+20
6.68585e+10 8.72487e+20 8.72403e+20
7.35444e+10 1.0557e+21 1.0556e+21
8.08988e+10 1.27739e+21 1.27728e+21
8.89887e+10 1.54562e+21 1.5455e+21
9.78876e+10 1.87019e+21 1.87005e+21
