0.001 0.0462131 0.0153963
0.0011 0.0524745 0.0174829
0.00121 0.0595843 0.0198523
0.001331 0.0676575 0.0225428
0.0014641 0.0768246 0.0255979
0.00161051 0.0872339 0.029067
0.00177156 0.0990536 0.0330063
0.00194872 0.112475 0.0374794
0.00214359 0.127715 0.0425586
0.00235795 0.14502 0.0483262
0.00259374 0.16467 0.0548754
0.00285312 0.186983 0.0623121
0.00313843 0.212319 0.0707566
0.00345227 0.241088 0.0803454
0.0037975 0.273755 0.0912337
0.00417725 0.31085 0.103598
0.00459497 0.35297 0.117637
0.00505447 0.400799 0.133579
0.00555992 0.455108 0.151681
0.00611591 0.516776 0.172236
0.0067275 0.586801 0.195577
0.00740025 0.666315 0.222081
0.00814027 0.756604 0.252177
0.0089543 0.859128 0.286351
0.00984973 0.975544 0.325156
0.0108347 1.10774 0.36922
0.0119182 1.25784 0.419256
0.01311 1.42829 0.476072
0.014421 1.62183 0.540588
0.0158631 1.8416 0.613846
0.0174494 2.09115 0.697033
0.0191943 2.37451 0.791493
0.0211138 2.69628 0.898754
0.0232252 3.06164 1.02055
0.0255477 3.47652 1.15885
0.0281024 3.94762 1.3159
0.0309127 4.48256 1.49423
0.0340039 5.08999 1.69673
0.0374043 5.77973 1.92667
0.0411448 6.56294 2.18777
0.0452593 7.45229 2.48426
0.0497852 8.46215 2.82093
0.0547637 9.60887 3.20323
0.0602401 10.911 3.63734
0.0662641 12.3895 4.13029
0.0728905 14.0685 4.69004
0.0801795 15.9749 5.32566
0.0881975 18.1397 6.04743
0.0970172 20.5979 6.86703
0.106719 23.3892 7.79771
0.117391 26.5588 8.85453
0.12913 30.1579 10.0546
0.142043 34.2448 11.4173
0.156247 38.8855 12.9648
0.171872 44.1551 14.722
0.189059 50.1389 16.7174
0.207965 56.9336 18.9832
0.228762 64.6492 21.5562
0.251638 73.4104 24.4781
0.276801 83.359 27.796
0.304482 94.6559 31.5637
0.33493 107.484 35.8422
0.368423 122.05 40.7007
0.405265 138.591 46.218
0.445792 157.374 52.4833
0.490371 178.702 59.5982
0.539408 202.921 67.6777
0.593349 230.423 76.8529
0.652683 261.652 87.2722
0.717952 297.114 99.1045
0.789747 337.383 112.542
0.868722 383.11 127.801
0.955594 435.035 145.13
1.05115 493.999 164.81
1.15627 560.956 187.159
1.2719 636.99 212.54
1.39908 723.33 241.364
1.53899 821.376 274.1
1.69289 932.714 311.277
1.86218 1059.15 353.499
2.0484 1202.72 401.452
2.25324 1365.76 455.913
2.47856 1550.9 517.767
2.72642 1761.15 588.018
2.99906 1999.91 667.808
3.29897 2271.05 758.432
3.62887 2578.95 861.364
3.99175 2928.61 978.278
4.39093 3325.69 1111.07
4.83002 3776.63 1261.92
5.31302 4288.73 1433.25
5.84432 4870.3 1627.88
6.42876 5530.77 1848.97
7.07163 6280.83 2100.13
7.7788 7132.66 2385.44
8.55668 8100.08 2709.57
9.41234 9198.77 3077.8
10.3536 10446.6 3496.16
11.3889 11863.7 3971.48
12.5278 13473.2 4511.53
13.7806 15301.3 5125.17
15.1587 17377.5 5822.44
16.6745 19735.6 6614.77
18.342 22414 7515.18
20.1762 25456.2 8538.44
22.1938 28911.6 9701.4
24.4132 32836.5 11023.2
26.8545 37294.8 12525.6
29.54 42359.1 14233.4
32.494 48111.8 16174.9
35.7434 54646.7 18382.1
39.3177 62070.4 20891.6
43.2495 70504 23745.1
47.5744 80085.1 26990
52.3319 90970.2 30680.4
57.565 103337 34877.7
63.3215 117389 39652.1
69.6537 133354 45083.7
76.6191 151495 51263.6
84.281 172110 58295.7
92.7091 195535 66298.7
101.98 222157 75407.9
112.178 252413 85777.8
123.396 286800 97584.6
135.735 325886 111030
149.309 370314 126344
164.24 420819 143789
180.664 478237 163666
198.73 543517 186320
218.603 617743 212143
240.463 702148 241586
264.51 798137 275165
290.961 907310 313471
320.057 1.03149e+06 357182
352.063 1.17276e+06 407075
387.269 1.33348e+06 464042
425.996 1.51636e+06 529108
468.595 1.72449e+06 603449
515.455 1.96137e+06 688420
567 2.23102e+06 785576
623.7 2.53802e+06 896710
686.07 2.88761e+06 1.02389e+06
754.677 3.28576e+06 1.16949e+06
830.145 3.7393e+06 1.33626e+06
913.16 4.25604e+06 1.52737e+06
1004.48 4.84491e+06 1.74648e+06
1104.92 5.51613e+06 1.99784e+06
1215.42 6.28139e+06 2.28634e+06
1336.96 7.15409e+06 2.61768e+06
1470.65 8.14956e+06 2.99843e+06
1617.72 9.28539e+06 3.43624e+06
1779.49 1.05818e+07 3.93999e+06
1957.44 1.20618e+07 4.52001e+06
2153.18 1.37521e+07 5.18831e+06
2368.5 1.56831e+07 5.95889e+06
2605.35 1.789e+07 6.84807e+06
2865.89 2.04131e+07 7.8749e+06
3152.47 2.32988e+07 9.06163e+06
3467.72 2.66008e+07 1.04343e+07
3814.49 3.03805e+07 1.20234e+07
4195.94 3.47092e+07 1.38645e+07
4615.54 3.9669e+07 1.59997e+07
5077.09 4.53548e+07 1.84781e+07
5584.8 5.18761e+07 2.13574e+07
6143.28 5.936e+07 2.47058e+07
6757.61 6.79534e+07 2.86033e+07
7433.37 7.78268e+07 3.31443e+07
8176.71 8.91777e+07 3.84404e+07
8994.38 1.02236e+08 4.46231e+07
9893.82 1.17268e+08 5.18481e+07
10883.2 1.34584e+08 6.02996e+07
11971.5 1.54546e+08 7.01957e+07
13168.7 1.77576e+08 8.17951e+07
14485.5 2.04165e+08 9.54046e+07
15934.1 2.34886e+08 1.11389e+08
17527.5 2.70413e+08 1.30181e+08
19280.2 3.11531e+08 1.52295e+08
21208.3 3.5916e+08 1.78347e+08
23329.1 4.14379e+08 2.09065e+08
25662 4.78458e+08 2.45321e+08
28228.2 5.52884e+08 2.88155e+08
31051 6.39409e+08 3.38808e+08
34156.1 7.40096e+08 3.98761e+08
37571.7 8.57377e+08 4.69788e+08
41328.9 9.94118e+08 5.54007e+08
45461.8 1.15371e+09 6.53957e+08
50008 1.34014e+09 7.72674e+08
55008.8 1.55816e+09 9.13799e+08
60509.7 1.81338e+09 1.0817e+09
66560.6 2.11243e+09 1.2816e+09
73216.7 2.46321e+09 1.51979e+09
80538.4 2.87507e+09 1.80381e+09
88592.2 3.35913e+09 2.14271e+09
97451.4 3.92863e+09 2.54737e+09
107197 4.5993e+09 3.03088e+09
117916 5.3899e+09 3.60894e+09
129708 6.32278e+09 4.30049e+09
142679 7.4246e+09 5.12827e+09
156947 8.72718e+09 6.11968e+09
172641 1.02685e+10 7.30769e+09
189905 1.20941e+10 8.73202e+09
208896 1.42582e+10 1.04405e+10
229785 1.68258e+10 1.24908e+10
252764 1.98749e+10 1.49525e+10
278040 2.34986e+10 1.79091e+10
305844 2.78087e+10 2.14619e+10
336429 3.29393e+10 2.57325e+10
370072 3.90513e+10 3.08679e+10
407079 4.63377e+10 3.70453e+10
447787 5.50303e+10 4.44787e+10
492565 6.54077e+10 5.34263e+10
541822 7.78045e+10 6.41995e+10
596004 9.26233e+10 7.71747e+10
655605 1.10348e+11 9.2806e+10
721165 1.31561e+11 1.11642e+11
793281 1.56963e+11 1.34345e+11
872610 1.87398e+11 1.61715e+11
959871 2.23882e+11 1.94718e+11
1.05586e+06 2.67638e+11 2.34523e+11
1.16144e+06 3.20142e+11 2.82539e+11
1.27759e+06 3.8317e+11 3.40472e+11
1.40535e+06 4.58865e+11 4.10381e+11
1.54588e+06 5.49809e+11 4.94755e+11
1.70047e+06 6.59117e+11 5.96603e+11
1.87052e+06 7.90547e+11 7.19561e+11
2.05757e+06 9.4863e+11 8.68025e+11
2.26332e+06 1.13884e+12 1.04731e+12
2.48966e+06 1.36776e+12 1.26383e+12
2.73862e+06 1.64338e+12 1.52537e+12
3.01249e+06 1.9753e+12 1.8413e+12
3.31373e+06 2.37514e+12 2.22298e+12
3.64511e+06 2.85692e+12 2.68414e+12
4.00962e+06 3.43757e+12 3.24137e+12
4.41058e+06 4.13754e+12 3.91475e+12
4.85164e+06 4.98153e+12 4.72855e+12
5.3368e+06 5.99938e+12 5.71213e+12
5.87048e+06 7.22715e+12 6.90097e+12
6.45753e+06 8.70841e+12 8.33803e+12
7.10328e+06 1.04958e+13 1.00752e+13
7.81361e+06 1.26529e+13 1.21754e+13
8.59497e+06 1.52567e+13 1.47144e+13
9.45447e+06 1.84e+13 1.77842e+13
1.03999e+07 2.21952e+13 2.1496e+13
1.14399e+07 2.6778e+13 2.59841e+13
1.25839e+07 3.23127e+13 3.14112e+13
1.38423e+07 3.89976e+13 3.79739e+13
1.52265e+07 4.70727e+13 4.59103e+13
1.67492e+07 5.68281e+13 5.55082e+13
1.84241e+07 6.86145e+13 6.71158e+13
2.02665e+07 8.28561e+13 8.11542e+13
2.22931e+07 1.00066e+14 9.81333e+13
2.45225e+07 1.20864e+14 1.18669e+14
2.69747e+07 1.46e+14 1.43508e+14
2.96722e+07 1.76381e+14 1.73552e+14
3.26394e+07 2.13105e+14 2.09892e+14
3.59033e+07 2.57498e+14 2.5385e+14
3.94937e+07 3.11165e+14 3.07023e+14
4.3443e+07 3.76047e+14 3.71343e+14
4.77873e+07 4.54492e+14 4.4915e+14
5.25661e+07 5.49338e+14 5.43273e+14
5.78227e+07 6.64021e+14 6.57134e+14
6.36049e+07 8.02696e+14 7.94876e+14
6.99654e+07 9.70389e+14 9.61509e+14
7.6962e+07 1.17318e+15 1.1631e+15
8.46582e+07 1.41842e+15 1.40697e+15
9.3124e+07 1.71501e+15 1.70201e+15
1.02436e+08 2.07371e+15 2.05894e+15
1.1268e+08 2.50754e+15 2.49077e+15
1.23948e+08 3.03224e+15 3.01321e+15
1.36343e+08 3.66689e+15 3.64528e+15
1.49977e+08 4.43452e+15 4.40998e+15
1.64975e+08 5.36303e+15 5.33516e+15
1.81472e+08 6.48615e+15 6.4545e+15
1.9962e+08 7.8447e+15 7.80877e+15
2.19581e+08 9.48808e+15 9.44728e+15
2.4154e+08 1.1476e+16 1.14297e+16
2.65694e+08 1.38808e+16 1.38282e+16
2.92263e+08 1.67899e+16 1.67302e+16
3.21489e+08 2.03091e+16 2.02413e+16
3.53638e+08 2.45664e+16 2.44894e+16
3.89002e+08 2.97168e+16 2.96293e+16
4.27902e+08 3.59475e+16 3.58482e+16
4.70692e+08 4.34854e+16 4.33726e+16
5.17762e+08 5.26047e+16 5.24767e+16
5.69538e+08 6.36374e+16 6.3492e+16
6.26492e+08 7.6985e+16 7.68199e+16
6.89141e+08 9.31334e+16 9.29459e+16
7.58055e+08 1.1267e+17 1.12458e+17
8.3386e+08 1.36308e+17 1.36066e+17
9.17246e+08 1.64905e+17 1.64631e+17
1.00897e+09 1.99504e+17 1.99193e+17
1.10987e+09 2.41366e+17 2.41012e+17
1.22085e+09 2.92013e+17 2.91611e+17
1.34294e+09 3.53291e+17 3.52834e+17
1.47723e+09 4.27431e+17 4.26912e+17
1.62496e+09 5.17133e+17 5.16545e+17
1.78745e+09 6.25665e+17 6.24997e+17
1.9662e+09 7.5698e+17 7.56222e+17
2.16282e+09 9.15862e+17 9.15e+17
2.3791e+09 1.1081e+18 1.10712e+18
2.61701e+09 1.34069e+18 1.33958e+18
2.87871e+09 1.62211e+18 1.62085e+18
3.16658e+09 1.96261e+18 1.96118e+18
3.48324e+09 2.3746e+18 2.37297e+18
3.83157e+09 2.87308e+18 2.87123e+18
4.21472e+09 3.47622e+18 3.47412e+18
4.63619e+09 4.20599e+18 4.20361e+18
5.09981e+09 5.08899e+18 5.08628e+18
5.6098e+09 6.15737e+18 6.1543e+18
6.17078e+09 7.45007e+18 7.44659e+18
6.78785e+09 9.0142e+18 9.01024e+18
7.46664e+09 1.09067e+19 1.09022e+19
8.2133e+09 1.31967e+19 1.31915e+19
9.03463e+09 1.59674e+19 1.59616e+19
9.93809e+09 1.93199e+19 1.93133e+19
1.09319e+10 2.33763e+19 2.33689e+19
1.20251e+10 2.82845e+19 2.8276e+19
1.32276e+10 3.42233e+19 3.42137e+19
1.45504e+10 4.14091e+19 4.13982e+19
1.60054e+10 5.01038e+19 5.00914e+19
1.76059e+10 6.06242e+19 6.06101e+19
1.93665e+10 7.33538e+19 7.33377e+19
2.13032e+10 8.87563e+19 8.87381e+19
2.34335e+10 1.07393e+20 1.07372e+20
2.57769e+10 1.29943e+20 1.2992e+20
2.83545e+10 1.57229e+20 1.57202e+20
3.119e+10 1.90244e+20 1.90214e+20
3.4309e+10 2.30192e+20 2.30157e+20
3.77399e+10 2.78528e+20 2.78489e+20
4.15139e+10 3.37015e+20 3.3697e+20
4.56653e+10 4.07783e+20 4.07732e+20
5.02318e+10 4.93411e+20 4.93354e+20
5.5255e+10 5.97021e+20 5.96957e+20
6.07805e+10 7.22389e+20 7.22315e+20
6.68585e+10 8.74082e+20 8.73999e+20
7.35444e+10 1.05763e+21 1.05754e+21
8.08988e+10 1.27972e+21 1.27961e+21
8.89887e+10 1.54845e+21 1.54833e+21
9.78876e+10 1.87361e+21 1.87347e+21
