0.001 2.01187 0.000377402
0.0011 2.21309 0.000442374
0.00121 2.43445 0.000518531
0.001331 2.67795 0.000607799
0.0014641 2.94581 0.000712433
0.00161051 3.24047 0.00083508
0.00177156 3.56461 0.000978839
0.00194872 3.92118 0.00114734
0.00214359 4.31342 0.00134486
0.00235795 4.74491 0.00157637
0.00259374 5.21957 0.00184773
0.00285312 5.74173 0.0021658
0.00313843 6.31613 0.00253861
0.00345227 6.94802 0.0029756
0.0037975 7.64315 0.0034878
0.00417725 8.40784 0.00408816
0.00459497 9.24906 0.00479184
0.00505447 10.1745 0.00561663
0.00555992 11.1925 0.00658337
0.00611591 12.3125 0.00771648
0.0067275 13.5446 0.00904458
0.00740025 14.9 0.0106012
0.00814027 16.3912 0.0124257
0.0089543 18.0317 0.0145642
0.00984973 19.8364 0.0170706
0.0108347 21.8219 0.0200082
0.0119182 24.0062 0.0234512
0.01311 26.4094 0.0274865
0.014421 29.0533 0.032216
0.0158631 31.9621 0.0377591
0.0174494 35.1624 0.0442555
0.0191943 38.6835 0.0518693
0.0211138 42.5574 0.0607924
0.0232252 46.8197 0.07125
0.0255477 51.5094 0.0835058
0.0281024 56.6694 0.0978687
0.0309127 62.347 0.114701
0.0340039 68.5941 0.134426
0.0374043 75.468 0.157542
0.0411448 83.0319 0.18463
0.0452593 91.355 0.216373
0.0497852 100.514 0.253569
0.0547637 110.593 0.297156
0.0602401 121.684 0.348228
0.0662641 133.89 0.408071
0.0728905 147.324 0.478188
0.0801795 162.108 0.560342
0.0881975 178.379 0.656595
0.0970172 196.288 0.769365
0.106719 216 0.901479
0.117391 237.698 1.05625
0.12913 261.582 1.23756
0.142043 287.874 1.44995
0.156247 316.818 1.69874
0.171872 348.684 1.99014
0.189059 383.768 2.33144
0.207965 422.397 2.73117
0.228762 464.932 3.1993
0.251638 511.771 3.7475
0.276801 563.354 4.38943
0.304482 620.164 5.14106
0.33493 682.737 6.02108
0.368423 751.662 7.05134
0.405265 827.591 8.25738
0.445792 911.243 9.66908
0.490371 1003.41 11.3214
0.539408 1104.98 13.2551
0.593349 1216.91 15.5178
0.652683 1340.28 18.1654
0.717952 1476.27 21.2629
0.789747 1626.2 24.8863
0.868722 1791.51 29.1243
0.955594 1973.81 34.0806
1.05115 2174.88 39.8761
1.15627 2396.68 46.6518
1.2719 2641.4 54.5722
1.39908 2911.44 63.8294
1.53899 3209.48 74.6468
1.69289 3538.5 87.2853
1.86218 3901.78 102.048
2.0484 4302.99 119.29
2.25324 4746.19 139.422
2.47856 5235.87 162.923
2.72642 5777.07 190.35
2.99906 6375.34 222.354
3.29897 7036.9 259.686
3.62887 7768.65 303.223
3.99175 8578.27 353.981
4.39093 9474.33 413.143
4.83002 10466.4 482.078
5.31302 11565.1 562.376
5.84432 12782.3 655.879
6.42876 14131.3 764.725
7.07163 15627 891.386
7.7788 17285.9 1038.73
8.55668 19126.6 1210.06
9.41234 21169.8 1409.22
10.3536 23438.8 1640.63
11.3889 25959.7 1909.42
12.5278 28761.5 2221.5
13.7806 31877.2 2583.69
15.1587 35343.5 3003.85
16.6745 39201.6 3491.08
18.342 43497.9 4055.82
20.1762 48284.7 4710.14
22.1938 53620.5 5467.9
24.4132 59571.5 6345.09
26.8545 66211.8 7360.07
29.54 73625.4 8533.98
32.494 81906.5 9891.12
35.7434 91161.5 11459.4
39.3177 101511 13270.9
43.2495 113089 15362.4
47.5744 126050 17776.3
52.3319 140567 20561
57.565 156833 23772.2
63.3215 175072 27473.9
69.6537 195531 31739.3
76.6191 218494 36652.4
84.281 244281 42309.6
92.7091 273252 48821.5
101.98 305820 56314.7
112.178 342447 64934.5
123.396 383662 74847.5
135.735 430060 86244.7
149.309 482320 99345.1
164.24 541210 114400
180.664 607602 131697
198.73 682487 151567
218.603 766989 174390
240.463 862387 200600
264.51 970132 230698
290.961 1.09188e+06 265257
320.057 1.2295e+06 304938
352.063 1.38513e+06 350497
387.269 1.5612e+06 402806
425.996 1.76049e+06 462869
468.595 1.98614e+06 531837
515.455 2.24175e+06 611041
567 2.5314e+06 702010
623.7 2.85976e+06 806508
686.07 3.23215e+06 926570
754.677 3.65465e+06 1.06454e+06
830.145 4.13419e+06 1.22314e+06
913.16 4.67869e+06 1.4055e+06
1004.48 5.29718e+06 1.61525e+06
1104.92 6.00002e+06 1.85657e+06
1215.42 6.79902e+06 2.13434e+06
1336.96 7.70772e+06 2.45419e+06
1470.65 8.74161e+06 2.82265e+06
1617.72 9.91842e+06 3.24732e+06
1779.49 1.12585e+07 3.73702e+06
1957.44 1.27852e+07 4.30202e+06
2153.18 1.45252e+07 4.95426e+06
2368.5 1.65093e+07 5.70769e+06
2605.35 1.87728e+07 6.57854e+06
2865.89 2.13563e+07 7.58578e+06
3152.47 2.43065e+07 8.7516e+06
3467.72 2.76771e+07 1.01019e+07
3814.49 3.15301e+07 1.16672e+07
4195.94 3.59369e+07 1.34829e+07
4615.54 4.09799e+07 1.55909e+07
5077.09 4.67545e+07 1.80402e+07
5584.8 5.33705e+07 2.08886e+07
6143.28 6.09554e+07 2.4204e+07
6757.61 6.96564e+07 2.80662e+07
7433.37 7.96445e+07 3.25697e+07
8176.71 9.11178e+07 3.78256e+07
8994.38 1.04306e+08 4.39656e+07
9893.82 1.19477e+08 5.1145e+07
10883.2 1.36942e+08 5.95479e+07
11971.5 1.57062e+08 6.93922e+07
13168.7 1.8026e+08 8.09363e+07
14485.5 2.07029e+08 9.4487e+07
15934.1 2.37942e+08 1.10408e+08
17527.5 2.73673e+08 1.29133e+08
19280.2 3.15009e+08 1.51177e+08
21208.3 3.6287e+08 1.77152e+08
23329.1 4.18337e+08 2.0779e+08
25662 4.8268e+08 2.4396e+08
28228.2 5.57387e+08 2.86703e+08
31051 6.44213e+08 3.37258e+08
34156.1 7.45221e+08 3.97108e+08
37571.7 8.62843e+08 4.68024e+08
41328.9 9.99948e+08 5.52127e+08
45461.8 1.15993e+09 6.51952e+08
50008 1.34678e+09 7.70537e+08
55008.8 1.56524e+09 9.11522e+08
60509.7 1.82093e+09 1.07927e+09
66560.6 2.12049e+09 1.27902e+09
73216.7 2.4718e+09 1.51704e+09
80538.4 2.88424e+09 1.80088e+09
88592.2 3.36892e+09 2.1396e+09
97451.4 3.93907e+09 2.54406e+09
107197 4.61045e+09 3.02736e+09
117916 5.4018e+09 3.60521e+09
129708 6.33549e+09 4.29652e+09
142679 7.43817e+09 5.12406e+09
156947 8.74167e+09 6.11522e+09
172641 1.0284e+10 7.30297e+09
189905 1.21106e+10 8.72704e+09
208896 1.42759e+10 1.04353e+10
229785 1.68447e+10 1.24853e+10
252764 1.98951e+10 1.49466e+10
278040 2.35202e+10 1.7903e+10
305844 2.78319e+10 2.14554e+10
336429 3.29642e+10 2.57257e+10
370072 3.9078e+10 3.08609e+10
407079 4.63663e+10 3.7038e+10
447787 5.5061e+10 4.44712e+10
492565 6.54407e+10 5.34185e+10
541822 7.78401e+10 6.41916e+10
596004 9.26616e+10 7.71667e+10
655605 1.10389e+11 9.2798e+10
721165 1.31606e+11 1.11634e+11
793281 1.57011e+11 1.34337e+11
872610 1.8745e+11 1.61707e+11
959871 2.23939e+11 1.94712e+11
1.05586e+06 2.677e+11 2.34517e+11
1.16144e+06 3.2021e+11 2.82535e+11
1.27759e+06 3.83244e+11 3.40469e+11
1.40535e+06 4.58946e+11 4.1038e+11
1.54588e+06 5.49899e+11 4.94757e+11
1.70047e+06 6.59216e+11 5.96608e+11
1.87052e+06 7.90656e+11 7.19571e+11
2.05757e+06 9.48751e+11 8.6804e+11
2.26332e+06 1.13897e+12 1.04733e+12
2.48966e+06 1.36792e+12 1.26386e+12
2.73862e+06 1.64355e+12 1.52541e+12
3.01249e+06 1.9755e+12 1.84136e+12
3.31373e+06 2.37536e+12 2.22305e+12
3.64511e+06 2.85717e+12 2.68423e+12
4.00962e+06 3.43785e+12 3.24149e+12
4.41058e+06 4.13786e+12 3.9149e+12
4.85164e+06 4.9819e+12 4.72874e+12
5.3368e+06 5.99981e+12 5.71236e+12
5.87048e+06 7.22766e+12 6.90127e+12
6.45753e+06 8.70899e+12 8.33839e+12
7.10328e+06 1.04965e+13 1.00757e+13
7.81361e+06 1.26537e+13 1.21759e+13
8.59497e+06 1.52576e+13 1.47151e+13
9.45447e+06 1.84011e+13 1.7785e+13
1.03999e+07 2.21965e+13 2.1497e+13
1.14399e+07 2.67796e+13 2.59853e+13
1.25839e+07 3.23145e+13 3.14127e+13
1.38423e+07 3.89998e+13 3.79757e+13
1.52265e+07 4.70753e+13 4.59125e+13
1.67492e+07 5.68312e+13 5.55109e+13
1.84241e+07 6.86183e+13 6.7119e+13
2.02665e+07 8.28606e+13 8.11582e+13
2.22931e+07 1.00071e+14 9.81381e+13
2.45225e+07 1.2087e+14 1.18675e+14
2.69747e+07 1.46007e+14 1.43515e+14
2.96722e+07 1.76391e+14 1.73561e+14
3.26394e+07 2.13116e+14 2.09903e+14
3.59033e+07 2.57512e+14 2.53863e+14
3.94937e+07 3.11182e+14 3.07038e+14
4.3443e+07 3.76067e+14 3.71362e+14
4.77873e+07 4.54515e+14 4.49173e+14
5.25661e+07 5.49366e+14 5.433e+14
5.78227e+07 6.64055e+14 6.57168e+14
6.36049e+07 8.02737e+14 7.94916e+14
6.99654e+07 9.70438e+14 9.61557e+14
7.6962e+07 1.17324e+15 1.16315e+15
8.46582e+07 1.41849e+15 1.40704e+15
9.3124e+07 1.71509e+15 1.70209e+15
1.02436e+08 2.07381e+15 2.05905e+15
1.1268e+08 2.50766e+15 2.4909e+15
1.23948e+08 3.0324e+15 3.01336e+15
1.36343e+08 3.66708e+15 3.64546e+15
1.49977e+08 4.43475e+15 4.4102e+15
1.64975e+08 5.3633e+15 5.33543e+15
1.81472e+08 6.48648e+15 6.45483e+15
1.9962e+08 7.8451e+15 7.80917e+15
2.19581e+08 9.48856e+15 9.44776e+15
2.4154e+08 1.14766e+16 1.14303e+16
2.65694e+08 1.38815e+16 1.38289e+16
2.92263e+08 1.67907e+16 1.6731e+16
3.21489e+08 2.03101e+16 2.02423e+16
3.53638e+08 2.45677e+16 2.44906e+16
3.89002e+08 2.97183e+16 2.96308e+16
4.27902e+08 3.59493e+16 3.585e+16
4.70692e+08 4.34876e+16 4.33748e+16
5.17762e+08 5.26074e+16 5.24793e+16
5.69538e+08 6.36406e+16 6.34952e+16
6.26492e+08 7.69889e+16 7.68238e+16
6.89141e+08 9.31382e+16 9.29507e+16
7.58055e+08 1.12676e+17 1.12463e+17
8.3386e+08 1.36314e+17 1.36073e+17
9.17246e+08 1.64913e+17 1.64639e+17
1.00897e+09 1.99515e+17 1.99203e+17
1.10987e+09 2.41378e+17 2.41024e+17
1.22085e+09 2.92028e+17 2.91626e+17
1.34294e+09 3.53309e+17 3.52852e+17
1.47723e+09 4.27452e+17 4.26934e+17
1.62496e+09 5.17159e+17 5.16571e+17
1.78745e+09 6.25697e+17 6.25029e+17
1.9662e+09 7.57019e+17 7.5626e+17
2.16282e+09 9.15908e+17 9.15047e+17
2.3791e+09 1.10815e+18 1.10717e+18
2.61701e+09 1.34076e+18 1.33964e+18
2.87871e+09 1.62219e+18 1.62093e+18
3.16658e+09 1.96271e+18 1.96128e+18
3.48324e+09 2.37472e+18 2.37309e+18
3.83157e+09 2.87323e+18 2.87138e+18
4.21472e+09 3.4764e+18 3.4743e+18
4.63619e+09 4.20621e+18 4.20383e+18
5.09981e+09 5.08924e+18 5.08654e+18
5.6098e+09 6.15768e+18 6.15461e+18
6.17078e+09 7.45045e+18 7.44697e+18
6.78785e+09 9.01466e+18 9.0107e+18
7.46664e+09 1.09073e+19 1.09028e+19
8.2133e+09 1.31973e+19 1.31922e+19
9.03463e+09 1.59682e+19 1.59624e+19
9.93809e+09 1.93209e+19 1.93143e+19
1.09319e+10 2.33775e+19 2.337e+19
1.20251e+10 2.8286e+19 2.82775e+19
1.32276e+10 3.42251e+19 3.42154e+19
1.45504e+10 4.14112e+19 4.14003e+19
1.60054e+10 5.01064e+19 5.0094e+19
1.76059e+10 6.06273e+19 6.06132e+19
1.93665e+10 7.33575e+19 7.33415e+19
2.13032e+10 8.87608e+19 8.87426e+19
2.34335e+10 1.07399e+20 1.07378e+20
2.57769e+10 1.2995e+20 1.29926e+20
2.83545e+10 1.57237e+20 1.5721e+20
3.119e+10 1.90254e+20 1.90223e+20
3.4309e+10 2.30203e+20 2.30169e+20
3.77399e+10 2.78542e+20 2.78503e+20
4.15139e+10 3.37032e+20 3.36987e+20
4.56653e+10 4.07803e+20 4.07753e+20
5.02318e+10 4.93437e+20 4.9338e+20
5.5255e+10 5.97052e+20 5.96987e+20
6.07805e+10 7.22426e+20 7.22352e+20
6.68585e+10 8.74127e+20 8.74043e+20
7.35444e+10 1.05768e+21 1.05759e+21
8.08988e+10 1.27979e+21 1.27968e+21
8.89887e+10 1.54853e+21 1.54841e+21
9.78876e+10 1.87371e+21 1.87357e+21
