0.001 12263.2 2.70623e-07
0.0011 10327.9 3.24598e-07
0.00121 13371.3 3.89417e-07
0.001331 16347 4.67271e-07
0.0014641 15921.3 5.60799e-07
0.00161051 14065.6 6.73177e-07
0.00177156 18798.5 8.08225e-07
0.00194872 20247.8 9.70546e-07
0.00214359 22331.9 1.16568e-06
0.00235795 24675 1.4003e-06
0.00259374 28018.5 1.68243e-06
0.00285312 27222.9 2.02176e-06
0.00313843 32596.5 2.42994e-06
0.00345227 36557.3 2.92102e-06
0.0037975 39512.8 3.51191e-06
0.00417725 44969.2 4.22302e-06
0.00459497 46972.9 5.07892e-06
0.00505447 51365.2 6.10922e-06
0.00555992 55906.4 7.34965e-06
0.00611591 63869.5 8.84325e-06
0.0067275 71075.2 1.06419e-05
0.00740025 75819.7 1.28083e-05
0.00814027 81175.7 1.54178e-05
0.0089543 92133.1 1.85614e-05
0.00984973 99307.3 2.23491e-05
0.0108347 110375 2.69132e-05
0.0119182 123010 3.24134e-05
0.01311 130058 3.90427e-05
0.014421 145875 4.70335e-05
0.0158631 159236 5.66666e-05
0.0174494 177072 6.82806e-05
0.0191943 195703 8.22843e-05
0.0211138 213339 9.91711e-05
0.0232252 233952 0.000119537
0.0255477 256611 0.000144099
0.0281024 284724 0.000173727
0.0309127 309776 0.000209468
0.0340039 341027 0.000252587
0.0374043 378068 0.000304612
0.0411448 412895 0.000367385
0.0452593 457434 0.000443136
0.0497852 501660 0.000534553
0.0547637 551943 0.000644886
0.0602401 604506 0.000778057
0.0662641 664246 0.000938805
0.0728905 733796 0.00113286
0.0801795 807372 0.00136712
0.0881975 886142 0.00164996
0.0970172 974007 0.00199146
0.106719 1.07502e+06 0.00240382
0.117391 1.18141e+06 0.00290177
0.12913 1.29976e+06 0.0035031
0.142043 1.42885e+06 0.00422934
0.156247 1.57414e+06 0.00510646
0.171872 1.73146e+06 0.00616587
0.189059 1.90058e+06 0.00744553
0.207965 2.09144e+06 0.00899131
0.228762 2.30098e+06 0.0108586
0.251638 2.53013e+06 0.0131145
0.276801 2.7837e+06 0.0158399
0.304482 3.06569e+06 0.0191327
0.33493 3.36859e+06 0.0231113
0.368423 3.70693e+06 0.0279185
0.405265 4.07488e+06 0.0337273
0.445792 4.48512e+06 0.0407467
0.490371 4.93369e+06 0.0492292
0.539408 5.42419e+06 0.0594803
0.593349 5.96679e+06 0.0718691
0.652683 6.56656e+06 0.0868419
0.717952 7.22402e+06 0.104939
0.789747 7.94601e+06 0.126811
0.868722 8.73659e+06 0.153249
0.955594 9.6117e+06 0.185205
1.05115 1.05729e+07 0.223834
1.15627 1.16292e+07 0.270528
1.2719 1.27898e+07 0.326976
1.39908 1.40723e+07 0.395214
1.53899 1.54782e+07 0.47771
1.69289 1.70251e+07 0.577443
1.86218 1.87303e+07 0.698019
2.0484 2.06001e+07 0.843798
2.25324 2.26586e+07 1.02005
2.47856 2.49253e+07 1.23316
2.72642 2.74195e+07 1.49082
2.99906 3.016e+07 1.80238
3.29897 3.31764e+07 2.1791
3.62887 3.64931e+07 2.63462
3.99175 4.01471e+07 3.18544
4.39093 4.41602e+07 3.85152
4.83002 4.85719e+07 4.65697
5.31302 5.34291e+07 5.631
5.84432 5.8774e+07 6.80889
6.42876 6.46531e+07 8.23334
7.07163 7.11163e+07 9.956
7.7788 7.82251e+07 12.0393
8.55668 8.60487e+07 14.5589
9.41234 9.4656e+07 17.606
10.3536 1.04119e+08 21.2913
11.3889 1.14535e+08 25.7484
12.5278 1.25986e+08 31.1391
13.7806 1.38584e+08 37.659
15.1587 1.52443e+08 45.5448
16.6745 1.67689e+08 55.0827
18.342 1.84454e+08 66.6189
20.1762 2.029e+08 80.5725
22.1938 2.23194e+08 97.45
24.4132 2.45514e+08 117.864
26.8545 2.70062e+08 142.557
29.54 2.97068e+08 172.426
32.494 3.26775e+08 208.554
35.7434 3.59454e+08 252.256
39.3177 3.95399e+08 305.119
43.2495 4.34938e+08 369.065
47.5744 4.78433e+08 446.416
52.3319 5.26279e+08 539.985
57.565 5.78906e+08 653.173
63.3215 6.36793e+08 790.094
69.6537 7.00475e+08 955.727
76.6191 7.70523e+08 1156.09
84.281 8.47574e+08 1398.48
92.7091 9.32328e+08 1691.69
101.98 1.02556e+09 2046.41
112.178 1.12812e+09 2475.52
123.396 1.24093e+09 2994.63
135.735 1.36503e+09 3622.63
149.309 1.50153e+09 4382.36
164.24 1.65169e+09 5301.46
180.664 1.81685e+09 6413.36
198.73 1.99854e+09 7758.51
218.603 2.19839e+09 9385.87
240.463 2.41823e+09 11354.6
264.51 2.66006e+09 13736.5
290.961 2.92607e+09 16618
320.057 3.21867e+09 20104.1
352.063 3.54054e+09 24321.7
387.269 3.8946e+09 29424.3
425.996 4.28406e+09 35597.5
468.595 4.71248e+09 43066.1
515.455 5.18373e+09 52101.9
567 5.7021e+09 63033.8
623.7 6.27232e+09 76259.8
686.07 6.89956e+09 92261.4
754.677 7.58953e+09 111621
830.145 8.34849e+09 135044
913.16 9.18336e+09 163382
1004.48 1.01017e+10 197667
1104.92 1.11119e+10 239149
1215.42 1.22231e+10 289336
1336.96 1.34455e+10 350057
1470.65 1.47901e+10 423523
1617.72 1.62691e+10 512409
1779.49 1.78961e+10 619951
1957.44 1.96857e+10 750066
2153.18 2.16544e+10 907492
2368.5 2.38199e+10 1.09796e+06
2605.35 2.62021e+10 1.32842e+06
2865.89 2.88224e+10 1.60724e+06
3152.47 3.17048e+10 1.9446e+06
3467.72 3.48755e+10 2.35277e+06
3814.49 3.83633e+10 2.84662e+06
4195.94 4.22e+10 3.44415e+06
4615.54 4.64204e+10 4.16711e+06
5077.09 5.10628e+10 5.04184e+06
5584.8 5.61697e+10 6.10019e+06
6143.28 6.17873e+10 7.38073e+06
6757.61 6.79669e+10 8.9301e+06
7433.37 7.47645e+10 1.08047e+07
8176.71 8.22422e+10 1.30729e+07
8994.38 9.04678e+10 1.58173e+07
9893.82 9.95164e+10 1.91378e+07
10883.2 1.0947e+11 2.31554e+07
11971.5 1.2042e+11 2.80165e+07
13168.7 1.32465e+11 3.38982e+07
14485.5 1.45715e+11 4.10148e+07
15934.1 1.60291e+11 4.96254e+07
17527.5 1.76325e+11 6.00439e+07
19280.2 1.93965e+11 7.26497e+07
21208.3 2.13369e+11 8.79022e+07
23329.1 2.34716e+11 1.06357e+08
25662 2.58199e+11 1.28686e+08
28228.2 2.84033e+11 1.55704e+08
31051 3.12453e+11 1.88395e+08
34156.1 3.43719e+11 2.27949e+08
37571.7 3.78116e+11 2.75808e+08
41328.9 4.15958e+11 3.33715e+08
45461.8 4.57591e+11 4.03782e+08
50008 5.03395e+11 4.88559e+08
55008.8 5.53788e+11 5.91137e+08
60509.7 6.09232e+11 7.15253e+08
66560.6 6.70233e+11 8.6543e+08
73216.7 7.37352e+11 1.04714e+09
80538.4 8.11202e+11 1.267e+09
88592.2 8.92462e+11 1.53303e+09
97451.4 9.81877e+11 1.85491e+09
107197 1.08027e+12 2.24439e+09
117916 1.18854e+12 2.71564e+09
129708 1.30769e+12 3.28584e+09
142679 1.43883e+12 3.97578e+09
156947 1.58315e+12 4.81058e+09
172641 1.74199e+12 5.82067e+09
189905 1.91683e+12 7.04286e+09
208896 2.10929e+12 8.52168e+09
229785 2.32115e+12 1.0311e+10
252764 2.5544e+12 1.24761e+10
278040 2.81121e+12 1.50958e+10
305844 3.094e+12 1.82656e+10
336429 3.40541e+12 2.21009e+10
370072 3.74838e+12 2.67417e+10
407079 4.12616e+12 3.23569e+10
447787 4.54233e+12 3.91512e+10
492565 5.00087e+12 4.73721e+10
541822 5.50617e+12 5.73194e+10
596004 6.06309e+12 6.93555e+10
655605 6.67703e+12 8.39189e+10
721165 7.35396e+12 1.0154e+11
793281 8.10053e+12 1.22862e+11
872610 8.9241e+12 1.48661e+11
959871 9.83286e+12 1.79878e+11
1.05586e+06 1.08359e+13 2.1765e+11
1.16144e+06 1.19435e+13 2.63353e+11
1.27759e+06 1.31668e+13 3.18654e+11
1.40535e+06 1.45185e+13 3.85567e+11
1.54588e+06 1.60128e+13 4.66531e+11
1.70047e+06 1.76654e+13 5.64496e+11
1.87052e+06 1.9494e+13 6.83033e+11
2.05757e+06 2.15185e+13 8.26462e+11
2.26332e+06 2.37613e+13 1.00001e+12
2.48966e+06 2.62474e+13 1.21e+12
2.73862e+06 2.90053e+13 1.46409e+12
3.01249e+06 3.20668e+13 1.77153e+12
3.31373e+06 3.54684e+13 2.14353e+12
3.64511e+06 3.9251e+13 2.59366e+12
4.00962e+06 4.34614e+13 3.1383e+12
4.41058e+06 4.81528e+13 3.79731e+12
4.85164e+06 5.33858e+13 4.59471e+12
5.3368e+06 5.92298e+13 5.55956e+12
5.87048e+06 6.57643e+13 6.72703e+12
6.45753e+06 7.30807e+13 8.13965e+12
7.10328e+06 8.12841e+13 9.84891e+12
7.81361e+06 9.04959e+13 1.19171e+13
8.59497e+06 1.00856e+14 1.44196e+13
9.45447e+06 1.12528e+14 1.74476e+13
1.03999e+07 1.257e+14 2.11115e+13
1.14399e+07 1.40592e+14 2.55448e+13
1.25839e+07 1.57462e+14 3.0909e+13
1.38423e+07 1.76608e+14 3.73997e+13
1.52265e+07 1.98383e+14 4.52534e+13
1.67492e+07 2.23199e+14 5.47564e+13
1.84241e+07 2.51542e+14 6.62549e+13
2.02665e+07 2.83984e+14 8.01681e+13
2.22931e+07 3.21201e+14 9.70029e+13
2.45225e+07 3.63991e+14 1.17373e+14
2.69747e+07 4.13301e+14 1.42021e+14
2.96722e+07 4.70254e+14 1.71844e+14
3.26394e+07 5.36182e+14 2.07931e+14
3.59033e+07 6.12672e+14 2.51596e+14
3.94937e+07 7.01615e+14 3.0443e+14
4.3443e+07 8.05264e+14 3.68358e+14
4.77873e+07 9.2631e+14 4.45712e+14
5.25661e+07 1.06797e+15 5.3931e+14
5.78227e+07 1.23409e+15 6.52563e+14
6.36049e+07 1.42928e+15 7.89599e+14
6.99654e+07 1.65906e+15 9.55412e+14
7.6962e+07 1.93007e+15 1.15604e+15
8.46582e+07 2.25024e+15 1.39881e+15
9.3124e+07 2.62913e+15 1.69256e+15
1.02436e+08 3.07822e+15 2.04799e+15
1.1268e+08 3.61132e+15 2.47806e+15
1.23948e+08 4.24504e+15 2.99844e+15
1.36343e+08 4.99937e+15 3.62811e+15
1.49977e+08 5.8984e+15 4.39e+15
1.64975e+08 6.97114e+15 5.31188e+15
1.81472e+08 8.25256e+15 6.42737e+15
1.9962e+08 9.78483e+15 7.7771e+15
2.19581e+08 1.16188e+16 9.41027e+15
2.4154e+08 1.38158e+16 1.13864e+16
2.65694e+08 1.64499e+16 1.37775e+16
2.92263e+08 1.96104e+16 1.66708e+16
3.21489e+08 2.34052e+16 2.01716e+16
3.53638e+08 2.79646e+16 2.44076e+16
3.89002e+08 3.34459e+16 2.95331e+16
4.27902e+08 4.00391e+16 3.5735e+16
4.70692e+08 4.79739e+16 4.32393e+16
5.17762e+08 5.75276e+16 5.23195e+16
5.69538e+08 6.90355e+16 6.33065e+16
6.26492e+08 8.29028e+16 7.66007e+16
6.89141e+08 9.96191e+16 9.26867e+16
7.58055e+08 1.19777e+17 1.12151e+17
8.3386e+08 1.44091e+17 1.35702e+17
9.17246e+08 1.73427e+17 1.642e+17
1.00897e+09 2.08832e+17 1.98681e+17
1.10987e+09 2.5157e+17 2.40404e+17
1.22085e+09 3.03171e+17 2.90888e+17
1.34294e+09 3.65486e+17 3.51975e+17
1.47723e+09 4.40752e+17 4.25889e+17
1.62496e+09 5.31675e+17 5.15325e+17
1.78745e+09 6.41528e+17 6.23543e+17
1.9662e+09 7.74271e+17 7.54486e+17
2.16282e+09 9.34691e+17 9.12927e+17
2.3791e+09 1.12858e+18 1.10464e+18
2.61701e+09 1.36295e+18 1.33661e+18
2.87871e+09 1.64627e+18 1.6173e+18
3.16658e+09 1.9888e+18 1.95693e+18
3.48324e+09 2.40295e+18 2.36789e+18
3.83157e+09 2.90371e+18 2.86514e+18
4.21472e+09 3.50924e+18 3.46682e+18
4.63619e+09 4.24152e+18 4.19485e+18
5.09981e+09 5.1271e+18 5.07576e+18
5.6098e+09 6.19815e+18 6.14167e+18
6.17078e+09 7.49355e+18 7.43141e+18
6.78785e+09 9.06035e+18 8.992e+18
7.46664e+09 1.09555e+19 1.08803e+19
8.2133e+09 1.32479e+19 1.31652e+19
9.03463e+09 1.60209e+19 1.59298e+19
9.93809e+09 1.93752e+19 1.92751e+19
1.09319e+10 2.3433e+19 2.33229e+19
1.20251e+10 2.83418e+19 2.82206e+19
1.32276e+10 3.42803e+19 3.4147e+19
1.45504e+10 4.14645e+19 4.13178e+19
1.60054e+10 5.01559e+19 4.99945e+19
1.76059e+10 6.06709e+19 6.04933e+19
1.93665e+10 7.33922e+19 7.31969e+19
2.13032e+10 8.87831e+19 8.85682e+19
2.34335e+10 1.07404e+20 1.07168e+20
2.57769e+10 1.29933e+20 1.29673e+20
2.83545e+10 1.5719e+20 1.56904e+20
3.119e+10 1.90168e+20 1.89854e+20
3.4309e+10 2.30069e+20 2.29723e+20
3.77399e+10 2.78345e+20 2.77964e+20
4.15139e+10 3.36756e+20 3.36337e+20
4.56653e+10 4.07429e+20 4.06967e+20
5.02318e+10 4.92938e+20 4.9243e+20
5.5255e+10 5.96399e+20 5.9584e+20
6.07805e+10 7.21582e+20 7.20967e+20
6.68585e+10 8.73046e+20 8.72369e+20
7.35444e+10 1.05631e+21 1.05557e+21
8.08988e+10 1.27805e+21 1.27724e+21
8.89887e+10 1.54636e+21 1.54545e+21
9.78876e+10 1.87099e+21 1.87e+21
