0.001 0.047395 0.0150217
0.0011 0.0537358 0.0170821
0.00121 0.0609303 0.0194236
0.001331 0.0690938 0.0220844
0.0014641 0.0783572 0.0251077
0.00161051 0.0888691 0.028543
0.00177156 0.100798 0.0324461
0.00194872 0.114336 0.0368807
0.00214359 0.1297 0.0419189
0.00235795 0.147138 0.0476427
0.00259374 0.166929 0.0541452
0.00285312 0.189392 0.0615321
0.00313843 0.214888 0.0699234
0.00345227 0.243828 0.0794557
0.0037975 0.276678 0.0902836
0.00417725 0.313967 0.102583
0.00459497 0.356294 0.116554
0.00505447 0.404343 0.132422
0.00555992 0.458887 0.150447
0.00611591 0.520806 0.170919
0.0067275 0.591098 0.194171
0.00740025 0.670897 0.220581
0.00814027 0.761488 0.250576
0.0089543 0.864335 0.284642
0.00984973 0.981096 0.323333
0.0108347 1.11365 0.367275
0.0119182 1.26415 0.417181
0.01311 1.43501 0.473858
0.014421 1.629 0.538226
0.0158631 1.84924 0.611328
0.0174494 2.09929 0.694346
0.0191943 2.3832 0.788628
0.0211138 2.70553 0.895698
0.0232252 3.07151 1.01729
0.0255477 3.48704 1.15538
0.0281024 3.95883 1.31219
0.0309127 4.49451 1.49028
0.0340039 5.10273 1.69251
0.0374043 5.79331 1.92217
0.0411448 6.57741 2.18298
0.0452593 7.46771 2.47915
0.0497852 8.47859 2.81548
0.0547637 9.62639 3.19742
0.0602401 10.9296 3.63115
0.0662641 12.4094 4.12368
0.0728905 14.0897 4.683
0.0801795 15.9975 5.31816
0.0881975 18.1638 6.03943
0.0970172 20.6236 6.8585
0.106719 23.4166 7.78862
0.117391 26.588 8.84484
0.12913 30.189 10.0443
0.142043 34.2779 11.4063
0.156247 38.9208 12.953
0.171872 44.1927 14.7095
0.189059 50.179 16.704
0.207965 56.9763 18.969
0.228762 64.6947 21.5411
0.251638 73.4589 24.4619
0.276801 83.4107 27.7788
0.304482 94.711 31.5453
0.33493 107.543 35.8226
0.368423 122.113 40.6799
0.405265 138.658 46.1958
0.445792 157.445 52.4596
0.490371 178.778 59.5729
0.539408 203.002 67.6508
0.593349 230.509 76.8241
0.652683 261.743 87.2415
0.717952 297.211 99.0718
0.789747 337.487 112.507
0.868722 383.221 127.764
0.955594 435.153 145.09
1.05115 494.125 164.767
1.15627 561.09 187.114
1.2719 637.132 212.492
1.39908 723.482 241.313
1.53899 821.538 274.045
1.69289 932.886 311.218
1.86218 1059.33 353.437
2.0484 1202.91 401.385
2.25324 1365.97 455.841
2.47856 1551.12 517.69
2.72642 1761.39 587.936
2.99906 2000.16 667.72
3.29897 2271.31 758.338
3.62887 2579.23 861.264
3.99175 2928.91 978.17
4.39093 3326.01 1110.96
4.83002 3776.97 1261.79
5.31302 4289.09 1433.12
5.84432 4870.69 1627.74
6.42876 5531.17 1848.82
7.07163 6281.26 2099.96
7.7788 7133.12 2385.26
8.55668 8100.56 2709.37
9.41234 9199.28 3077.59
10.3536 10447.1 3495.93
11.3889 11864.3 3971.22
12.5278 13473.8 4511.26
13.7806 15301.9 5124.87
15.1587 17378.1 5822.11
16.6745 19736.3 6614.41
18.342 22414.7 7514.77
20.1762 25456.9 8538
22.1938 28912.4 9700.9
24.4132 32837.4 11022.6
26.8545 37295.7 12525
29.54 42360 14232.7
32.494 48112.7 16174.1
35.7434 54647.6 18381.2
39.3177 62071.3 20890.6
43.2495 70504.8 23744
47.5744 80085.9 26988.7
52.3319 90970.9 30678.8
57.565 103338 34875.9
63.3215 117389 39650.1
69.6537 133354 45081.3
76.6191 151495 51260.8
84.281 172109 58292.4
92.7091 195535 66294.8
101.98 222156 75403.3
112.178 252411 85772.3
123.396 286798 97578.2
135.735 325882 111022
149.309 370309 126335
164.24 420813 143778
180.664 478229 163653
198.73 543507 186304
218.603 617730 212124
240.463 702132 241564
264.51 798117 275138
290.961 907285 313439
320.057 1.03146e+06 357144
352.063 1.17272e+06 407029
387.269 1.33343e+06 463987
425.996 1.51631e+06 529041
468.595 1.72442e+06 603369
515.455 1.96128e+06 688322
567 2.23091e+06 785458
623.7 2.53789e+06 896568
686.07 2.88745e+06 1.02372e+06
754.677 3.28556e+06 1.16928e+06
830.145 3.73906e+06 1.33601e+06
913.16 4.25575e+06 1.52707e+06
1004.48 4.84457e+06 1.74612e+06
1104.92 5.51571e+06 1.9974e+06
1215.42 6.28088e+06 2.28581e+06
1336.96 7.15347e+06 2.61703e+06
1470.65 8.1488e+06 2.99765e+06
1617.72 9.28447e+06 3.4353e+06
1779.49 1.05806e+07 3.93885e+06
1957.44 1.20604e+07 4.51863e+06
2153.18 1.37504e+07 5.18665e+06
2368.5 1.56811e+07 5.95688e+06
2605.35 1.78876e+07 6.84564e+06
2865.89 2.04102e+07 7.87196e+06
3152.47 2.32953e+07 9.05808e+06
3467.72 2.65965e+07 1.043e+07
3814.49 3.03753e+07 1.20182e+07
4195.94 3.4703e+07 1.38582e+07
4615.54 3.96615e+07 1.59921e+07
5077.09 4.53456e+07 1.84689e+07
5584.8 5.1865e+07 2.13463e+07
6143.28 5.93466e+07 2.46923e+07
6757.61 6.79372e+07 2.85869e+07
7433.37 7.78071e+07 3.31246e+07
8176.71 8.91538e+07 3.84165e+07
8994.38 1.02207e+08 4.45942e+07
9893.82 1.17233e+08 5.18132e+07
10883.2 1.34542e+08 6.02573e+07
11971.5 1.54495e+08 7.01445e+07
13168.7 1.77514e+08 8.17332e+07
14485.5 2.0409e+08 9.53297e+07
15934.1 2.34796e+08 1.11298e+08
17527.5 2.70304e+08 1.30071e+08
19280.2 3.11398e+08 1.52163e+08
21208.3 3.58999e+08 1.78186e+08
23329.1 4.14185e+08 2.08871e+08
25662 4.78223e+08 2.45086e+08
28228.2 5.52599e+08 2.87871e+08
31051 6.39065e+08 3.38464e+08
34156.1 7.3968e+08 3.98345e+08
37571.7 8.56873e+08 4.69284e+08
41328.9 9.93508e+08 5.53398e+08
45461.8 1.15297e+09 6.53219e+08
50008 1.33925e+09 7.71781e+08
55008.8 1.55708e+09 9.12719e+08
60509.7 1.81207e+09 1.08039e+09
66560.6 2.11085e+09 1.28002e+09
73216.7 2.4613e+09 1.51788e+09
80538.4 2.87275e+09 1.8015e+09
88592.2 3.35633e+09 2.13991e+09
97451.4 3.92524e+09 2.54398e+09
107197 4.5952e+09 3.02678e+09
117916 5.38494e+09 3.60398e+09
129708 6.31678e+09 4.29448e+09
142679 7.41733e+09 5.121e+09
156947 8.71839e+09 6.11088e+09
172641 1.02579e+10 7.29705e+09
189905 1.20812e+10 8.71915e+09
208896 1.42426e+10 1.04249e+10
229785 1.6807e+10 1.2472e+10
252764 1.9852e+10 1.49297e+10
278040 2.3471e+10 1.78815e+10
305844 2.77753e+10 2.14285e+10
336429 3.28989e+10 2.56921e+10
370072 3.90024e+10 3.0819e+10
407079 4.62786e+10 3.69862e+10
447787 5.49587e+10 4.44072e+10
492565 6.53211e+10 5.33397e+10
541822 7.76997e+10 6.40947e+10
596004 9.24965e+10 7.70479e+10
655605 1.10195e+11 9.26526e+10
721165 1.31375e+11 1.11456e+11
793281 1.56738e+11 1.3412e+11
872610 1.87126e+11 1.61443e+11
959871 2.23553e+11 1.94389e+11
1.05586e+06 2.6724e+11 2.34125e+11
1.16144e+06 3.19661e+11 2.82058e+11
1.27759e+06 3.82588e+11 3.39889e+11
1.40535e+06 4.5816e+11 4.09676e+11
1.54588e+06 5.48956e+11 4.93902e+11
1.70047e+06 6.58085e+11 5.95571e+11
1.87052e+06 7.89298e+11 7.18312e+11
2.05757e+06 9.47118e+11 8.66514e+11
2.26332e+06 1.13701e+12 1.04548e+12
2.48966e+06 1.36555e+12 1.26162e+12
2.73862e+06 1.6407e+12 1.52269e+12
3.01249e+06 1.97207e+12 1.83806e+12
3.31373e+06 2.37123e+12 2.21906e+12
3.64511e+06 2.85218e+12 2.6794e+12
4.00962e+06 3.43183e+12 3.23563e+12
4.41058e+06 4.13059e+12 3.90781e+12
4.85164e+06 4.97312e+12 4.72015e+12
5.3368e+06 5.98921e+12 5.70196e+12
5.87048e+06 7.21485e+12 6.88867e+12
6.45753e+06 8.69352e+12 8.32315e+12
7.10328e+06 1.04778e+13 1.00572e+13
7.81361e+06 1.26311e+13 1.21536e+13
8.59497e+06 1.52303e+13 1.4688e+13
9.45447e+06 1.83681e+13 1.77523e+13
1.03999e+07 2.21566e+13 2.14574e+13
1.14399e+07 2.67313e+13 2.59374e+13
1.25839e+07 3.22562e+13 3.13546e+13
1.38423e+07 3.89292e+13 3.79055e+13
1.52265e+07 4.699e+13 4.58276e+13
1.67492e+07 5.6728e+13 5.54081e+13
1.84241e+07 6.84934e+13 6.69946e+13
2.02665e+07 8.27095e+13 8.10077e+13
2.22931e+07 9.98884e+13 9.79559e+13
2.45225e+07 1.20649e+14 1.18455e+14
2.69747e+07 1.4574e+14 1.43248e+14
2.96722e+07 1.76067e+14 1.73238e+14
3.26394e+07 2.12725e+14 2.09512e+14
3.59033e+07 2.57038e+14 2.5339e+14
3.94937e+07 3.10609e+14 3.06466e+14
4.3443e+07 3.75374e+14 3.7067e+14
4.77873e+07 4.53677e+14 4.48335e+14
5.25661e+07 5.48352e+14 5.42287e+14
5.78227e+07 6.62828e+14 6.55941e+14
6.36049e+07 8.01252e+14 7.93432e+14
6.99654e+07 9.68642e+14 9.59762e+14
7.6962e+07 1.17106e+15 1.16098e+15
8.46582e+07 1.41586e+15 1.40441e+15
9.3124e+07 1.71191e+15 1.69891e+15
1.02436e+08 2.06996e+15 2.0552e+15
1.1268e+08 2.503e+15 2.48624e+15
1.23948e+08 3.02676e+15 3.00773e+15
1.36343e+08 3.66025e+15 3.63864e+15
1.49977e+08 4.42649e+15 4.40195e+15
1.64975e+08 5.35331e+15 5.32544e+15
1.81472e+08 6.4744e+15 6.44275e+15
1.9962e+08 7.83048e+15 7.79455e+15
2.19581e+08 9.47087e+15 9.43007e+15
2.4154e+08 1.14552e+16 1.14089e+16
2.65694e+08 1.38556e+16 1.3803e+16
2.92263e+08 1.67594e+16 1.66997e+16
3.21489e+08 2.02722e+16 2.02044e+16
3.53638e+08 2.45218e+16 2.44448e+16
3.89002e+08 2.96628e+16 2.95753e+16
4.27902e+08 3.58822e+16 3.57828e+16
4.70692e+08 4.34063e+16 4.32935e+16
5.17762e+08 5.2509e+16 5.2381e+16
5.69538e+08 6.35216e+16 6.33762e+16
6.26492e+08 7.68449e+16 7.66798e+16
6.89141e+08 9.29639e+16 9.27764e+16
7.58055e+08 1.12465e+17 1.12252e+17
8.3386e+08 1.36059e+17 1.35818e+17
9.17246e+08 1.64605e+17 1.6433e+17
1.00897e+09 1.99141e+17 1.98829e+17
1.10987e+09 2.40926e+17 2.40572e+17
1.22085e+09 2.91481e+17 2.91079e+17
1.34294e+09 3.52647e+17 3.52191e+17
1.47723e+09 4.26652e+17 4.26134e+17
1.62496e+09 5.16191e+17 5.15602e+17
1.78745e+09 6.24525e+17 6.23857e+17
1.9662e+09 7.55601e+17 7.54842e+17
2.16282e+09 9.14192e+17 9.1333e+17
2.3791e+09 1.10608e+18 1.1051e+18
2.61701e+09 1.33824e+18 1.33713e+18
2.87871e+09 1.61915e+18 1.61789e+18
3.16658e+09 1.95903e+18 1.9576e+18
3.48324e+09 2.37027e+18 2.36864e+18
3.83157e+09 2.86784e+18 2.86599e+18
4.21472e+09 3.46988e+18 3.46778e+18
4.63619e+09 4.19832e+18 4.19594e+18
5.09981e+09 5.0797e+18 5.077e+18
5.6098e+09 6.14614e+18 6.14307e+18
6.17078e+09 7.43648e+18 7.433e+18
6.78785e+09 8.99776e+18 8.9938e+18
7.46664e+09 1.08868e+19 1.08823e+19
8.2133e+09 1.31726e+19 1.31675e+19
9.03463e+09 1.59382e+19 1.59325e+19
9.93809e+09 1.92846e+19 1.92781e+19
1.09319e+10 2.33337e+19 2.33262e+19
1.20251e+10 2.82329e+19 2.82244e+19
1.32276e+10 3.41609e+19 3.41512e+19
1.45504e+10 4.13336e+19 4.13226e+19
1.60054e+10 5.00124e+19 5e+19
1.76059e+10 6.05136e+19 6.04995e+19
1.93665e+10 7.32199e+19 7.32039e+19
2.13032e+10 8.85943e+19 8.85761e+19
2.34335e+10 1.07197e+20 1.07176e+20
2.57769e+10 1.29706e+20 1.29683e+20
2.83545e+10 1.56942e+20 1.56915e+20
3.119e+10 1.89897e+20 1.89866e+20
3.4309e+10 2.29771e+20 2.29737e+20
3.77399e+10 2.7802e+20 2.77981e+20
4.15139e+10 3.36399e+20 3.36355e+20
4.56653e+10 4.07038e+20 4.06988e+20
5.02318e+10 4.92511e+20 4.92454e+20
5.5255e+10 5.95932e+20 5.95867e+20
6.07805e+10 7.2107e+20 7.20997e+20
6.68585e+10 8.72487e+20 8.72403e+20
7.35444e+10 1.0557e+21 1.0556e+21
8.08988e+10 1.27739e+21 1.27728e+21
8.89887e+10 1.54562e+21 1.5455e+21
9.78876e+10 1.87019e+21 1.87005e+21
