0 0 0
0.001 0.0462008 0.0154004
0.002 0.116419 0.0388068
0.003 0.1999 0.0666345
0.004 0.293358 0.0977882
0.005 0.395014 0.131675
0.006 0.503719 0.167911
0.007 0.618659 0.206226
0.008 0.739221 0.246416
0.009 0.864925 0.288319
0.01 0.99538 0.331807
0.011 1.13026 0.37677
0.012 1.2693 0.42312
0.013 1.41226 0.470776
0.014 1.55894 0.519671
0.015 1.70915 0.569746
0.016 1.86274 0.620947
0.017 2.01957 0.673226
0.018 2.1795 0.726542
0.019 2.34242 0.780854
0.02 2.50823 0.836129
0.021 2.67683 0.892333
0.022 2.84812 0.949437
0.023 3.02203 1.00741
0.024 3.19848 1.06624
0.025 3.3774 1.12588
0.026 3.55873 1.18633
0.027 3.74239 1.24756
0.028 3.92833 1.30955
0.029 4.1165 1.37228
0.03 4.30685 1.43573
0.031 4.49933 1.4999
0.032 4.69388 1.56476
0.033 4.89048 1.6303
0.034 5.08907 1.69651
0.035 5.28962 1.76337
0.036 5.49209 1.83086
0.037 5.69644 1.89899
0.038 5.90264 1.96773
0.039 6.11066 2.03708
0.04 6.32046 2.10703
0.041 6.53202 2.17756
0.042 6.74531 2.24867
0.043 6.9603 2.32034
0.044 7.17696 2.39257
0.045 7.39527 2.46535
0.046 7.6152 2.53868
0.047 7.83673 2.61253
0.048 8.05984 2.68691
0.049 8.28451 2.76181
0.05 8.5107 2.83723
0.051 8.73842 2.91314
0.052 8.96762 2.98956
0.053 9.1983 3.06647
0.054 9.43044 3.14386
0.055 9.66401 3.22173
0.056 9.899 3.30008
0.057 10.1354 3.37889
0.058 10.3732 3.45817
0.059 10.6123 3.5379
0.06 10.8528 3.61809
0.061 11.0947 3.69872
0.062 11.3379 3.77979
0.063 11.5824 3.8613
0.064 11.8281 3.94325
0.065 12.0752 4.02562
0.066 12.3236 4.10842
0.067 12.5731 4.19163
0.068 12.824 4.27527
0.069 13.0761 4.35931
0.07 13.3294 4.44376
0.071 13.5839 4.52861
0.072 13.8396 4.61386
0.073 14.0965 4.69951
0.074 14.3545 4.78555
0.075 14.6137 4.87198
0.076 14.8741 4.9588
0.077 15.1357 5.04599
0.078 15.3983 5.13357
0.079 15.6621 5.22152
0.08 15.927 5.30984
0.081 16.193 5.39853
0.082 16.4601 5.48759
0.083 16.7283 5.57701
0.084 16.9976 5.66679
0.085 17.268 5.75693
0.086 17.5394 5.84743
0.087 17.8118 5.93827
0.088 18.0854 6.02946
0.089 18.3599 6.121
0.09 18.6355 6.21289
0.091 18.9121 6.30511
0.092 19.1897 6.39767
0.093 19.4683 6.49057
0.094 19.748 6.58381
0.095 20.0286 6.67737
0.096 20.3102 6.77127
0.097 20.5928 6.86549
0.098 20.8763 6.96003
0.099 21.1609 7.0549
0.1 21.4464 7.15009
0.101 21.7328 7.24559
0.102 22.0202 7.34142
0.103 22.3085 7.43755
0.104 22.5978 7.534
0.105 22.888 7.63076
0.106 23.1791 7.72783
0.107 23.4711 7.8252
0.108 23.7641 7.92287
0.109 24.0579 8.02085
0.11 24.3527 8.11913
0.111 24.6483 8.21771
0.112 24.9448 8.31658
0.113 25.2423 8.41575
0.114 25.5406 8.51521
0.115 25.8397 8.61496
0.116 26.1398 8.71501
0.117 26.4407 8.81534
0.118 26.7424 8.91596
0.119 27.045 9.01686
0.12 27.3485 9.11805
0.121 27.6528 9.21951
0.122 27.958 9.32126
0.123 28.2639 9.42329
0.124 28.5708 9.52559
0.125 28.8784 9.62817
0.126 29.1869 9.73103
0.127 29.4961 9.83415
0.128 29.8062 9.93755
0.129 30.1171 10.0412
0.13 30.4288 10.1452
0.131 30.7414 10.2494
0.132 31.0547 10.3538
0.133 31.3688 10.4586
0.134 31.6836 10.5636
0.135 31.9993 10.6688
0.136 32.3158 10.7743
0.137 32.633 10.8801
0.138 32.951 10.9861
0.139 33.2698 11.0924
0.14 33.5893 11.199
0.141 33.9096 11.3058
0.142 34.2306 11.4128
0.143 34.5525 11.5201
0.144 34.875 11.6277
0.145 35.1983 11.7355
0.146 35.5224 11.8436
0.147 35.8472 11.9519
0.148 36.1727 12.0604
0.149 36.499 12.1692
0.15 36.826 12.2783
0.151 37.1537 12.3875
0.152 37.4821 12.4971
0.153 37.8113 12.6068
0.154 38.1412 12.7168
0.155 38.4718 12.8271
0.156 38.8031 12.9375
0.157 39.1351 13.0483
0.158 39.4679 13.1592
0.159 39.8013 13.2704
0.16 40.1354 13.3818
0.161 40.4703 13.4935
0.162 40.8058 13.6054
0.163 41.142 13.7175
0.164 41.4789 13.8298
0.165 41.8165 13.9424
0.166 42.1548 14.0552
0.167 42.4937 14.1682
0.168 42.8334 14.2815
0.169 43.1737 14.3949
0.17 43.5147 14.5087
0.171 43.8563 14.6226
0.172 44.1986 14.7367
0.173 44.5416 14.8511
0.174 44.8852 14.9657
0.175 45.2295 15.0805
0.176 45.5745 15.1955
0.177 45.9201 15.3108
0.178 46.2664 15.4263
0.179 46.6133 15.5419
0.18 46.9608 15.6578
0.181 47.309 15.774
0.182 47.6579 15.8903
0.183 48.0074 16.0068
0.184 48.3575 16.1236
0.185 48.7083 16.2405
0.186 49.0596 16.3577
0.187 49.4117 16.4751
0.188 49.7643 16.5927
0.189 50.1176 16.7105
0.19 50.4715 16.8285
0.191 50.826 16.9468
0.192 51.1812 17.0652
0.193 51.5369 17.1838
0.194 51.8933 17.3027
0.195 52.2503 17.4217
0.196 52.6079 17.541
0.197 52.9661 17.6604
0.198 53.3249 17.7801
0.199 53.6843 17.8999
0.2 54.0443 18.02
0.201 54.4049 18.1402
0.202 54.7662 18.2607
0.203 55.128 18.3814
0.204 55.4904 18.5022
0.205 55.8534 18.6233
0.206 56.217 18.7445
0.207 56.5812 18.866
0.208 56.946 18.9876
0.209 57.3113 19.1095
0.21 57.6773 19.2315
0.211 58.0438 19.3537
0.212 58.4109 19.4762
0.213 58.7786 19.5988
0.214 59.1468 19.7216
0.215 59.5156 19.8446
0.216 59.885 19.9678
0.217 60.255 20.0911
0.218 60.6256 20.2147
0.219 60.9967 20.3385
0.22 61.3684 20.4624
0.221 61.7406 20.5866
0.222 62.1134 20.7109
0.223 62.4868 20.8354
0.224 62.8607 20.9601
0.225 63.2352 21.085
0.226 63.6102 21.2101
0.227 63.9858 21.3353
0.228 64.3619 21.4607
0.229 64.7386 21.5864
0.23 65.1158 21.7122
0.231 65.4936 21.8382
0.232 65.872 21.9643
0.233 66.2508 22.0907
0.234 66.6303 22.2172
0.235 67.0102 22.3439
0.236 67.3907 22.4708
0.237 67.7718 22.5979
0.238 68.1533 22.7252
0.239 68.5354 22.8526
0.24 68.9181 22.9802
0.241 69.3013 23.108
0.242 69.685 23.236
0.243 70.0692 23.3641
0.244 70.454 23.4924
0.245 70.8393 23.6209
0.246 71.2251 23.7496
0.247 71.6114 23.8784
0.248 71.9983 24.0074
0.249 72.3856 24.1366
0.25 72.7735 24.266
0.251 73.162 24.3955
0.252 73.5509 24.5252
0.253 73.9403 24.6551
0.254 74.3303 24.7852
0.255 74.7208 24.9154
0.256 75.1118 25.0458
0.257 75.5033 25.1764
0.258 75.8953 25.3071
0.259 76.2878 25.438
0.26 76.6808 25.5691
0.261 77.0743 25.7003
0.262 77.4683 25.8317
0.263 77.8629 25.9633
0.264 78.2579 26.095
0.265 78.6534 26.227
0.266 79.0494 26.359
0.267 79.446 26.4913
0.268 79.843 26.6237
0.269 80.2405 26.7563
0.27 80.6385 26.889
0.271 81.037 27.0219
0.272 81.436 27.155
0.273 81.8354 27.2882
0.274 82.2354 27.4216
0.275 82.6359 27.5551
0.276 83.0368 27.6889
0.277 83.4382 27.8227
0.278 83.8401 27.9568
0.279 84.2425 28.091
0.28 84.6454 28.2253
0.281 85.0487 28.3599
0.282 85.4526 28.4946
0.283 85.8569 28.6294
0.284 86.2617 28.7644
0.285 86.6669 28.8996
0.286 87.0726 29.0349
0.287 87.4788 29.1704
0.288 87.8855 29.306
0.289 88.2927 29.4418
0.29 88.7003 29.5777
0.291 89.1084 29.7138
0.292 89.5169 29.8501
0.293 89.926 29.9865
0.294 90.3355 30.1231
0.295 90.7454 30.2598
0.296 91.1558 30.3967
0.297 91.5667 30.5337
0.298 91.9781 30.6709
0.299 92.3899 30.8083
0.3 92.8021 30.9458
0.301 93.2149 31.0834
0.302 93.628 31.2212
0.303 94.0417 31.3592
0.304 94.4558 31.4973
0.305 94.8703 31.6356
0.306 95.2853 31.774
0.307 95.7008 31.9125
0.308 96.1167 32.0513
0.309 96.533 32.1901
0.31 96.9498 32.3291
0.311 97.3671 32.4683
0.312 97.7848 32.6076
0.313 98.2029 32.7471
0.314 98.6215 32.8867
0.315 99.0406 33.0265
0.316 99.46 33.1664
0.317 99.88 33.3064
0.318 100.3 33.4466
0.319 100.721 33.587
0.32 101.142 33.7275
0.321 101.564 33.8681
0.322 101.986 34.0089
0.323 102.409 34.1499
0.324 102.832 34.2909
0.325 103.255 34.4322
0.326 103.679 34.5735
0.327 104.103 34.7151
0.328 104.528 34.8567
0.329 104.953 34.9985
0.33 105.379 35.1405
0.331 105.805 35.2826
0.332 106.231 35.4248
0.333 106.658 35.5672
0.334 107.086 35.7097
0.335 107.513 35.8524
0.336 107.941 35.9952
0.337 108.37 36.1382
0.338 108.799 36.2813
0.339 109.229 36.4245
0.34 109.658 36.5679
0.341 110.089 36.7114
0.342 110.519 36.8551
0.343 110.951 36.9989
0.344 111.382 37.1428
0.345 111.814 37.2869
0.346 112.246 37.4311
0.347 112.679 37.5754
0.348 113.112 37.7199
0.349 113.546 37.8646
0.35 113.98 38.0094
0.351 114.415 38.1543
0.352 114.849 38.2993
0.353 115.285 38.4445
0.354 115.72 38.5898
0.355 116.157 38.7353
0.356 116.593 38.8809
0.357 117.03 39.0266
0.358 117.467 39.1725
0.359 117.905 39.3185
0.36 118.343 39.4646
0.361 118.782 39.6109
0.362 119.221 39.7573
0.363 119.66 39.9039
0.364 120.1 40.0506
0.365 120.54 40.1974
0.366 120.981 40.3444
0.367 121.422 40.4914
0.368 121.863 40.6387
0.369 122.305 40.786
0.37 122.747 40.9335
0.371 123.19 41.0811
0.372 123.633 41.2289
0.373 124.076 41.3768
0.374 124.52 41.5248
0.375 124.964 41.673
0.376 125.408 41.8212
0.377 125.853 41.9697
0.378 126.299 42.1182
0.379 126.744 42.2669
0.38 127.191 42.4157
0.381 127.637 42.5646
0.382 128.084 42.7137
0.383 128.531 42.8629
0.384 128.979 43.0122
0.385 129.427 43.1617
0.386 129.876 43.3113
0.387 130.325 43.461
0.388 130.774 43.6109
0.389 131.223 43.7609
0.39 131.673 43.911
0.391 132.124 44.0612
0.392 132.575 44.2116
0.393 133.026 44.3621
0.394 133.477 44.5127
0.395 133.929 44.6634
0.396 134.382 44.8143
0.397 134.834 44.9653
0.398 135.287 45.1165
0.399 135.741 45.2677
0.4 136.195 45.4191
0.401 136.649 45.5706
0.402 137.104 45.7223
0.403 137.559 45.874
0.404 138.014 46.0259
0.405 138.47 46.1779
0.406 138.926 46.3301
0.407 139.382 46.4823
0.408 139.839 46.6347
0.409 140.296 46.7872
0.41 140.754 46.9399
0.411 141.212 47.0926
0.412 141.67 47.2455
0.413 142.129 47.3985
0.414 142.588 47.5517
0.415 143.048 47.7049
0.416 143.507 47.8583
0.417 143.968 48.0118
0.418 144.428 48.1655
0.419 144.889 48.3192
0.42 145.35 48.4731
0.421 145.812 48.6271
0.422 146.274 48.7812
0.423 146.736 48.9355
0.424 147.199 49.0898
0.425 147.662 49.2443
0.426 148.126 49.3989
0.427 148.59 49.5537
0.428 149.054 49.7085
0.429 149.518 49.8635
0.43 149.983 50.0186
0.431 150.449 50.1738
0.432 150.914 50.3291
0.433 151.38 50.4846
0.434 151.847 50.6401
0.435 152.314 50.7958
0.436 152.781 50.9516
0.437 153.248 51.1076
0.438 153.716 51.2636
0.439 154.184 51.4198
0.44 154.653 51.5761
0.441 155.121 51.7325
0.442 155.591 51.889
0.443 156.06 52.0457
0.444 156.53 52.2024
0.445 157 52.3593
0.446 157.471 52.5163
0.447 157.942 52.6734
0.448 158.413 52.8307
0.449 158.885 52.988
0.45 159.357 53.1455
0.451 159.83 53.3031
0.452 160.302 53.4608
0.453 160.776 53.6186
0.454 161.249 53.7765
0.455 161.723 53.9346
0.456 162.197 54.0927
0.457 162.671 54.251
0.458 163.146 54.4094
0.459 163.621 54.5679
0.46 164.097 54.7266
0.461 164.573 54.8853
0.462 165.049 55.0442
0.463 165.526 55.2031
0.464 166.003 55.3622
0.465 166.48 55.5214
0.466 166.957 55.6808
0.467 167.435 55.8402
0.468 167.914 55.9997
0.469 168.392 56.1594
0.47 168.871 56.3192
0.471 169.35 56.4791
0.472 169.83 56.6391
0.473 170.31 56.7992
0.474 170.79 56.9594
0.475 171.271 57.1198
0.476 171.752 57.2802
0.477 172.233 57.4408
0.478 172.715 57.6015
0.479 173.197 57.7622
0.48 173.679 57.9232
0.481 174.162 58.0842
0.482 174.645 58.2453
0.483 175.128 58.4065
0.484 175.612 58.5679
0.485 176.096 58.7293
0.486 176.58 58.8909
0.487 177.065 59.0526
0.488 177.55 59.2144
0.489 178.035 59.3763
0.49 178.521 59.5383
0.491 179.007 59.7005
0.492 179.493 59.8627
0.493 179.98 60.025
0.494 180.467 60.1875
0.495 180.954 60.3501
0.496 181.442 60.5128
0.497 181.93 60.6755
0.498 182.418 60.8384
0.499 182.907 61.0014
0.5 183.396 61.1646
0.501 183.885 61.3278
0.502 184.375 61.4911
0.503 184.865 61.6546
0.504 185.355 61.8181
0.505 185.846 61.9818
0.506 186.337 62.1455
0.507 186.828 62.3094
0.508 187.319 62.4734
0.509 187.811 62.6375
0.51 188.303 62.8017
0.511 188.796 62.966
0.512 189.289 63.1304
0.513 189.782 63.2949
0.514 190.275 63.4596
0.515 190.769 63.6243
0.516 191.263 63.7892
0.517 191.758 63.9541
0.518 192.253 64.1192
0.519 192.748 64.2843
0.52 193.243 64.4496
0.521 193.739 64.615
0.522 194.235 64.7804
0.523 194.731 64.946
0.524 195.228 65.1117
0.525 195.725 65.2775
0.526 196.222 65.4434
0.527 196.72 65.6094
0.528 197.218 65.7756
0.529 197.716 65.9418
0.53 198.214 66.1081
0.531 198.713 66.2745
0.532 199.213 66.4411
0.533 199.712 66.6077
0.534 200.212 66.7745
0.535 200.712 66.9413
0.536 201.212 67.1083
0.537 201.713 67.2753
0.538 202.214 67.4425
0.539 202.716 67.6098
0.54 203.217 67.7771
0.541 203.719 67.9446
0.542 204.222 68.1122
0.543 204.724 68.2799
0.544 205.227 68.4476
0.545 205.73 68.6155
0.546 206.234 68.7835
0.547 206.738 68.9516
0.548 207.242 69.1198
0.549 207.746 69.2881
0.55 208.251 69.4565
0.551 208.756 69.625
0.552 209.262 69.7936
0.553 209.767 69.9623
0.554 210.273 70.1311
0.555 210.78 70.3
0.556 211.286 70.469
0.557 211.793 70.6382
0.558 212.3 70.8074
0.559 212.808 70.9767
0.56 213.316 71.1461
0.561 213.824 71.3156
0.562 214.332 71.4852
0.563 214.841 71.655
0.564 215.35 71.8248
0.565 215.859 71.9947
0.566 216.369 72.1647
0.567 216.879 72.3349
0.568 217.389 72.5051
0.569 217.9 72.6754
0.57 218.41 72.8458
0.571 218.922 73.0163
0.572 219.433 73.187
0.573 219.945 73.3577
0.574 220.457 73.5285
0.575 220.969 73.6994
0.576 221.482 73.8705
0.577 221.995 74.0416
0.578 222.508 74.2128
0.579 223.021 74.3841
0.58 223.535 74.5555
0.581 224.049 74.7271
0.582 224.564 74.8987
0.583 225.078 75.0704
0.584 225.593 75.2422
0.585 226.109 75.4141
0.586 226.624 75.5861
0.587 227.14 75.7582
0.588 227.656 75.9304
0.589 228.173 76.1027
0.59 228.689 76.2751
0.591 229.206 76.4476
0.592 229.724 76.6202
0.593 230.241 76.7929
0.594 230.759 76.9657
0.595 231.277 77.1386
0.596 231.796 77.3116
0.597 232.315 77.4847
0.598 232.834 77.6579
0.599 233.353 77.8311
0.6 233.873 78.0045
0.601 234.393 78.178
0.602 234.913 78.3515
0.603 235.433 78.5252
0.604 235.954 78.699
0.605 236.475 78.8728
0.606 236.997 79.0468
0.607 237.518 79.2208
0.608 238.04 79.395
0.609 238.563 79.5692
0.61 239.085 79.7435
0.611 239.608 79.918
0.612 240.131 80.0925
0.613 240.654 80.2671
0.614 241.178 80.4418
0.615 241.702 80.6166
0.616 242.226 80.7915
0.617 242.751 80.9665
0.618 243.276 81.1416
0.619 243.801 81.3168
0.62 244.326 81.4921
0.621 244.852 81.6675
0.622 245.378 81.843
0.623 245.904 82.0185
0.624 246.43 82.1942
0.625 246.957 82.37
0.626 247.484 82.5458
0.627 248.012 82.7218
0.628 248.539 82.8978
0.629 249.067 83.0739
0.63 249.595 83.2502
0.631 250.124 83.4265
0.632 250.652 83.6029
0.633 251.182 83.7794
0.634 251.711 83.956
0.635 252.24 84.1327
0.636 252.77 84.3095
0.637 253.3 84.4864
0.638 253.831 84.6633
0.639 254.362 84.8404
0.64 254.892 85.0175
0.641 255.424 85.1948
0.642 255.955 85.3721
0.643 256.487 85.5496
0.644 257.019 85.7271
0.645 257.551 85.9047
0.646 258.084 86.0824
0.647 258.617 86.2602
0.648 259.15 86.4381
0.649 259.684 86.6161
0.65 260.217 86.7942
0.651 260.751 86.9724
0.652 261.286 87.1506
0.653 261.82 87.329
0.654 262.355 87.5074
0.655 262.89 87.686
0.656 263.425 87.8646
0.657 263.961 88.0433
0.658 264.497 88.2221
0.659 265.033 88.401
0.66 265.57 88.58
0.661 266.106 88.7591
0.662 266.643 88.9382
0.663 267.181 89.1175
0.664 267.718 89.2969
0.665 268.256 89.4763
0.666 268.794 89.6558
0.667 269.332 89.8355
0.668 269.871 90.0152
0.669 270.41 90.195
0.67 270.949 90.3749
0.671 271.489 90.5549
0.672 272.028 90.7349
0.673 272.568 90.9151
0.674 273.108 91.0953
0.675 273.649 91.2757
0.676 274.19 91.4561
0.677 274.731 91.6366
0.678 275.272 91.8172
0.679 275.814 91.9979
0.68 276.355 92.1787
0.681 276.897 92.3596
0.682 277.44 92.5406
0.683 277.982 92.7216
0.684 278.525 92.9028
0.685 279.068 93.084
0.686 279.612 93.2653
0.687 280.156 93.4467
0.688 280.7 93.6282
0.689 281.244 93.8098
0.69 281.788 93.9915
0.691 282.333 94.1732
0.692 282.878 94.3551
0.693 283.423 94.537
0.694 283.969 94.719
0.695 284.515 94.9011
0.696 285.061 95.0833
0.697 285.607 95.2656
0.698 286.154 95.448
0.699 286.7 95.6305
0.7 287.247 95.813
0.701 287.795 95.9956
0.702 288.342 96.1784
0.703 288.89 96.3612
0.704 289.438 96.5441
0.705 289.987 96.7271
0.706 290.535 96.9101
0.707 291.084 97.0933
0.708 291.634 97.2765
0.709 292.183 97.4599
0.71 292.733 97.6433
0.711 293.283 97.8268
0.712 293.833 98.0104
0.713 294.383 98.1941
0.714 294.934 98.3778
0.715 295.485 98.5617
0.716 296.036 98.7456
0.717 296.588 98.9296
0.718 297.14 99.1137
0.719 297.692 99.2979
0.72 298.244 99.4822
0.721 298.796 99.6666
0.722 299.349 99.851
0.723 299.902 100.036
0.724 300.455 100.22
0.725 301.009 100.405
0.726 301.563 100.59
0.727 302.117 100.775
0.728 302.671 100.959
0.729 303.226 101.145
0.73 303.781 101.33
0.731 304.336 101.515
0.732 304.891 101.7
0.733 305.447 101.886
0.734 306.002 102.071
0.735 306.558 102.257
0.736 307.115 102.442
0.737 307.671 102.628
0.738 308.228 102.814
0.739 308.785 103
0.74 309.343 103.186
0.741 309.9 103.372
0.742 310.458 103.558
0.743 311.016 103.744
0.744 311.575 103.93
0.745 312.133 104.117
0.746 312.692 104.303
0.747 313.251 104.49
0.748 313.81 104.676
0.749 314.37 104.863
0.75 314.93 105.05
0.751 315.49 105.237
0.752 316.05 105.424
0.753 316.611 105.611
0.754 317.172 105.798
0.755 317.733 105.985
0.756 318.294 106.173
0.757 318.856 106.36
0.758 319.418 106.547
0.759 319.98 106.735
0.76 320.542 106.923
0.761 321.105 107.11
0.762 321.667 107.298
0.763 322.231 107.486
0.764 322.794 107.674
0.765 323.357 107.862
0.766 323.921 108.05
0.767 324.485 108.238
0.768 325.05 108.427
0.769 325.614 108.615
0.77 326.179 108.804
0.771 326.744 108.992
0.772 327.309 109.181
0.773 327.875 109.369
0.774 328.441 109.558
0.775 329.007 109.747
0.776 329.573 109.936
0.777 330.139 110.125
0.778 330.706 110.314
0.779 331.273 110.503
0.78 331.84 110.693
0.781 332.408 110.882
0.782 332.975 111.072
0.783 333.543 111.261
0.784 334.112 111.451
0.785 334.68 111.64
0.786 335.249 111.83
0.787 335.818 112.02
0.788 336.387 112.21
0.789 336.956 112.4
0.79 337.526 112.59
0.791 338.096 112.78
0.792 338.666 112.97
0.793 339.236 113.161
0.794 339.807 113.351
0.795 340.378 113.542
0.796 340.949 113.732
0.797 341.52 113.923
0.798 342.092 114.114
0.799 342.663 114.304
0.8 343.236 114.495
0.801 343.808 114.686
0.802 344.38 114.877
0.803 344.953 115.068
0.804 345.526 115.26
0.805 346.099 115.451
0.806 346.673 115.642
0.807 347.247 115.834
0.808 347.82 116.025
0.809 348.395 116.217
0.81 348.969 116.409
0.811 349.544 116.6
0.812 350.119 116.792
0.813 350.694 116.984
0.814 351.269 117.176
0.815 351.845 117.368
0.816 352.421 117.56
0.817 352.997 117.753
0.818 353.573 117.945
0.819 354.149 118.137
0.82 354.726 118.33
0.821 355.303 118.522
0.822 355.881 118.715
0.823 356.458 118.908
0.824 357.036 119.1
0.825 357.614 119.293
0.826 358.192 119.486
0.827 358.77 119.679
0.828 359.349 119.872
0.829 359.928 120.066
0.83 360.507 120.259
0.831 361.086 120.452
0.832 361.666 120.646
0.833 362.246 120.839
0.834 362.826 121.033
0.835 363.406 121.226
0.836 363.987 121.42
0.837 364.567 121.614
0.838 365.148 121.808
0.839 365.729 122.002
0.84 366.311 122.196
0.841 366.893 122.39
0.842 367.475 122.584
0.843 368.057 122.778
0.844 368.639 122.973
0.845 369.222 123.167
0.846 369.804 123.361
0.847 370.387 123.556
0.848 370.971 123.751
0.849 371.554 123.945
0.85 372.138 124.14
0.851 372.722 124.335
0.852 373.306 124.53
0.853 373.891 124.725
0.854 374.475 124.92
0.855 375.06 125.115
0.856 375.645 125.311
0.857 376.231 125.506
0.858 376.816 125.701
0.859 377.402 125.897
0.86 377.988 126.092
0.861 378.574 126.288
0.862 379.161 126.484
0.863 379.747 126.68
0.864 380.334 126.875
0.865 380.922 127.071
0.866 381.509 127.267
0.867 382.097 127.463
0.868 382.684 127.66
0.869 383.272 127.856
0.87 383.861 128.052
0.871 384.449 128.249
0.872 385.038 128.445
0.873 385.627 128.642
0.874 386.216 128.838
0.875 386.806 129.035
0.876 387.395 129.232
0.877 387.985 129.429
0.878 388.575 129.626
0.879 389.166 129.823
0.88 389.756 130.02
0.881 390.347 130.217
0.882 390.938 130.414
0.883 391.529 130.611
0.884 392.12 130.809
0.885 392.712 131.006
0.886 393.304 131.204
0.887 393.896 131.401
0.888 394.488 131.599
0.889 395.081 131.797
0.89 395.674 131.995
0.891 396.267 132.192
0.892 396.86 132.39
0.893 397.453 132.588
0.894 398.047 132.787
0.895 398.641 132.985
0.896 399.235 133.183
0.897 399.829 133.381
0.898 400.424 133.58
0.899 401.019 133.778
0.9 401.614 133.977
0.901 402.209 134.175
0.902 402.804 134.374
0.903 403.4 134.573
0.904 403.996 134.772
0.905 404.592 134.971
0.906 405.188 135.17
0.907 405.785 135.369
0.908 406.382 135.568
0.909 406.979 135.767
0.91 407.576 135.967
0.911 408.173 136.166
0.912 408.771 136.365
0.913 409.369 136.565
0.914 409.967 136.764
0.915 410.565 136.964
0.916 411.163 137.164
0.917 411.762 137.364
0.918 412.361 137.564
0.919 412.96 137.764
0.92 413.56 137.964
0.921 414.159 138.164
0.922 414.759 138.364
0.923 415.359 138.564
0.924 415.959 138.764
0.925 416.56 138.965
0.926 417.16 139.165
0.927 417.761 139.366
0.928 418.362 139.566
0.929 418.964 139.767
0.93 419.565 139.968
0.931 420.167 140.169
0.932 420.769 140.37
0.933 421.371 140.571
0.934 421.974 140.772
0.935 422.576 140.973
0.936 423.179 141.174
0.937 423.782 141.375
0.938 424.385 141.576
0.939 424.989 141.778
0.94 425.593 141.979
0.941 426.196 142.181
0.942 426.801 142.383
0.943 427.405 142.584
0.944 428.009 142.786
0.945 428.614 142.988
0.946 429.219 143.19
0.947 429.824 143.392
0.948 430.43 143.594
0.949 431.035 143.796
0.95 431.641 143.998
0.951 432.247 144.2
0.952 432.854 144.403
0.953 433.46 144.605
0.954 434.067 144.808
0.955 434.674 145.01
0.956 435.281 145.213
0.957 435.888 145.415
0.958 436.496 145.618
0.959 437.103 145.821
0.96 437.711 146.024
0.961 438.319 146.227
0.962 438.928 146.43
0.963 439.536 146.633
0.964 440.145 146.836
0.965 440.754 147.039
0.966 441.363 147.243
0.967 441.973 147.446
0.968 442.582 147.65
0.969 443.192 147.853
0.97 443.802 148.057
0.971 444.413 148.26
0.972 445.023 148.464
0.973 445.634 148.668
0.974 446.245 148.872
0.975 446.856 149.076
0.976 447.467 149.28
0.977 448.079 149.484
0.978 448.69 149.688
0.979 449.302 149.892
0.98 449.914 150.097
0.981 450.527 150.301
0.982 451.139 150.505
0.983 451.752 150.71
0.984 452.365 150.915
0.985 452.978 151.119
0.986 453.592 151.324
0.987 454.205 151.529
0.988 454.819 151.734
0.989 455.433 151.939
0.99 456.047 152.144
0.991 456.662 152.349
0.992 457.277 152.554
0.993 457.891 152.759
0.994 458.506 152.964
0.995 459.122 153.17
0.996 459.737 153.375
0.997 460.353 153.581
0.998 460.969 153.786
0.999 461.585 153.992
1 462.201 154.197
1.001 462.818 154.403
1.002 463.434 154.609
1.003 464.051 154.815
1.004 464.668 155.021
1.005 465.286 155.227
1.006 465.903 155.433
1.007 466.521 155.639
1.008 467.139 155.845
1.009 467.757 156.052
1.01 468.375 156.258
1.011 468.994 156.465
1.012 469.613 156.671
1.013 470.232 156.878
1.014 470.851 157.084
1.015 471.47 157.291
1.016 472.09 157.498
1.017 472.71 157.705
1.018 473.329 157.912
1.019 473.95 158.119
1.02 474.57 158.326
1.021 475.191 158.533
1.022 475.811 158.74
1.023 476.432 158.947
1.024 477.054 159.155
1.025 477.675 159.362
1.026 478.297 159.569
1.027 478.918 159.777
1.028 479.54 159.985
1.029 480.163 160.192
1.03 480.785 160.4
1.031 481.408 160.608
1.032 482.03 160.816
1.033 482.653 161.024
1.034 483.277 161.232
1.035 483.9 161.44
1.036 484.524 161.648
1.037 485.148 161.856
1.038 485.772 162.064
1.039 486.396 162.273
1.04 487.02 162.481
1.041 487.645 162.69
1.042 488.27 162.898
1.043 488.895 163.107
1.044 489.52 163.315
1.045 490.145 163.524
1.046 490.771 163.733
1.047 491.397 163.942
1.048 492.023 164.151
1.049 492.649 164.36
1.05 493.275 164.569
1.051 493.902 164.778
1.052 494.529 164.987
1.053 495.156 165.196
1.054 495.783 165.406
1.055 496.41 165.615
1.056 497.038 165.825
1.057 497.666 166.034
1.058 498.294 166.244
1.059 498.922 166.454
1.06 499.551 166.663
1.061 500.179 166.873
1.062 500.808 167.083
1.063 501.437 167.293
1.064 502.066 167.503
1.065 502.696 167.713
1.066 503.325 167.923
1.067 503.955 168.133
1.068 504.585 168.344
1.069 505.215 168.554
1.07 505.845 168.764
1.071 506.476 168.975
1.072 507.107 169.185
1.073 507.738 169.396
1.074 508.369 169.607
1.075 509 169.817
1.076 509.632 170.028
1.077 510.264 170.239
1.078 510.896 170.45
1.079 511.528 170.661
1.08 512.16 170.872
1.081 512.793 171.083
1.082 513.425 171.294
1.083 514.058 171.506
1.084 514.691 171.717
1.085 515.325 171.928
1.086 515.958 172.14
1.087 516.592 172.351
1.088 517.226 172.563
1.089 517.86 172.775
1.09 518.494 172.986
1.091 519.129 173.198
1.092 519.763 173.41
1.093 520.398 173.622
1.094 521.033 173.834
1.095 521.668 174.046
1.096 522.304 174.258
1.097 522.94 174.47
1.098 523.575 174.682
1.099 524.211 174.895
1.1 524.848 175.107
1.101 525.484 175.319
1.102 526.121 175.532
1.103 526.758 175.744
1.104 527.395 175.957
1.105 528.032 176.17
1.106 528.669 176.382
1.107 529.307 176.595
1.108 529.944 176.808
1.109 530.582 177.021
1.11 531.221 177.234
1.111 531.859 177.447
1.112 532.497 177.66
1.113 533.136 177.874
1.114 533.775 178.087
1.115 534.414 178.3
1.116 535.053 178.513
1.117 535.693 178.727
1.118 536.333 178.94
1.119 536.973 179.154
1.12 537.613 179.368
1.121 538.253 179.581
1.122 538.893 179.795
1.123 539.534 180.009
1.124 540.175 180.223
1.125 540.816 180.437
1.126 541.457 180.651
1.127 542.098 180.865
1.128 542.74 181.079
1.129 543.382 181.293
1.13 544.024 181.508
1.131 544.666 181.722
1.132 545.308 181.936
1.133 545.951 182.151
1.134 546.593 182.365
1.135 547.236 182.58
1.136 547.88 182.795
1.137 548.523 183.009
1.138 549.166 183.224
1.139 549.81 183.439
1.14 550.454 183.654
1.141 551.098 183.869
1.142 551.742 184.084
1.143 552.387 184.299
1.144 553.031 184.514
1.145 553.676 184.73
1.146 554.321 184.945
1.147 554.966 185.16
1.148 555.611 185.376
1.149 556.257 185.591
1.15 556.903 185.807
1.151 557.549 186.022
1.152 558.195 186.238
1.153 558.841 186.454
1.154 559.488 186.669
1.155 560.134 186.885
1.156 560.781 187.101
1.157 561.428 187.317
1.158 562.075 187.533
1.159 562.723 187.749
1.16 563.37 187.966
1.161 564.018 188.182
1.162 564.666 188.398
1.163 565.314 188.614
1.164 565.963 188.831
1.165 566.611 189.047
1.166 567.26 189.264
1.167 567.909 189.48
1.168 568.558 189.697
1.169 569.207 189.914
1.17 569.857 190.131
1.171 570.506 190.348
1.172 571.156 190.564
1.173 571.806 190.781
1.174 572.457 190.998
1.175 573.107 191.216
1.176 573.758 191.433
1.177 574.408 191.65
1.178 575.059 191.867
1.179 575.71 192.085
1.18 576.362 192.302
1.181 577.013 192.52
1.182 577.665 192.737
1.183 578.317 192.955
1.184 578.969 193.172
1.185 579.621 193.39
1.186 580.273 193.608
1.187 580.926 193.826
1.188 581.579 194.044
1.189 582.232 194.262
1.19 582.885 194.48
1.191 583.538 194.698
1.192 584.192 194.916
1.193 584.846 195.134
1.194 585.499 195.352
1.195 586.153 195.571
1.196 586.808 195.789
1.197 587.462 196.007
1.198 588.117 196.226
1.199 588.772 196.445
1.2 589.427 196.663
1.201 590.082 196.882
1.202 590.737 197.101
1.203 591.393 197.32
1.204 592.048 197.538
1.205 592.704 197.757
1.206 593.36 197.976
1.207 594.017 198.195
1.208 594.673 198.415
1.209 595.33 198.634
1.21 595.986 198.853
1.211 596.643 199.072
1.212 597.301 199.292
1.213 597.958 199.511
1.214 598.615 199.731
1.215 599.273 199.95
1.216 599.931 200.17
1.217 600.589 200.389
1.218 601.247 200.609
1.219 601.906 200.829
1.22 602.564 201.049
1.221 603.223 201.269
1.222 603.882 201.489
1.223 604.541 201.709
1.224 605.201 201.929
1.225 605.86 202.149
1.226 606.52 202.369
1.227 607.18 202.589
1.228 607.84 202.81
1.229 608.5 203.03
1.23 609.16 203.251
1.231 609.821 203.471
1.232 610.482 203.692
1.233 611.143 203.912
1.234 611.804 204.133
1.235 612.465 204.354
1.236 613.127 204.575
1.237 613.788 204.796
1.238 614.45 205.016
1.239 615.112 205.237
1.24 615.774 205.459
1.241 616.437 205.68
1.242 617.099 205.901
1.243 617.762 206.122
1.244 618.425 206.343
1.245 619.088 206.565
1.246 619.751 206.786
1.247 620.415 207.008
1.248 621.078 207.229
1.249 621.742 207.451
1.25 622.406 207.672
1.251 623.07 207.894
1.252 623.735 208.116
1.253 624.399 208.338
1.254 625.064 208.56
1.255 625.729 208.781
1.256 626.394 209.003
1.257 627.059 209.226
1.258 627.724 209.448
1.259 628.39 209.67
1.26 629.056 209.892
1.261 629.721 210.114
1.262 630.388 210.337
1.263 631.054 210.559
1.264 631.72 210.782
1.265 632.387 211.004
1.266 633.054 211.227
1.267 633.721 211.449
1.268 634.388 211.672
1.269 635.055 211.895
1.27 635.723 212.118
1.271 636.39 212.341
1.272 637.058 212.564
1.273 637.726 212.787
1.274 638.394 213.01
1.275 639.063 213.233
1.276 639.731 213.456
1.277 640.4 213.679
1.278 641.069 213.903
1.279 641.738 214.126
1.28 642.407 214.349
1.281 643.077 214.573
1.282 643.746 214.796
1.283 644.416 215.02
1.284 645.086 215.244
1.285 645.756 215.467
1.286 646.427 215.691
1.287 647.097 215.915
1.288 647.768 216.139
1.289 648.438 216.363
1.29 649.109 216.587
1.291 649.781 216.811
1.292 650.452 217.035
1.293 651.123 217.259
1.294 651.795 217.483
1.295 652.467 217.708
1.296 653.139 217.932
1.297 653.811 218.156
1.298 654.484 218.381
1.299 655.156 218.605
1.3 655.829 218.83
1.301 656.502 219.055
1.302 657.175 219.279
1.303 657.848 219.504
1.304 658.522 219.729
1.305 659.195 219.954
1.306 659.869 220.179
1.307 660.543 220.404
1.308 661.217 220.629
1.309 661.891 220.854
1.31 662.566 221.079
1.311 663.24 221.304
1.312 663.915 221.529
1.313 664.59 221.755
1.314 665.265 221.98
1.315 665.941 222.206
1.316 666.616 222.431
1.317 667.292 222.657
1.318 667.967 222.882
1.319 668.643 223.108
1.32 669.32 223.334
1.321 669.996 223.559
1.322 670.673 223.785
1.323 671.349 224.011
1.324 672.026 224.237
1.325 672.703 224.463
1.326 673.38 224.689
1.327 674.058 224.915
1.328 674.735 225.142
1.329 675.413 225.368
1.33 676.091 225.594
1.331 676.769 225.82
1.332 677.447 226.047
1.333 678.125 226.273
1.334 678.804 226.5
1.335 679.483 226.727
1.336 680.162 226.953
1.337 680.841 227.18
1.338 681.52 227.407
1.339 682.199 227.633
1.34 682.879 227.86
1.341 683.559 228.087
1.342 684.238 228.314
1.343 684.919 228.541
1.344 685.599 228.768
1.345 686.279 228.996
1.346 686.96 229.223
1.347 687.641 229.45
1.348 688.321 229.677
1.349 689.003 229.905
1.35 689.684 230.132
1.351 690.365 230.36
1.352 691.047 230.587
1.353 691.729 230.815
1.354 692.411 231.042
1.355 693.093 231.27
1.356 693.775 231.498
1.357 694.457 231.726
1.358 695.14 231.954
1.359 695.823 232.182
1.36 696.506 232.41
1.361 697.189 232.638
1.362 697.872 232.866
1.363 698.556 233.094
1.364 699.239 233.322
1.365 699.923 233.55
1.366 700.607 233.779
1.367 701.291 234.007
1.368 701.975 234.236
1.369 702.66 234.464
1.37 703.344 234.693
1.371 704.029 234.921
1.372 704.714 235.15
1.373 705.399 235.379
1.374 706.084 235.608
1.375 706.77 235.836
1.376 707.455 236.065
1.377 708.141 236.294
1.378 708.827 236.523
1.379 709.513 236.752
1.38 710.2 236.981
1.381 710.886 237.211
1.382 711.573 237.44
1.383 712.259 237.669
1.384 712.946 237.898
1.385 713.634 238.128
1.386 714.321 238.357
1.387 715.008 238.587
1.388 715.696 238.816
1.389 716.384 239.046
1.39 717.072 239.276
1.391 717.76 239.505
1.392 718.448 239.735
1.393 719.136 239.965
1.394 719.825 240.195
1.395 720.514 240.425
1.396 721.203 240.655
1.397 721.892 240.885
1.398 722.581 241.115
1.399 723.27 241.345
1.4 723.96 241.575
1.401 724.65 241.806
1.402 725.34 242.036
1.403 726.03 242.266
1.404 726.72 242.497
1.405 727.41 242.727
1.406 728.101 242.958
1.407 728.792 243.189
1.408 729.483 243.419
1.409 730.174 243.65
1.41 730.865 243.881
1.411 731.556 244.112
1.412 732.248 244.342
1.413 732.94 244.573
1.414 733.631 244.804
1.415 734.323 245.035
1.416 735.016 245.267
1.417 735.708 245.498
1.418 736.401 245.729
1.419 737.093 245.96
1.42 737.786 246.192
1.421 738.479 246.423
1.422 739.172 246.654
1.423 739.866 246.886
1.424 740.559 247.117
1.425 741.253 247.349
1.426 741.947 247.581
1.427 742.641 247.812
1.428 743.335 248.044
1.429 744.029 248.276
1.43 744.724 248.508
1.431 745.418 248.74
1.432 746.113 248.972
1.433 746.808 249.204
1.434 747.503 249.436
1.435 748.199 249.668
1.436 748.894 249.9
1.437 749.59 250.132
1.438 750.285 250.365
1.439 750.981 250.597
1.44 751.677 250.829
1.441 752.374 251.062
1.442 753.07 251.294
1.443 753.767 251.527
1.444 754.463 251.76
1.445 755.16 251.992
1.446 755.857 252.225
1.447 756.555 252.458
1.448 757.252 252.691
1.449 757.95 252.924
1.45 758.647 253.157
1.451 759.345 253.39
1.452 760.043 253.623
1.453 760.741 253.856
1.454 761.44 254.089
1.455 762.138 254.322
1.456 762.837 254.555
1.457 763.536 254.789
1.458 764.235 255.022
1.459 764.934 255.255
1.46 765.633 255.489
1.461 766.333 255.722
1.462 767.032 255.956
1.463 767.732 256.19
1.464 768.432 256.423
1.465 769.132 256.657
1.466 769.833 256.891
1.467 770.533 257.125
1.468 771.234 257.359
1.469 771.934 257.593
1.47 772.635 257.827
1.471 773.336 258.061
1.472 774.038 258.295
1.473 774.739 258.529
1.474 775.441 258.763
1.475 776.142 258.998
1.476 776.844 259.232
1.477 777.546 259.466
1.478 778.248 259.701
1.479 778.951 259.935
1.48 779.653 260.17
1.481 780.356 260.405
1.482 781.059 260.639
1.483 781.762 260.874
1.484 782.465 261.109
1.485 783.168 261.343
1.486 783.872 261.578
1.487 784.575 261.813
1.488 785.279 262.048
1.489 785.983 262.283
1.49 786.687 262.518
1.491 787.391 262.753
1.492 788.096 262.989
1.493 788.8 263.224
1.494 789.505 263.459
1.495 790.21 263.695
1.496 790.915 263.93
1.497 791.62 264.165
1.498 792.325 264.401
1.499 793.031 264.636
1.5 793.736 264.872
1.501 794.442 265.108
1.502 795.148 265.343
1.503 795.854 265.579
1.504 796.561 265.815
1.505 797.267 266.051
1.506 797.974 266.287
1.507 798.681 266.523
1.508 799.387 266.759
1.509 800.094 266.995
1.51 800.802 267.231
1.511 801.509 267.467
1.512 802.217 267.704
1.513 802.924 267.94
1.514 803.632 268.176
1.515 804.34 268.413
1.516 805.048 268.649
1.517 805.757 268.886
1.518 806.465 269.122
1.519 807.174 269.359
1.52 807.883 269.595
1.521 808.592 269.832
1.522 809.301 270.069
1.523 810.01 270.306
1.524 810.719 270.543
1.525 811.429 270.779
1.526 812.139 271.016
1.527 812.848 271.253
1.528 813.559 271.49
1.529 814.269 271.728
1.53 814.979 271.965
1.531 815.69 272.202
1.532 816.4 272.439
1.533 817.111 272.677
1.534 817.822 272.914
1.535 818.533 273.151
1.536 819.244 273.389
1.537 819.956 273.627
1.538 820.667 273.864
1.539 821.379 274.102
1.54 822.091 274.339
1.541 822.803 274.577
1.542 823.515 274.815
1.543 824.228 275.053
1.544 824.94 275.291
1.545 825.653 275.529
1.546 826.366 275.767
1.547 827.079 276.005
1.548 827.792 276.243
1.549 828.505 276.481
1.55 829.218 276.719
1.551 829.932 276.958
1.552 830.646 277.196
1.553 831.36 277.434
1.554 832.074 277.673
1.555 832.788 277.911
1.556 833.502 278.15
1.557 834.217 278.388
1.558 834.931 278.627
1.559 835.646 278.866
1.56 836.361 279.104
1.561 837.076 279.343
1.562 837.792 279.582
1.563 838.507 279.821
1.564 839.223 280.06
1.565 839.938 280.299
1.566 840.654 280.538
1.567 841.37 280.777
1.568 842.086 281.016
1.569 842.803 281.255
1.57 843.519 281.494
1.571 844.236 281.734
1.572 844.953 281.973
1.573 845.67 282.212
1.574 846.387 282.452
1.575 847.104 282.691
1.576 847.821 282.931
1.577 848.539 283.17
1.578 849.257 283.41
1.579 849.974 283.65
1.58 850.692 283.89
1.581 851.411 284.129
1.582 852.129 284.369
1.583 852.847 284.609
1.584 853.566 284.849
1.585 854.285 285.089
1.586 855.004 285.329
1.587 855.723 285.569
1.588 856.442 285.809
1.589 857.161 286.05
1.59 857.881 286.29
1.591 858.601 286.53
1.592 859.32 286.771
1.593 860.04 287.011
1.594 860.761 287.251
1.595 861.481 287.492
1.596 862.201 287.732
1.597 862.922 287.973
1.598 863.643 288.214
1.599 864.364 288.454
1.6 865.085 288.695
