0 0 0 0 45 1.9734e-10
0.001 0.0462068 0.0154064 0 45 1.9734e-10
0.002 0.116443 0.038831 0 45 1.9734e-10
0.003 0.199954 0.0666889 0 45 1.9734e-10
0.004 0.293455 0.097885 0 45 1.9734e-10
0.005 0.395165 0.131826 0 45 1.9734e-10
0.006 0.503937 0.168129 0 45 1.9734e-10
0.007 0.618955 0.206523 0 45 1.9734e-10
0.008 0.739609 0.246803 0 45 1.9734e-10
0.009 0.865415 0.288809 0 45 1.9734e-10
0.01 0.995985 0.332412 0 45 1.9734e-10
0.011 1.131 0.377502 0 45 1.9734e-10
0.012 1.27017 0.423991 0 45 1.9734e-10
0.013 1.41328 0.471798 0 45 1.9734e-10
0.014 1.56012 0.520857 0 45 1.9734e-10
0.015 1.71051 0.571107 0 45 1.9734e-10
0.016 1.86429 0.622495 0 45 1.9734e-10
0.017 2.02131 0.674975 0 45 1.9734e-10
0.018 2.18146 0.728502 0 45 1.9734e-10
0.019 2.34461 0.783038 0 45 1.9734e-10
0.02 2.51065 0.838549 0 45 1.9734e-10
0.021 2.67949 0.895001 0 45 1.9734e-10
0.022 2.85105 0.952365 0 45 1.9734e-10
0.023 3.02523 1.01061 0 45 1.9734e-10
0.024 3.20197 1.06972 0 45 1.9734e-10
0.025 3.38118 1.12966 0 45 1.9734e-10
0.026 3.56282 1.19042 0 45 1.9734e-10
0.027 3.7468 1.25197 0 45 1.9734e-10
0.028 3.93308 1.31429 0 45 1.9734e-10
0.029 4.12159 1.37737 0 45 1.9734e-10
0.03 4.3123 1.44118 0 45 1.9734e-10
0.031 4.50514 1.50572 0 45 1.9734e-10
0.032 4.70008 1.57096 0 45 1.9734e-10
0.033 4.89707 1.63689 0 45 1.9734e-10
0.034 5.09606 1.7035 0 45 1.9734e-10
0.035 5.29703 1.77078 0 45 1.9734e-10
0.036 5.49993 1.8387 0 45 1.9734e-10
0.037 5.70472 1.90727 0 45 1.9734e-10
0.038 5.91137 1.97647 0 45 1.9734e-10
0.039 6.11986 2.04629 0 45 1.9734e-10
0.04 6.33014 2.11671 0 45 1.9734e-10
0.041 6.54219 2.18773 0 45 1.9734e-10
0.042 6.75598 2.25934 0 45 1.9734e-10
0.043 6.97148 2.33153 0 45 1.9734e-10
0.044 7.18867 2.40428 0 45 1.9734e-10
0.045 7.40752 2.4776 0 45 1.9734e-10
0.046 7.628 2.55148 0 45 1.9734e-10
0.047 7.8501 2.6259 0 45 1.9734e-10
0.048 8.07378 2.70085 0 45 1.9734e-10
0.049 8.29903 2.77634 0 45 1.9734e-10
0.05 8.52583 2.85235 0 45 1.9734e-10
0.051 8.75415 2.92888 0 45 1.9734e-10
0.052 8.98398 3.00592 0 45 1.9734e-10
0.053 9.2153 3.08346 0 45 1.9734e-10
0.054 9.44808 3.1615 0 45 1.9734e-10
0.055 9.68231 3.24003 0 45 1.9734e-10
0.056 9.91798 3.31905 0 45 1.9734e-10
0.057 10.1551 3.39855 0 45 1.9734e-10
0.058 10.3935 3.47852 0 45 1.9734e-10
0.059 10.6334 3.55896 0 45 1.9734e-10
0.06 10.8746 3.63987 0 45 1.9734e-10
0.061 11.1172 3.72123 0 45 1.9734e-10
0.062 11.3611 3.80305 0 45 1.9734e-10
0.063 11.6064 3.88532 0 45 1.9734e-10
0.064 11.8529 3.96803 0 45 1.9734e-10
0.065 12.1008 4.05118 0 45 1.9734e-10
0.066 12.3499 4.13477 0 45 1.9734e-10
0.067 12.6003 4.21879 0 45 1.9734e-10
0.068 12.852 4.30324 0 45 1.9734e-10
0.069 13.1049 4.38811 0 45 1.9734e-10
0.07 13.359 4.4734 0 45 1.9734e-10
0.071 13.6144 4.55911 0 45 1.9734e-10
0.072 13.8709 4.64523 0 45 1.9734e-10
0.073 14.1287 4.73175 0 45 1.9734e-10
0.074 14.3876 4.81868 0 45 1.9734e-10
0.075 14.6478 4.90601 0 45 1.9734e-10
0.076 14.9091 4.99374 0 45 1.9734e-10
0.077 15.1715 5.08186 0 45 1.9734e-10
0.078 15.4351 5.17038 0 45 1.9734e-10
0.079 15.6999 5.25928 0 45 1.9734e-10
0.08 15.9657 5.34856 0 45 1.9734e-10
0.081 16.2327 5.43823 0 45 1.9734e-10
0.082 16.5008 5.52827 0 45 1.9734e-10
0.083 16.77 5.61869 0 45 1.9734e-10
0.084 17.0403 5.70948 0 45 1.9734e-10
0.085 17.3117 5.80064 0 45 1.9734e-10
0.086 17.5841 5.89217 0 45 1.9734e-10
0.087 17.8576 5.98406 0 45 1.9734e-10
0.088 18.1322 6.07631 0 45 1.9734e-10
0.089 18.4078 6.16892 0 45 1.9734e-10
0.09 18.6845 6.26189 0 45 1.9734e-10
0.091 18.9622 6.35521 0 45 1.9734e-10
0.092 19.2409 6.44888 0 45 1.9734e-10
0.093 19.5207 6.5429 0 45 1.9734e-10
0.094 19.8014 6.63726 0 45 1.9734e-10
0.095 20.0832 6.73197 0 45 1.9734e-10
0.096 20.366 6.82702 0 45 1.9734e-10
0.097 20.6497 6.92241 0 45 1.9734e-10
0.098 20.9344 7.01814 0 45 1.9734e-10
0.099 21.2202 7.1142 0 45 1.9734e-10
0.1 21.5069 7.21059 0 45 1.9734e-10
0.101 21.7945 7.30731 0 45 1.9734e-10
0.102 22.0831 7.40436 0 45 1.9734e-10
0.103 22.3727 7.50174 0 45 1.9734e-10
0.104 22.6632 7.59944 0 45 1.9734e-10
0.105 22.9547 7.69746 0 45 1.9734e-10
0.106 23.2471 7.7958 0 45 1.9734e-10
0.107 23.5404 7.89446 0 45 1.9734e-10
0.108 23.8346 7.99344 0 45 1.9734e-10
0.109 24.1298 8.09273 0 45 1.9734e-10
0.11 24.4259 8.19233 0 45 1.9734e-10
0.111 24.7228 8.29225 0 45 1.9734e-10
0.112 25.0207 8.39247 0 45 1.9734e-10
0.113 25.3195 8.493 0 45 1.9734e-10
0.114 25.6192 8.59384 0 45 1.9734e-10
0.115 25.9197 8.69497 0 45 1.9734e-10
0.116 26.2212 8.79642 0 45 1.9734e-10
0.117 26.5235 8.89816 0 45 1.9734e-10
0.118 26.8267 9.0002 0 45 1.9734e-10
0.119 27.1307 9.10253 0 45 1.9734e-10
0.12 27.4356 9.20516 0 45 1.9734e-10
0.121 27.7414 9.30809 0 45 1.9734e-10
0.122 28.048 9.41131 0 45 1.9734e-10
0.123 28.3555 9.51482 0 45 1.9734e-10
0.124 28.6638 9.61862 0 45 1.9734e-10
0.125 28.9729 9.7227 0 45 1.9734e-10
0.126 29.2829 9.82707 0 45 1.9734e-10
0.127 29.5937 9.93173 0 45 1.9734e-10
0.128 29.9054 10.0367 0 45 1.9734e-10
0.129 30.2178 10.1419 0 45 1.9734e-10
0.13 30.5311 10.2474 0 45 1.9734e-10
0.131 30.8452 10.3532 0 45 1.9734e-10
0.132 31.1601 10.4592 0 45 1.9734e-10
0.133 31.4758 10.5656 0 45 1.9734e-10
0.134 31.7923 10.6722 0 45 1.9734e-10
0.135 32.1096 10.7791 0 45 1.9734e-10
0.136 32.4277 10.8862 0 45 1.9734e-10
0.137 32.7465 10.9937 0 45 1.9734e-10
0.138 33.0662 11.1014 0 45 1.9734e-10
0.139 33.3866 11.2093 0 45 1.9734e-10
0.14 33.7079 11.3176 0 45 1.9734e-10
0.141 34.0299 11.4261 0 45 1.9734e-10
0.142 34.3526 11.5348 0 45 1.9734e-10
0.143 34.6762 11.6439 0 45 1.9734e-10
0.144 35.0005 11.7532 0 45 1.9734e-10
0.145 35.3255 11.8627 0 45 1.9734e-10
0.146 35.6513 11.9725 0 45 1.9734e-10
0.147 35.9779 12.0826 0 45 1.9734e-10
0.148 36.3052 12.1929 0 45 1.9734e-10
0.149 36.6333 12.3035 0 45 1.9734e-10
0.15 36.9621 12.4144 0 45 1.9734e-10
0.151 37.2916 12.5255 0 45 1.9734e-10
0.152 37.6219 12.6368 0 45 1.9734e-10
0.153 37.9529 12.7484 0 45 1.9734e-10
0.154 38.2847 12.8603 0 45 1.9734e-10
0.155 38.6172 12.9724 0 45 1.9734e-10
0.156 38.9503 13.0848 0 45 1.9734e-10
0.157 39.2843 13.1974 0 45 1.9734e-10
0.158 39.6189 13.3102 0 45 1.9734e-10
0.159 39.9543 13.4233 0 45 1.9734e-10
0.16 40.2903 13.5367 0 45 1.9734e-10
0.161 40.6271 13.6503 0 45 1.9734e-10
0.162 40.9646 13.7641 0 45 1.9734e-10
0.163 41.3028 13.8782 0 45 1.9734e-10
0.164 41.6416 13.9925 0 45 1.9734e-10
0.165 41.9812 14.1071 0 45 1.9734e-10
0.166 42.3215 14.2219 0 45 1.9734e-10
0.167 42.6625 14.3369 0 45 1.9734e-10
0.168 43.0041 14.4522 0 45 1.9734e-10
0.169 43.3465 14.5677 0 45 1.9734e-10
0.17 43.6895 14.6835 0 45 1.9734e-10
0.171 44.0332 14.7995 0 45 1.9734e-10
0.172 44.3776 14.9157 0 45 1.9734e-10
0.173 44.7227 15.0322 0 45 1.9734e-10
0.174 45.0684 15.1489 0 45 1.9734e-10
0.175 45.4148 15.2658 0 45 1.9734e-10
0.176 45.7619 15.3829 0 45 1.9734e-10
0.177 46.1096 15.5003 0 45 1.9734e-10
0.178 46.4581 15.6179 0 45 1.9734e-10
0.179 46.8071 15.7358 0 45 1.9734e-10
0.18 47.1569 15.8539 0 45 1.9734e-10
0.181 47.5072 15.9722 0 45 1.9734e-10
0.182 47.8583 16.0907 0 45 1.9734e-10
0.183 48.21 16.2094 0 45 1.9734e-10
0.184 48.5623 16.3284 0 45 1.9734e-10
0.185 48.9153 16.4476 0 45 1.9734e-10
0.186 49.2689 16.567 0 45 1.9734e-10
0.187 49.6232 16.6867 0 45 1.9734e-10
0.188 49.9781 16.8065 0 45 1.9734e-10
0.189 50.3337 16.9266 0 45 1.9734e-10
0.19 50.6899 17.0469 0 45 1.9734e-10
0.191 51.0467 17.1675 0 45 1.9734e-10
0.192 51.4042 17.2882 0 45 1.9734e-10
0.193 51.7623 17.4092 0 45 1.9734e-10
0.194 52.121 17.5304 0 45 1.9734e-10
0.195 52.4803 17.6518 0 45 1.9734e-10
0.196 52.8403 17.7734 0 45 1.9734e-10
0.197 53.2009 17.8952 0 45 1.9734e-10
0.198 53.5621 18.0173 0 45 1.9734e-10
0.199 53.9239 18.1395 0 45 1.9734e-10
0.2 54.2863 18.262 0 45 1.9734e-10
0.201 54.6494 18.3847 0 45 1.9734e-10
0.202 55.013 18.5076 0 45 1.9734e-10
0.203 55.3773 18.6307 0 45 1.9734e-10
0.204 55.7422 18.754 0 45 1.9734e-10
0.205 56.1076 18.8775 0 45 1.9734e-10
0.206 56.4737 19.0013 0 45 1.9734e-10
0.207 56.8404 19.1252 0 45 1.9734e-10
0.208 57.2077 19.2494 0 45 1.9734e-10
0.209 57.5756 19.3737 0 45 1.9734e-10
0.21 57.9441 19.4983 0 45 1.9734e-10
0.211 58.3131 19.6231 0 45 1.9734e-10
0.212 58.6828 19.7481 0 45 1.9734e-10
0.213 59.053 19.8732 0 45 1.9734e-10
0.214 59.4239 19.9986 0 45 1.9734e-10
0.215 59.7953 20.1242 0 45 1.9734e-10
0.216 60.1673 20.25 0 45 1.9734e-10
0.217 60.5399 20.376 0 45 1.9734e-10
0.218 60.9131 20.5022 0 45 1.9734e-10
0.219 61.2868 20.6286 0 45 1.9734e-10
0.22 61.6612 20.7552 0 45 1.9734e-10
0.221 62.0361 20.882 0 45 1.9734e-10
0.222 62.4116 21.0091 0 45 1.9734e-10
0.223 62.7876 21.1363 0 45 1.9734e-10
0.224 63.1642 21.2637 0 45 1.9734e-10
0.225 63.5414 21.3913 0 45 1.9734e-10
0.226 63.9192 21.5191 0 45 1.9734e-10
0.227 64.2975 21.6471 0 45 1.9734e-10
0.228 64.6764 21.7752 0 45 1.9734e-10
0.229 65.0559 21.9036 0 45 1.9734e-10
0.23 65.4359 22.0322 0 45 1.9734e-10
0.231 65.8165 22.161 0 45 1.9734e-10
0.232 66.1976 22.29 0 45 1.9734e-10
0.233 66.5793 22.4191 0 45 1.9734e-10
0.234 66.9615 22.5485 0 45 1.9734e-10
0.235 67.3443 22.678 0 45 1.9734e-10
0.236 67.7277 22.8078 0 45 1.9734e-10
0.237 68.1116 22.9377 0 45 1.9734e-10
0.238 68.496 23.0679 0 45 1.9734e-10
0.239 68.881 23.1982 0 45 1.9734e-10
0.24 69.2666 23.3287 0 45 1.9734e-10
0.241 69.6526 23.4594 0 45 1.9734e-10
0.242 70.0393 23.5903 0 45 1.9734e-10
0.243 70.4264 23.7213 0 45 1.9734e-10
0.244 70.8142 23.8526 0 45 1.9734e-10
0.245 71.2024 23.9841 0 45 1.9734e-10
0.246 71.5912 24.1157 0 45 1.9734e-10
0.247 71.9805 24.2475 0 45 1.9734e-10
0.248 72.3704 24.3795 0 45 1.9734e-10
0.249 72.7607 24.5117 0 45 1.9734e-10
0.25 73.1517 24.6441 0 45 1.9734e-10
0.251 73.5431 24.7767 0 45 1.9734e-10
0.252 73.9351 24.9094 0 45 1.9734e-10
0.253 74.3276 25.0424 0 45 1.9734e-10
0.254 74.7206 25.1755 0 45 1.9734e-10
0.255 75.1142 25.3088 0 45 1.9734e-10
0.256 75.5083 25.4423 0 45 1.9734e-10
0.257 75.9028 25.576 0 45 1.9734e-10
0.258 76.298 25.7098 0 45 1.9734e-10
0.259 76.6936 25.8438 0 45 1.9734e-10
0.26 77.0898 25.978 0 45 1.9734e-10
0.261 77.4864 26.1124 0 45 1.9734e-10
0.262 77.8836 26.247 0 45 1.9734e-10
0.263 78.2813 26.3818 0 45 1.9734e-10
0.264 78.6795 26.5167 0 45 1.9734e-10
0.265 79.0783 26.6518 0 45 1.9734e-10
0.266 79.4775 26.7871 0 45 1.9734e-10
0.267 79.8772 26.9226 0 45 1.9734e-10
0.268 80.2775 27.0582 0 45 1.9734e-10
0.269 80.6783 27.194 0 45 1.9734e-10
0.27 81.0795 27.33 0 45 1.9734e-10
0.271 81.4813 27.4662 0 45 1.9734e-10
0.272 81.8836 27.6026 0 45 1.9734e-10
0.273 82.2863 27.7391 0 45 1.9734e-10
0.274 82.6896 27.8758 0 45 1.9734e-10
0.275 83.0934 28.0127 0 45 1.9734e-10
0.276 83.4977 28.1497 0 45 1.9734e-10
0.277 83.9024 28.2869 0 45 1.9734e-10
0.278 84.3077 28.4243 0 45 1.9734e-10
0.279 84.7134 28.5619 0 45 1.9734e-10
0.28 85.1197 28.6997 0 45 1.9734e-10
0.281 85.5264 28.8376 0 45 1.9734e-10
0.282 85.9337 28.9757 0 45 1.9734e-10
0.283 86.3414 29.1139 0 45 1.9734e-10
0.284 86.7496 29.2524 0 45 1.9734e-10
0.285 87.1583 29.391 0 45 1.9734e-10
0.286 87.5675 29.5297 0 45 1.9734e-10
0.287 87.9772 29.6687 0 45 1.9734e-10
0.288 88.3873 29.8078 0 45 1.9734e-10
0.289 88.798 29.9471 0 45 1.9734e-10
0.29 89.2091 30.0865 0 45 1.9734e-10
0.291 89.6207 30.2261 0 45 1.9734e-10
0.292 90.0328 30.3659 0 45 1.9734e-10
0.293 90.4454 30.5059 0 45 1.9734e-10
0.294 90.8584 30.646 0 45 1.9734e-10
0.295 91.2719 30.7863 0 45 1.9734e-10
0.296 91.6859 30.9268 0 45 1.9734e-10
0.297 92.1004 31.0674 0 45 1.9734e-10
0.298 92.5153 31.2082 0 45 1.9734e-10
0.299 92.9307 31.3491 0 45 1.9734e-10
0.3 93.3466 31.4903 0 45 1.9734e-10
0.301 93.763 31.6316 0 45 1.9734e-10
0.302 94.1798 31.773 0 45 1.9734e-10
0.303 94.5971 31.9146 0 45 1.9734e-10
0.304 95.0149 32.0564 0 45 1.9734e-10
0.305 95.4331 32.1984 0 45 1.9734e-10
0.306 95.8518 32.3405 0 45 1.9734e-10
0.307 96.271 32.4827 0 45 1.9734e-10
0.308 96.6906 32.6252 0 45 1.9734e-10
0.309 97.1107 32.7678 0 45 1.9734e-10
0.31 97.5312 32.9105 0 45 1.9734e-10
0.311 97.9522 33.0535 0 45 1.9734e-10
0.312 98.3737 33.1965 0 45 1.9734e-10
0.313 98.7956 33.3398 0 45 1.9734e-10
0.314 99.218 33.4832 0 45 1.9734e-10
0.315 99.6409 33.6268 0 45 1.9734e-10
0.316 100.064 33.7705 0 45 1.9734e-10
0.317 100.488 33.9144 0 45 1.9734e-10
0.318 100.912 34.0584 0 45 1.9734e-10
0.319 101.337 34.2026 0 45 1.9734e-10
0.32 101.762 34.347 0 45 1.9734e-10
0.321 102.187 34.4915 0 45 1.9734e-10
0.322 102.613 34.6362 0 45 1.9734e-10
0.323 103.04 34.781 0 45 1.9734e-10
0.324 103.467 34.926 0 45 1.9734e-10
0.325 103.894 35.0712 0 45 1.9734e-10
0.326 104.322 35.2165 0 45 1.9734e-10
0.327 104.75 35.362 0 45 1.9734e-10
0.328 105.179 35.5076 0 45 1.9734e-10
0.329 105.608 35.6534 0 45 1.9734e-10
0.33 106.038 35.7993 0 45 1.9734e-10
0.331 106.468 35.9454 0 45 1.9734e-10
0.332 106.898 36.0917 0 45 1.9734e-10
0.333 107.329 36.2381 0 45 1.9734e-10
0.334 107.76 36.3846 0 45 1.9734e-10
0.335 108.192 36.5314 0 45 1.9734e-10
0.336 108.625 36.6782 0 45 1.9734e-10
0.337 109.057 36.8253 0 45 1.9734e-10
0.338 109.49 36.9724 0 45 1.9734e-10
0.339 109.924 37.1198 0 45 1.9734e-10
0.34 110.358 37.2672 0 45 1.9734e-10
0.341 110.792 37.4149 0 45 1.9734e-10
0.342 111.227 37.5627 0 45 1.9734e-10
0.343 111.662 37.7106 0 45 1.9734e-10
0.344 112.098 37.8587 0 45 1.9734e-10
0.345 112.534 38.007 0 45 1.9734e-10
0.346 112.971 38.1554 0 45 1.9734e-10
0.347 113.408 38.3039 0 45 1.9734e-10
0.348 113.845 38.4526 0 45 1.9734e-10
0.349 114.283 38.6015 0 45 1.9734e-10
0.35 114.721 38.7505 0 45 1.9734e-10
0.351 115.16 38.8996 0 45 1.9734e-10
0.352 115.599 39.0489 0 45 1.9734e-10
0.353 116.039 39.1984 0 45 1.9734e-10
0.354 116.479 39.348 0 45 1.9734e-10
0.355 116.919 39.4977 0 45 1.9734e-10
0.356 117.36 39.6476 0 45 1.9734e-10
0.357 117.801 39.7977 0 45 1.9734e-10
0.358 118.243 39.9479 0 45 1.9734e-10
0.359 118.685 40.0982 0 45 1.9734e-10
0.36 119.127 40.2487 0 45 1.9734e-10
0.361 119.57 40.3994 0 45 1.9734e-10
0.362 120.014 40.5502 0 45 1.9734e-10
0.363 120.457 40.7011 0 45 1.9734e-10
0.364 120.902 40.8522 0 45 1.9734e-10
0.365 121.346 41.0034 0 45 1.9734e-10
0.366 121.791 41.1548 0 45 1.9734e-10
0.367 122.237 41.3063 0 45 1.9734e-10
0.368 122.682 41.458 0 45 1.9734e-10
0.369 123.129 41.6098 0 45 1.9734e-10
0.37 123.575 41.7617 0 45 1.9734e-10
0.371 124.022 41.9139 0 45 1.9734e-10
0.372 124.47 42.0661 0 45 1.9734e-10
0.373 124.918 42.2185 0 45 1.9734e-10
0.374 125.366 42.371 0 45 1.9734e-10
0.375 125.815 42.5237 0 45 1.9734e-10
0.376 126.264 42.6766 0 45 1.9734e-10
0.377 126.713 42.8295 0 45 1.9734e-10
0.378 127.163 42.9826 0 45 1.9734e-10
0.379 127.614 43.1359 0 45 1.9734e-10
0.38 128.064 43.2893 0 45 1.9734e-10
0.381 128.515 43.4429 0 45 1.9734e-10
0.382 128.967 43.5965 0 45 1.9734e-10
0.383 129.419 43.7504 0 45 1.9734e-10
0.384 129.871 43.9043 0 45 1.9734e-10
0.385 130.324 44.0585 0 45 1.9734e-10
0.386 130.777 44.2127 0 45 1.9734e-10
0.387 131.231 44.3671 0 45 1.9734e-10
0.388 131.685 44.5217 0 45 1.9734e-10
0.389 132.139 44.6763 0 45 1.9734e-10
0.39 132.594 44.8312 0 45 1.9734e-10
0.391 133.049 44.9861 0 45 1.9734e-10
0.392 133.504 45.1412 0 45 1.9734e-10
0.393 133.96 45.2965 0 45 1.9734e-10
0.394 134.417 45.4519 0 45 1.9734e-10
0.395 134.873 45.6074 0 45 1.9734e-10
0.396 135.33 45.763 0 45 1.9734e-10
0.397 135.788 45.9188 0 45 1.9734e-10
0.398 136.246 46.0748 0 45 1.9734e-10
0.399 136.704 46.2309 0 45 1.9734e-10
0.4 137.163 46.3871 0 45 1.9734e-10
0.401 137.622 46.5434 0 45 1.9734e-10
0.402 138.081 46.6999 0 45 1.9734e-10
0.403 138.541 46.8566 0 45 1.9734e-10
0.404 139.001 47.0134 0 45 1.9734e-10
0.405 139.462 47.1703 0 45 1.9734e-10
0.406 139.923 47.3273 0 45 1.9734e-10
0.407 140.384 47.4845 0 45 1.9734e-10
0.408 140.846 47.6418 0 45 1.9734e-10
0.409 141.308 47.7993 0 45 1.9734e-10
0.41 141.771 47.9569 0 45 1.9734e-10
0.411 142.234 48.1146 0 45 1.9734e-10
0.412 142.697 48.2725 0 45 1.9734e-10
0.413 143.161 48.4305 0 45 1.9734e-10
0.414 143.625 48.5886 0 45 1.9734e-10
0.415 144.089 48.7469 0 45 1.9734e-10
0.416 144.554 48.9053 0 45 1.9734e-10
0.417 145.02 49.0639 0 45 1.9734e-10
0.418 145.485 49.2225 0 45 1.9734e-10
0.419 145.951 49.3814 0 45 1.9734e-10
0.42 146.418 49.5403 0 45 1.9734e-10
0.421 146.884 49.6994 0 45 1.9734e-10
0.422 147.351 49.8586 0 45 1.9734e-10
0.423 147.819 50.018 0 45 1.9734e-10
0.424 148.287 50.1775 0 45 1.9734e-10
0.425 148.755 50.3371 0 45 1.9734e-10
0.426 149.224 50.4968 0 45 1.9734e-10
0.427 149.693 50.6567 0 45 1.9734e-10
0.428 150.162 50.8168 0 45 1.9734e-10
0.429 150.632 50.9769 0 45 1.9734e-10
0.43 151.102 51.1372 0 45 1.9734e-10
0.431 151.573 51.2976 0 45 1.9734e-10
0.432 152.043 51.4582 0 45 1.9734e-10
0.433 152.515 51.6189 0 45 1.9734e-10
0.434 152.986 51.7797 0 45 1.9734e-10
0.435 153.458 51.9406 0 45 1.9734e-10
0.436 153.931 52.1017 0 45 1.9734e-10
0.437 154.403 52.2629 0 45 1.9734e-10
0.438 154.877 52.4243 0 45 1.9734e-10
0.439 155.35 52.5857 0 45 1.9734e-10
0.44 155.824 52.7474 0 45 1.9734e-10
0.441 156.298 52.9091 0 45 1.9734e-10
0.442 156.773 53.071 0 45 1.9734e-10
0.443 157.248 53.233 0 45 1.9734e-10
0.444 157.723 53.3951 0 45 1.9734e-10
0.445 158.199 53.5573 0 45 1.9734e-10
0.446 158.675 53.7197 0 45 1.9734e-10
0.447 159.151 53.8823 0 45 1.9734e-10
0.448 159.628 54.0449 0 45 1.9734e-10
0.449 160.105 54.2077 0 45 1.9734e-10
0.45 160.582 54.3706 0 45 1.9734e-10
0.451 161.06 54.5336 0 45 1.9734e-10
0.452 161.538 54.6968 0 45 1.9734e-10
0.453 162.017 54.8601 0 45 1.9734e-10
0.454 162.496 55.0235 0 45 1.9734e-10
0.455 162.975 55.1871 0 45 1.9734e-10
0.456 163.455 55.3507 0 45 1.9734e-10
0.457 163.935 55.5145 0 45 1.9734e-10
0.458 164.415 55.6785 0 45 1.9734e-10
0.459 164.896 55.8425 0 45 1.9734e-10
0.46 165.377 56.0067 0 45 1.9734e-10
0.461 165.859 56.171 0 45 1.9734e-10
0.462 166.34 56.3355 0 45 1.9734e-10
0.463 166.823 56.5001 0 45 1.9734e-10
0.464 167.305 56.6648 0 45 1.9734e-10
0.465 167.788 56.8296 0 45 1.9734e-10
0.466 168.271 56.9945 0 45 1.9734e-10
0.467 168.755 57.1596 0 45 1.9734e-10
0.468 169.239 57.3248 0 45 1.9734e-10
0.469 169.723 57.4902 0 45 1.9734e-10
0.47 170.208 57.6556 0 45 1.9734e-10
0.471 170.693 57.8212 0 45 1.9734e-10
0.472 171.178 57.9869 0 45 1.9734e-10
0.473 171.664 58.1527 0 45 1.9734e-10
0.474 172.15 58.3187 0 45 1.9734e-10
0.475 172.636 58.4848 0 45 1.9734e-10
0.476 173.123 58.651 0 45 1.9734e-10
0.477 173.61 58.8173 0 45 1.9734e-10
0.478 174.097 58.9838 0 45 1.9734e-10
0.479 174.585 59.1503 0 45 1.9734e-10
0.48 175.073 59.3171 0 45 1.9734e-10
0.481 175.562 59.4839 0 45 1.9734e-10
0.482 176.051 59.6508 0 45 1.9734e-10
0.483 176.54 59.8179 0 45 1.9734e-10
0.484 177.029 59.9851 0 45 1.9734e-10
0.485 177.519 60.1524 0 45 1.9734e-10
0.486 178.009 60.3199 0 45 1.9734e-10
0.487 178.5 60.4875 0 45 1.9734e-10
0.488 178.991 60.6552 0 45 1.9734e-10
0.489 179.482 60.823 0 45 1.9734e-10
0.49 179.974 60.9909 0 45 1.9734e-10
0.491 180.466 61.159 0 45 1.9734e-10
0.492 180.958 61.3272 0 45 1.9734e-10
0.493 181.451 61.4955 0 45 1.9734e-10
0.494 181.943 61.6639 0 45 1.9734e-10
0.495 182.437 61.8325 0 45 1.9734e-10
0.496 182.93 62.0011 0 45 1.9734e-10
0.497 183.424 62.1699 0 45 1.9734e-10
0.498 183.919 62.3388 0 45 1.9734e-10
0.499 184.413 62.5079 0 45 1.9734e-10
0.5 184.908 62.677 0 45 1.9734e-10
0.501 185.404 62.8463 0 45 1.9734e-10
0.502 185.899 63.0157 0 45 1.9734e-10
0.503 186.395 63.1852 0 45 1.9734e-10
0.504 186.892 63.3549 0 45 1.9734e-10
0.505 187.388 63.5247 0 45 1.9734e-10
0.506 187.886 63.6945 0 45 1.9734e-10
0.507 188.383 63.8645 0 45 1.9734e-10
0.508 188.881 64.0347 0 45 1.9734e-10
0.509 189.379 64.2049 0 45 1.9734e-10
0.51 189.877 64.3753 0 45 1.9734e-10
0.511 190.376 64.5458 0 45 1.9734e-10
0.512 190.875 64.7164 0 45 1.9734e-10
0.513 191.374 64.8871 0 45 1.9734e-10
0.514 191.874 65.0579 0 45 1.9734e-10
0.515 192.374 65.2289 0 45 1.9734e-10
0.516 192.874 65.4 0 45 1.9734e-10
0.517 193.375 65.5712 0 45 1.9734e-10
0.518 193.876 65.7425 0 45 1.9734e-10
0.519 194.377 65.9139 0 45 1.9734e-10
0.52 194.879 66.0855 0 45 1.9734e-10
0.521 195.381 66.2572 0 45 1.9734e-10
0.522 195.883 66.429 0 45 1.9734e-10
0.523 196.386 66.6009 0 45 1.9734e-10
0.524 196.889 66.7729 0 45 1.9734e-10
0.525 197.392 66.945 0 45 1.9734e-10
0.526 197.896 67.1173 0 45 1.9734e-10
0.527 198.4 67.2897 0 45 1.9734e-10
0.528 198.904 67.4622 0 45 1.9734e-10
0.529 199.409 67.6348 0 45 1.9734e-10
0.53 199.914 67.8075 0 45 1.9734e-10
0.531 200.419 67.9804 0 45 1.9734e-10
0.532 200.925 68.1534 0 45 1.9734e-10
0.533 201.431 68.3264 0 45 1.9734e-10
0.534 201.937 68.4996 0 45 1.9734e-10
0.535 202.444 68.673 0 45 1.9734e-10
0.536 202.951 68.8464 0 45 1.9734e-10
0.537 203.458 69.0199 0 45 1.9734e-10
0.538 203.965 69.1936 0 45 1.9734e-10
0.539 204.473 69.3674 0 45 1.9734e-10
0.54 204.982 69.5413 0 45 1.9734e-10
0.541 205.49 69.7153 0 45 1.9734e-10
0.542 205.999 69.8894 0 45 1.9734e-10
0.543 206.508 70.0637 0 45 1.9734e-10
0.544 207.018 70.238 0 45 1.9734e-10
0.545 207.527 70.4125 0 45 1.9734e-10
0.546 208.038 70.5871 0 45 1.9734e-10
0.547 208.548 70.7618 0 45 1.9734e-10
0.548 209.059 70.9366 0 45 1.9734e-10
0.549 209.57 71.1116 0 45 1.9734e-10
0.55 210.081 71.2866 0 45 1.9734e-10
0.551 210.593 71.4618 0 45 1.9734e-10
0.552 211.105 71.637 0 45 1.9734e-10
0.553 211.617 71.8124 0 45 1.9734e-10
0.554 212.13 71.9879 0 45 1.9734e-10
0.555 212.643 72.1636 0 45 1.9734e-10
0.556 213.156 72.3393 0 45 1.9734e-10
0.557 213.67 72.5151 0 45 1.9734e-10
0.558 214.184 72.6911 0 45 1.9734e-10
0.559 214.698 72.8672 0 45 1.9734e-10
0.56 215.213 73.0434 0 45 1.9734e-10
0.561 215.728 73.2197 0 45 1.9734e-10
0.562 216.243 73.3961 0 45 1.9734e-10
0.563 216.759 73.5726 0 45 1.9734e-10
0.564 217.274 73.7492 0 45 1.9734e-10
0.565 217.791 73.926 0 45 1.9734e-10
0.566 218.307 74.1029 0 45 1.9734e-10
0.567 218.824 74.2798 0 45 1.9734e-10
0.568 219.341 74.4569 0 45 1.9734e-10
0.569 219.858 74.6341 0 45 1.9734e-10
0.57 220.376 74.8114 0 45 1.9734e-10
0.571 220.894 74.9889 0 45 1.9734e-10
0.572 221.412 75.1664 0 45 1.9734e-10
0.573 221.931 75.3441 0 45 1.9734e-10
0.574 222.45 75.5218 0 45 1.9734e-10
0.575 222.969 75.6997 0 45 1.9734e-10
0.576 223.489 75.8777 0 45 1.9734e-10
0.577 224.009 76.0558 0 45 1.9734e-10
0.578 224.529 76.234 0 45 1.9734e-10
0.579 225.049 76.4123 0 45 1.9734e-10
0.58 225.57 76.5907 0 45 1.9734e-10
0.581 226.091 76.7693 0 45 1.9734e-10
0.582 226.613 76.9479 0 45 1.9734e-10
0.583 227.135 77.1267 0 45 1.9734e-10
0.584 227.657 77.3056 0 45 1.9734e-10
0.585 228.179 77.4846 0 45 1.9734e-10
0.586 228.702 77.6636 0 45 1.9734e-10
0.587 229.225 77.8428 0 45 1.9734e-10
0.588 229.748 78.0222 0 45 1.9734e-10
0.589 230.271 78.2016 0 45 1.9734e-10
0.59 230.795 78.3811 0 45 1.9734e-10
0.591 231.319 78.5608 0 45 1.9734e-10
0.592 231.844 78.7405 0 45 1.9734e-10
0.593 232.369 78.9204 0 45 1.9734e-10
0.594 232.894 79.1004 0 45 1.9734e-10
0.595 233.419 79.2804 0 45 1.9734e-10
0.596 233.945 79.4606 0 45 1.9734e-10
0.597 234.471 79.6409 0 45 1.9734e-10
0.598 234.997 79.8213 0 45 1.9734e-10
0.599 235.524 80.0019 0 45 1.9734e-10
0.6 236.051 80.1825 0 45 1.9734e-10
0.601 236.578 80.3632 0 45 1.9734e-10
0.602 237.105 80.5441 0 45 1.9734e-10
0.603 237.633 80.725 0 45 1.9734e-10
0.604 238.161 80.9061 0 45 1.9734e-10
0.605 238.69 81.0872 0 45 1.9734e-10
0.606 239.218 81.2685 0 45 1.9734e-10
0.607 239.747 81.4499 0 45 1.9734e-10
0.608 240.277 81.6314 0 45 1.9734e-10
0.609 240.806 81.813 0 45 1.9734e-10
0.61 241.336 81.9947 0 45 1.9734e-10
0.611 241.866 82.1765 0 45 1.9734e-10
0.612 242.397 82.3585 0 45 1.9734e-10
0.613 242.928 82.5405 0 45 1.9734e-10
0.614 243.459 82.7226 0 45 1.9734e-10
0.615 243.99 82.9049 0 45 1.9734e-10
0.616 244.522 83.0872 0 45 1.9734e-10
0.617 245.054 83.2697 0 45 1.9734e-10
0.618 245.586 83.4523 0 45 1.9734e-10
0.619 246.119 83.6349 0 45 1.9734e-10
0.62 246.652 83.8177 0 45 1.9734e-10
0.621 247.185 84.0006 0 45 1.9734e-10
0.622 247.718 84.1836 0 45 1.9734e-10
0.623 248.252 84.3667 0 45 1.9734e-10
0.624 248.786 84.5499 0 45 1.9734e-10
0.625 249.32 84.7332 0 45 1.9734e-10
0.626 249.855 84.9166 0 45 1.9734e-10
0.627 250.39 85.1002 0 45 1.9734e-10
0.628 250.925 85.2838 0 45 1.9734e-10
0.629 251.461 85.4675 0 45 1.9734e-10
0.63 251.996 85.6514 0 45 1.9734e-10
0.631 252.533 85.8353 0 45 1.9734e-10
0.632 253.069 86.0194 0 45 1.9734e-10
0.633 253.606 86.2035 0 45 1.9734e-10
0.634 254.143 86.3878 0 45 1.9734e-10
0.635 254.68 86.5722 0 45 1.9734e-10
0.636 255.217 86.7566 0 45 1.9734e-10
0.637 255.755 86.9412 0 45 1.9734e-10
0.638 256.293 87.1259 0 45 1.9734e-10
0.639 256.832 87.3107 0 45 1.9734e-10
0.64 257.371 87.4956 0 45 1.9734e-10
0.641 257.91 87.6806 0 45 1.9734e-10
0.642 258.449 87.8657 0 45 1.9734e-10
0.643 258.988 88.0509 0 45 1.9734e-10
0.644 259.528 88.2362 0 45 1.9734e-10
0.645 260.068 88.4216 0 45 1.9734e-10
0.646 260.609 88.6072 0 45 1.9734e-10
0.647 261.15 88.7928 0 45 1.9734e-10
0.648 261.691 88.9785 0 45 1.9734e-10
0.649 262.232 89.1643 0 45 1.9734e-10
0.65 262.773 89.3503 0 45 1.9734e-10
0.651 263.315 89.5363 0 45 1.9734e-10
0.652 263.857 89.7225 0 45 1.9734e-10
0.653 264.4 89.9087 0 45 1.9734e-10
0.654 264.943 90.0951 0 45 1.9734e-10
0.655 265.486 90.2815 0 45 1.9734e-10
0.656 266.029 90.4681 0 45 1.9734e-10
0.657 266.573 90.6547 0 45 1.9734e-10
0.658 267.116 90.8415 0 45 1.9734e-10
0.659 267.661 91.0284 0 45 1.9734e-10
0.66 268.205 91.2153 0 45 1.9734e-10
0.661 268.75 91.4024 0 45 1.9734e-10
0.662 269.295 91.5896 0 45 1.9734e-10
0.663 269.84 91.7769 0 45 1.9734e-10
0.664 270.386 91.9643 0 45 1.9734e-10
0.665 270.931 92.1517 0 45 1.9734e-10
0.666 271.478 92.3393 0 45 1.9734e-10
0.667 272.024 92.527 0 45 1.9734e-10
0.668 272.571 92.7148 0 45 1.9734e-10
0.669 273.118 92.9027 0 45 1.9734e-10
0.67 273.665 93.0907 0 45 1.9734e-10
0.671 274.212 93.2788 0 45 1.9734e-10
0.672 274.76 93.467 0 45 1.9734e-10
0.673 275.308 93.6553 0 45 1.9734e-10
0.674 275.857 93.8437 0 45 1.9734e-10
0.675 276.405 94.0322 0 45 1.9734e-10
0.676 276.954 94.2208 0 45 1.9734e-10
0.677 277.504 94.4095 0 45 1.9734e-10
0.678 278.053 94.5983 0 45 1.9734e-10
0.679 278.603 94.7872 0 45 1.9734e-10
0.68 279.153 94.9762 0 45 1.9734e-10
0.681 279.703 95.1653 0 45 1.9734e-10
0.682 280.254 95.3545 0 45 1.9734e-10
0.683 280.805 95.5438 0 45 1.9734e-10
0.684 281.356 95.7333 0 45 1.9734e-10
0.685 281.907 95.9228 0 45 1.9734e-10
0.686 282.459 96.1124 0 45 1.9734e-10
0.687 283.011 96.3021 0 45 1.9734e-10
0.688 283.563 96.4919 0 45 1.9734e-10
0.689 284.116 96.6818 0 45 1.9734e-10
0.69 284.669 96.8718 0 45 1.9734e-10
0.691 285.222 97.062 0 45 1.9734e-10
0.692 285.775 97.2522 0 45 1.9734e-10
0.693 286.329 97.4425 0 45 1.9734e-10
0.694 286.883 97.6329 0 45 1.9734e-10
0.695 287.437 97.8234 0 45 1.9734e-10
0.696 287.991 98.014 0 45 1.9734e-10
0.697 288.546 98.2047 0 45 1.9734e-10
0.698 289.101 98.3956 0 45 1.9734e-10
0.699 289.656 98.5865 0 45 1.9734e-10
0.7 290.212 98.7775 0 45 1.9734e-10
0.701 290.768 98.9686 0 45 1.9734e-10
0.702 291.324 99.1598 0 45 1.9734e-10
0.703 291.88 99.3511 0 45 1.9734e-10
0.704 292.437 99.5425 0 45 1.9734e-10
0.705 292.994 99.734 0 45 1.9734e-10
0.706 293.551 99.9256 0 45 1.9734e-10
0.707 294.108 100.117 0 45 1.9734e-10
0.708 294.666 100.309 0 45 1.9734e-10
0.709 295.224 100.501 0 45 1.9734e-10
0.71 295.783 100.693 0 45 1.9734e-10
0.711 296.341 100.885 0 45 1.9734e-10
0.712 296.9 101.077 0 45 1.9734e-10
0.713 297.459 101.27 0 45 1.9734e-10
0.714 298.018 101.462 0 45 1.9734e-10
0.715 298.578 101.655 0 45 1.9734e-10
0.716 299.138 101.847 0 45 1.9734e-10
0.717 299.698 102.04 0 45 1.9734e-10
0.718 300.258 102.233 0 45 1.9734e-10
0.719 300.819 102.425 0 45 1.9734e-10
0.72 301.38 102.618 0 45 1.9734e-10
0.721 301.941 102.812 0 45 1.9734e-10
0.722 302.503 103.005 0 45 1.9734e-10
0.723 303.065 103.198 0 45 1.9734e-10
0.724 303.627 103.391 0 45 1.9734e-10
0.725 304.189 103.585 0 45 1.9734e-10
0.726 304.752 103.778 0 45 1.9734e-10
0.727 305.314 103.972 0 45 1.9734e-10
0.728 305.878 104.166 0 45 1.9734e-10
0.729 306.441 104.36 0 45 1.9734e-10
0.73 307.005 104.554 0 45 1.9734e-10
0.731 307.569 104.748 0 45 1.9734e-10
0.732 308.133 104.942 0 45 1.9734e-10
0.733 308.697 105.136 0 45 1.9734e-10
0.734 309.262 105.33 0 45 1.9734e-10
0.735 309.827 105.525 0 45 1.9734e-10
0.736 310.392 105.719 0 45 1.9734e-10
0.737 310.958 105.914 0 45 1.9734e-10
0.738 311.523 106.109 0 45 1.9734e-10
0.739 312.089 106.304 0 45 1.9734e-10
0.74 312.656 106.499 0 45 1.9734e-10
0.741 313.222 106.694 0 45 1.9734e-10
0.742 313.789 106.889 0 45 1.9734e-10
0.743 314.356 107.084 0 45 1.9734e-10
0.744 314.923 107.279 0 45 1.9734e-10
0.745 315.491 107.475 0 45 1.9734e-10
0.746 316.059 107.67 0 45 1.9734e-10
0.747 316.627 107.866 0 45 1.9734e-10
0.748 317.195 108.061 0 45 1.9734e-10
0.749 317.764 108.257 0 45 1.9734e-10
0.75 318.333 108.453 0 45 1.9734e-10
0.751 318.902 108.649 0 45 1.9734e-10
0.752 319.472 108.845 0 45 1.9734e-10
0.753 320.041 109.041 0 45 1.9734e-10
0.754 320.611 109.238 0 45 1.9734e-10
0.755 321.182 109.434 0 45 1.9734e-10
0.756 321.752 109.63 0 45 1.9734e-10
0.757 322.323 109.827 0 45 1.9734e-10
0.758 322.894 110.024 0 45 1.9734e-10
0.759 323.465 110.22 0 45 1.9734e-10
0.76 324.037 110.417 0 45 1.9734e-10
0.761 324.608 110.614 0 45 1.9734e-10
0.762 325.18 110.811 0 45 1.9734e-10
0.763 325.753 111.008 0 45 1.9734e-10
0.764 326.325 111.205 0 45 1.9734e-10
0.765 326.898 111.403 0 45 1.9734e-10
0.766 327.471 111.6 0 45 1.9734e-10
0.767 328.044 111.798 0 45 1.9734e-10
0.768 328.618 111.995 0 45 1.9734e-10
0.769 329.192 112.193 0 45 1.9734e-10
0.77 329.766 112.391 0 45 1.9734e-10
0.771 330.34 112.588 0 45 1.9734e-10
0.772 330.915 112.786 0 45 1.9734e-10
0.773 331.49 112.984 0 45 1.9734e-10
0.774 332.065 113.183 0 45 1.9734e-10
0.775 332.64 113.381 0 45 1.9734e-10
0.776 333.216 113.579 0 45 1.9734e-10
0.777 333.792 113.778 0 45 1.9734e-10
0.778 334.368 113.976 0 45 1.9734e-10
0.779 334.944 114.175 0 45 1.9734e-10
0.78 335.521 114.373 0 45 1.9734e-10
0.781 336.098 114.572 0 45 1.9734e-10
0.782 336.675 114.771 0 45 1.9734e-10
0.783 337.253 114.97 0 45 1.9734e-10
0.784 337.83 115.169 0 45 1.9734e-10
0.785 338.408 115.368 0 45 1.9734e-10
0.786 338.986 115.568 0 45 1.9734e-10
0.787 339.565 115.767 0 45 1.9734e-10
0.788 340.143 115.967 0 45 1.9734e-10
0.789 340.722 116.166 0 45 1.9734e-10
0.79 341.302 116.366 0 45 1.9734e-10
0.791 341.881 116.565 0 45 1.9734e-10
0.792 342.461 116.765 0 45 1.9734e-10
0.793 343.041 116.965 0 45 1.9734e-10
0.794 343.621 117.165 0 45 1.9734e-10
0.795 344.201 117.365 0 45 1.9734e-10
0.796 344.782 117.566 0 45 1.9734e-10
0.797 345.363 117.766 0 45 1.9734e-10
0.798 345.944 117.966 0 45 1.9734e-10
0.799 346.526 118.167 0 45 1.9734e-10
0.8 347.107 118.367 0 45 1.9734e-10
0.801 347.689 118.568 0 45 1.9734e-10
0.802 348.272 118.769 0 45 1.9734e-10
0.803 348.854 118.969 0 45 1.9734e-10
0.804 349.437 119.17 0 45 1.9734e-10
0.805 350.02 119.371 0 45 1.9734e-10
0.806 350.603 119.573 0 45 1.9734e-10
0.807 351.187 119.774 0 45 1.9734e-10
0.808 351.77 119.975 0 45 1.9734e-10
0.809 352.354 120.176 0 45 1.9734e-10
0.81 352.938 120.378 0 45 1.9734e-10
0.811 353.523 120.579 0 45 1.9734e-10
0.812 354.108 120.781 0 45 1.9734e-10
0.813 354.693 120.983 0 45 1.9734e-10
0.814 355.278 121.185 0 45 1.9734e-10
0.815 355.863 121.387 0 45 1.9734e-10
0.816 356.449 121.589 0 45 1.9734e-10
0.817 357.035 121.791 0 45 1.9734e-10
0.818 357.621 121.993 0 45 1.9734e-10
0.819 358.208 122.195 0 45 1.9734e-10
0.82 358.794 122.398 0 45 1.9734e-10
0.821 359.381 122.6 0 45 1.9734e-10
0.822 359.968 122.803 0 45 1.9734e-10
0.823 360.556 123.005 0 45 1.9734e-10
0.824 361.143 123.208 0 45 1.9734e-10
0.825 361.731 123.411 0 45 1.9734e-10
0.826 362.32 123.614 0 45 1.9734e-10
0.827 362.908 123.817 0 45 1.9734e-10
0.828 363.497 124.02 0 45 1.9734e-10
0.829 364.086 124.223 0 45 1.9734e-10
0.83 364.675 124.427 0 45 1.9734e-10
0.831 365.264 124.63 0 45 1.9734e-10
0.832 365.854 124.833 0 45 1.9734e-10
0.833 366.444 125.037 0 45 1.9734e-10
0.834 367.034 125.241 0 45 1.9734e-10
0.835 367.624 125.444 0 45 1.9734e-10
0.836 368.215 125.648 0 45 1.9734e-10
0.837 368.806 125.852 0 45 1.9734e-10
0.838 369.397 126.056 0 45 1.9734e-10
0.839 369.988 126.26 0 45 1.9734e-10
0.84 370.58 126.464 0 45 1.9734e-10
0.841 371.172 126.669 0 45 1.9734e-10
0.842 371.764 126.873 0 45 1.9734e-10
0.843 372.356 127.078 0 45 1.9734e-10
0.844 372.949 127.282 0 45 1.9734e-10
0.845 373.541 127.487 0 45 1.9734e-10
0.846 374.134 127.691 0 45 1.9734e-10
0.847 374.728 127.896 0 45 1.9734e-10
0.848 375.321 128.101 0 45 1.9734e-10
0.849 375.915 128.306 0 45 1.9734e-10
0.85 376.509 128.511 0 45 1.9734e-10
0.851 377.103 128.716 0 45 1.9734e-10
0.852 377.698 128.922 0 45 1.9734e-10
0.853 378.293 129.127 0 45 1.9734e-10
0.854 378.888 129.332 0 45 1.9734e-10
0.855 379.483 129.538 0 45 1.9734e-10
0.856 380.078 129.744 0 45 1.9734e-10
0.857 380.674 129.949 0 45 1.9734e-10
0.858 381.27 130.155 0 45 1.9734e-10
0.859 381.866 130.361 0 45 1.9734e-10
0.86 382.463 130.567 0 45 1.9734e-10
0.861 383.059 130.773 0 45 1.9734e-10
0.862 383.656 130.979 0 45 1.9734e-10
0.863 384.253 131.185 0 45 1.9734e-10
0.864 384.851 131.392 0 45 1.9734e-10
0.865 385.448 131.598 0 45 1.9734e-10
0.866 386.046 131.805 0 45 1.9734e-10
0.867 386.644 132.011 0 45 1.9734e-10
0.868 387.243 132.218 0 45 1.9734e-10
0.869 387.841 132.425 0 45 1.9734e-10
0.87 388.44 132.631 0 45 1.9734e-10
0.871 389.039 132.838 0 45 1.9734e-10
0.872 389.638 133.045 0 45 1.9734e-10
0.873 390.238 133.252 0 45 1.9734e-10
0.874 390.838 133.46 0 45 1.9734e-10
0.875 391.438 133.667 0 45 1.9734e-10
0.876 392.038 133.874 0 45 1.9734e-10
0.877 392.638 134.082 0 45 1.9734e-10
0.878 393.239 134.289 0 45 1.9734e-10
0.879 393.84 134.497 0 45 1.9734e-10
0.88 394.441 134.705 0 45 1.9734e-10
0.881 395.043 134.912 0 45 1.9734e-10
0.882 395.644 135.12 0 45 1.9734e-10
0.883 396.246 135.328 0 45 1.9734e-10
0.884 396.848 135.536 0 45 1.9734e-10
0.885 397.451 135.745 0 45 1.9734e-10
0.886 398.053 135.953 0 45 1.9734e-10
0.887 398.656 136.161 0 45 1.9734e-10
0.888 399.259 136.37 0 45 1.9734e-10
0.889 399.862 136.578 0 45 1.9734e-10
0.89 400.466 136.787 0 45 1.9734e-10
0.891 401.07 136.995 0 45 1.9734e-10
0.892 401.674 137.204 0 45 1.9734e-10
0.893 402.278 137.413 0 45 1.9734e-10
0.894 402.882 137.622 0 45 1.9734e-10
0.895 403.487 137.831 0 45 1.9734e-10
0.896 404.092 138.04 0 45 1.9734e-10
0.897 404.697 138.249 0 45 1.9734e-10
0.898 405.303 138.458 0 45 1.9734e-10
0.899 405.908 138.668 0 45 1.9734e-10
0.9 406.514 138.877 0 45 1.9734e-10
0.901 407.12 139.087 0 45 1.9734e-10
0.902 407.727 139.296 0 45 1.9734e-10
0.903 408.333 139.506 0 45 1.9734e-10
0.904 408.94 139.716 0 45 1.9734e-10
0.905 409.547 139.926 0 45 1.9734e-10
0.906 410.154 140.136 0 45 1.9734e-10
0.907 410.762 140.346 0 45 1.9734e-10
0.908 411.37 140.556 0 45 1.9734e-10
0.909 411.977 140.766 0 45 1.9734e-10
0.91 412.586 140.976 0 45 1.9734e-10
0.911 413.194 141.187 0 45 1.9734e-10
0.912 413.803 141.397 0 45 1.9734e-10
0.913 414.412 141.608 0 45 1.9734e-10
0.914 415.021 141.819 0 45 1.9734e-10
0.915 415.63 142.029 0 45 1.9734e-10
0.916 416.24 142.24 0 45 1.9734e-10
0.917 416.85 142.451 0 45 1.9734e-10
0.918 417.46 142.662 0 45 1.9734e-10
0.919 418.07 142.873 0 45 1.9734e-10
0.92 418.68 143.084 0 45 1.9734e-10
0.921 419.291 143.295 0 45 1.9734e-10
0.922 419.902 143.507 0 45 1.9734e-10
0.923 420.513 143.718 0 45 1.9734e-10
0.924 421.125 143.93 0 45 1.9734e-10
0.925 421.736 144.141 0 45 1.9734e-10
0.926 422.348 144.353 0 45 1.9734e-10
0.927 422.96 144.565 0 45 1.9734e-10
0.928 423.573 144.777 0 45 1.9734e-10
0.929 424.185 144.988 0 45 1.9734e-10
0.93 424.798 145.2 0 45 1.9734e-10
0.931 425.411 145.413 0 45 1.9734e-10
0.932 426.024 145.625 0 45 1.9734e-10
0.933 426.638 145.837 0 45 1.9734e-10
0.934 427.251 146.049 0 45 1.9734e-10
0.935 427.865 146.262 0 45 1.9734e-10
0.936 428.479 146.474 0 45 1.9734e-10
0.937 429.094 146.687 0 45 1.9734e-10
0.938 429.708 146.899 0 45 1.9734e-10
0.939 430.323 147.112 0 45 1.9734e-10
0.94 430.938 147.325 0 45 1.9734e-10
0.941 431.554 147.538 0 45 1.9734e-10
0.942 432.169 147.751 0 45 1.9734e-10
0.943 432.785 147.964 0 45 1.9734e-10
0.944 433.401 148.177 0 45 1.9734e-10
0.945 434.017 148.391 0 45 1.9734e-10
0.946 434.633 148.604 0 45 1.9734e-10
0.947 435.25 148.817 0 45 1.9734e-10
0.948 435.867 149.031 0 45 1.9734e-10
0.949 436.484 149.244 0 45 1.9734e-10
0.95 437.101 149.458 0 45 1.9734e-10
0.951 437.719 149.672 0 45 1.9734e-10
0.952 438.337 149.886 0 45 1.9734e-10
0.953 438.955 150.1 0 45 1.9734e-10
0.954 439.573 150.314 0 45 1.9734e-10
0.955 440.191 150.528 0 45 1.9734e-10
0.956 440.81 150.742 0 45 1.9734e-10
0.957 441.429 150.956 0 45 1.9734e-10
0.958 442.048 151.171 0 45 1.9734e-10
0.959 442.667 151.385 0 45 1.9734e-10
0.96 443.287 151.599 0 45 1.9734e-10
0.961 443.907 151.814 0 45 1.9734e-10
0.962 444.527 152.029 0 45 1.9734e-10
0.963 445.147 152.244 0 45 1.9734e-10
0.964 445.767 152.458 0 45 1.9734e-10
0.965 446.388 152.673 0 45 1.9734e-10
0.966 447.009 152.888 0 45 1.9734e-10
0.967 447.63 153.103 0 45 1.9734e-10
0.968 448.251 153.319 0 45 1.9734e-10
0.969 448.873 153.534 0 45 1.9734e-10
0.97 449.495 153.749 0 45 1.9734e-10
0.971 450.117 153.965 0 45 1.9734e-10
0.972 450.739 154.18 0 45 1.9734e-10
0.973 451.361 154.396 0 45 1.9734e-10
0.974 451.984 154.611 0 45 1.9734e-10
0.975 452.607 154.827 0 45 1.9734e-10
0.976 453.23 155.043 0 45 1.9734e-10
0.977 453.853 155.259 0 45 1.9734e-10
0.978 454.477 155.475 0 45 1.9734e-10
0.979 455.101 155.691 0 45 1.9734e-10
0.98 455.725 155.907 0 45 1.9734e-10
0.981 456.349 156.123 0 45 1.9734e-10
0.982 456.973 156.34 0 45 1.9734e-10
0.983 457.598 156.556 0 45 1.9734e-10
0.984 458.223 156.772 0 45 1.9734e-10
0.985 458.848 156.989 0 45 1.9734e-10
0.986 459.473 157.206 0 45 1.9734e-10
0.987 460.099 157.422 0 45 1.9734e-10
0.988 460.725 157.639 0 45 1.9734e-10
0.989 461.351 157.856 0 45 1.9734e-10
0.99 461.977 158.073 0 45 1.9734e-10
0.991 462.603 158.29 0 45 1.9734e-10
0.992 463.23 158.507 0 45 1.9734e-10
0.993 463.857 158.725 0 45 1.9734e-10
0.994 464.484 158.942 0 45 1.9734e-10
0.995 465.111 159.159 0 45 1.9734e-10
0.996 465.739 159.377 0 45 1.9734e-10
0.997 466.367 159.594 0 45 1.9734e-10
0.998 466.994 159.812 0 45 1.9734e-10
0.999 467.623 160.03 0 45 1.9734e-10
1 468.251 160.247 0 45 1.9734e-10
1.001 468.88 160.465 0 45 1.9734e-10
1.002 469.508 160.683 0 45 1.9734e-10
1.003 470.138 160.901 0 45 1.9734e-10
1.004 470.767 161.119 0 45 1.9734e-10
1.005 471.396 161.337 0 45 1.9734e-10
1.006 472.026 161.556 0 45 1.9734e-10
1.007 472.656 161.774 0 45 1.9734e-10
1.008 473.286 161.993 0 45 1.9734e-10
1.009 473.916 162.211 0 45 1.9734e-10
1.01 474.547 162.43 0 45 1.9734e-10
1.011 475.178 162.648 0 45 1.9734e-10
1.012 475.809 162.867 0 45 1.9734e-10
1.013 476.44 163.086 0 45 1.9734e-10
1.014 477.071 163.305 0 45 1.9734e-10
1.015 477.703 163.524 0 45 1.9734e-10
1.016 478.335 163.743 0 45 1.9734e-10
1.017 478.967 163.962 0 45 1.9734e-10
1.018 479.599 164.181 0 45 1.9734e-10
1.019 480.232 164.401 0 45 1.9734e-10
1.02 480.864 164.62 0 45 1.9734e-10
1.021 481.497 164.839 0 45 1.9734e-10
1.022 482.13 165.059 0 45 1.9734e-10
1.023 482.764 165.279 0 45 1.9734e-10
1.024 483.397 165.498 0 45 1.9734e-10
1.025 484.031 165.718 0 45 1.9734e-10
1.026 484.665 165.938 0 45 1.9734e-10
1.027 485.299 166.158 0 45 1.9734e-10
1.028 485.934 166.378 0 45 1.9734e-10
1.029 486.569 166.598 0 45 1.9734e-10
1.03 487.203 166.818 0 45 1.9734e-10
1.031 487.838 167.039 0 45 1.9734e-10
1.032 488.474 167.259 0 45 1.9734e-10
1.033 489.109 167.479 0 45 1.9734e-10
1.034 489.745 167.7 0 45 1.9734e-10
1.035 490.381 167.92 0 45 1.9734e-10
1.036 491.017 168.141 0 45 1.9734e-10
1.037 491.653 168.362 0 45 1.9734e-10
1.038 492.29 168.583 0 45 1.9734e-10
1.039 492.927 168.804 0 45 1.9734e-10
1.04 493.564 169.025 0 45 1.9734e-10
1.041 494.201 169.246 0 45 1.9734e-10
1.042 494.838 169.467 0 45 1.9734e-10
1.043 495.476 169.688 0 45 1.9734e-10
1.044 496.114 169.909 0 45 1.9734e-10
1.045 496.752 170.131 0 45 1.9734e-10
1.046 497.39 170.352 0 45 1.9734e-10
1.047 498.029 170.574 0 45 1.9734e-10
1.048 498.667 170.795 0 45 1.9734e-10
1.049 499.306 171.017 0 45 1.9734e-10
1.05 499.945 171.239 0 45 1.9734e-10
1.051 500.585 171.461 0 45 1.9734e-10
1.052 501.224 171.683 0 45 1.9734e-10
1.053 501.864 171.905 0 45 1.9734e-10
1.054 502.504 172.127 0 45 1.9734e-10
1.055 503.144 172.349 0 45 1.9734e-10
1.056 503.785 172.571 0 45 1.9734e-10
1.057 504.425 172.794 0 45 1.9734e-10
1.058 505.066 173.016 0 45 1.9734e-10
1.059 505.707 173.238 0 45 1.9734e-10
1.06 506.348 173.461 0 45 1.9734e-10
1.061 506.99 173.684 0 45 1.9734e-10
1.062 507.631 173.906 0 45 1.9734e-10
1.063 508.273 174.129 0 45 1.9734e-10
1.064 508.915 174.352 0 45 1.9734e-10
1.065 509.557 174.575 0 45 1.9734e-10
1.066 510.2 174.798 0 45 1.9734e-10
1.067 510.843 175.021 0 45 1.9734e-10
1.068 511.486 175.244 0 45 1.9734e-10
1.069 512.129 175.468 0 45 1.9734e-10
1.07 512.772 175.691 0 45 1.9734e-10
1.071 513.416 175.914 0 45 1.9734e-10
1.072 514.059 176.138 0 45 1.9734e-10
1.073 514.703 176.361 0 45 1.9734e-10
1.074 515.347 176.585 0 45 1.9734e-10
1.075 515.992 176.809 0 45 1.9734e-10
1.076 516.636 177.033 0 45 1.9734e-10
1.077 517.281 177.257 0 45 1.9734e-10
1.078 517.926 177.481 0 45 1.9734e-10
1.079 518.571 177.705 0 45 1.9734e-10
1.08 519.217 177.929 0 45 1.9734e-10
1.081 519.862 178.153 0 45 1.9734e-10
1.082 520.508 178.377 0 45 1.9734e-10
1.083 521.154 178.602 0 45 1.9734e-10
1.084 521.8 178.826 0 45 1.9734e-10
1.085 522.447 179.05 0 45 1.9734e-10
1.086 523.093 179.275 0 45 1.9734e-10
1.087 523.74 179.5 0 45 1.9734e-10
1.088 524.387 179.724 0 45 1.9734e-10
1.089 525.035 179.949 0 45 1.9734e-10
1.09 525.682 180.174 0 45 1.9734e-10
1.091 526.33 180.399 0 45 1.9734e-10
1.092 526.978 180.624 0 45 1.9734e-10
1.093 527.626 180.849 0 45 1.9734e-10
1.094 528.274 181.075 0 45 1.9734e-10
1.095 528.923 181.3 0 45 1.9734e-10
1.096 529.571 181.525 0 45 1.9734e-10
1.097 530.22 181.751 0 45 1.9734e-10
1.098 530.869 181.976 0 45 1.9734e-10
1.099 531.519 182.202 0 45 1.9734e-10
1.1 532.168 182.427 0 45 1.9734e-10
1.101 532.818 182.653 0 45 1.9734e-10
1.102 533.468 182.879 0 45 1.9734e-10
1.103 534.118 183.105 0 45 1.9734e-10
1.104 534.768 183.331 0 45 1.9734e-10
1.105 535.419 183.557 0 45 1.9734e-10
1.106 536.07 183.783 0 45 1.9734e-10
1.107 536.721 184.009 0 45 1.9734e-10
1.108 537.372 184.235 0 45 1.9734e-10
1.109 538.023 184.462 0 45 1.9734e-10
1.11 538.675 184.688 0 45 1.9734e-10
1.111 539.326 184.915 0 45 1.9734e-10
1.112 539.978 185.141 0 45 1.9734e-10
1.113 540.631 185.368 0 45 1.9734e-10
1.114 541.283 185.595 0 45 1.9734e-10
1.115 541.936 185.822 0 45 1.9734e-10
1.116 542.588 186.048 0 45 1.9734e-10
1.117 543.241 186.275 0 45 1.9734e-10
1.118 543.895 186.502 0 45 1.9734e-10
1.119 544.548 186.73 0 45 1.9734e-10
1.12 545.202 186.957 0 45 1.9734e-10
1.121 545.855 187.184 0 45 1.9734e-10
1.122 546.509 187.411 0 45 1.9734e-10
1.123 547.164 187.639 0 45 1.9734e-10
1.124 547.818 187.866 0 45 1.9734e-10
1.125 548.473 188.094 0 45 1.9734e-10
1.126 549.128 188.321 0 45 1.9734e-10
1.127 549.783 188.549 0 45 1.9734e-10
1.128 550.438 188.777 0 45 1.9734e-10
1.129 551.093 189.005 0 45 1.9734e-10
1.13 551.749 189.233 0 45 1.9734e-10
1.131 552.405 189.461 0 45 1.9734e-10
1.132 553.061 189.689 0 45 1.9734e-10
1.133 553.717 189.917 0 45 1.9734e-10
1.134 554.373 190.145 0 45 1.9734e-10
1.135 555.03 190.374 0 45 1.9734e-10
1.136 555.687 190.602 0 45 1.9734e-10
1.137 556.344 190.831 0 45 1.9734e-10
1.138 557.001 191.059 0 45 1.9734e-10
1.139 557.659 191.288 0 45 1.9734e-10
1.14 558.316 191.516 0 45 1.9734e-10
1.141 558.974 191.745 0 45 1.9734e-10
1.142 559.632 191.974 0 45 1.9734e-10
1.143 560.29 192.203 0 45 1.9734e-10
1.144 560.949 192.432 0 45 1.9734e-10
1.145 561.608 192.661 0 45 1.9734e-10
1.146 562.266 192.89 0 45 1.9734e-10
1.147 562.925 193.12 0 45 1.9734e-10
1.148 563.585 193.349 0 45 1.9734e-10
1.149 564.244 193.578 0 45 1.9734e-10
1.15 564.904 193.808 0 45 1.9734e-10
1.151 565.564 194.037 0 45 1.9734e-10
1.152 566.224 194.267 0 45 1.9734e-10
1.153 566.884 194.496 0 45 1.9734e-10
1.154 567.544 194.726 0 45 1.9734e-10
1.155 568.205 194.956 0 45 1.9734e-10
1.156 568.866 195.186 0 45 1.9734e-10
1.157 569.527 195.416 0 45 1.9734e-10
1.158 570.188 195.646 0 45 1.9734e-10
1.159 570.85 195.876 0 45 1.9734e-10
1.16 571.511 196.106 0 45 1.9734e-10
1.161 572.173 196.337 0 45 1.9734e-10
1.162 572.835 196.567 0 45 1.9734e-10
1.163 573.497 196.797 0 45 1.9734e-10
1.164 574.16 197.028 0 45 1.9734e-10
1.165 574.822 197.258 0 45 1.9734e-10
1.166 575.485 197.489 0 45 1.9734e-10
1.167 576.148 197.72 0 45 1.9734e-10
1.168 576.812 197.951 0 45 1.9734e-10
1.169 577.475 198.181 0 45 1.9734e-10
1.17 578.139 198.412 0 45 1.9734e-10
1.171 578.802 198.643 0 45 1.9734e-10
1.172 579.466 198.875 0 45 1.9734e-10
1.173 580.131 199.106 0 45 1.9734e-10
1.174 580.795 199.337 0 45 1.9734e-10
1.175 581.46 199.568 0 45 1.9734e-10
1.176 582.124 199.8 0 45 1.9734e-10
1.177 582.789 200.031 0 45 1.9734e-10
1.178 583.455 200.263 0 45 1.9734e-10
1.179 584.12 200.494 0 45 1.9734e-10
1.18 584.786 200.726 0 45 1.9734e-10
1.181 585.451 200.958 0 45 1.9734e-10
1.182 586.117 201.19 0 45 1.9734e-10
1.183 586.784 201.421 0 45 1.9734e-10
1.184 587.45 201.653 0 45 1.9734e-10
1.185 588.116 201.886 0 45 1.9734e-10
1.186 588.783 202.118 0 45 1.9734e-10
1.187 589.45 202.35 0 45 1.9734e-10
1.188 590.117 202.582 0 45 1.9734e-10
1.189 590.785 202.814 0 45 1.9734e-10
1.19 591.452 203.047 0 45 1.9734e-10
1.191 592.12 203.279 0 45 1.9734e-10
1.192 592.788 203.512 0 45 1.9734e-10
1.193 593.456 203.745 0 45 1.9734e-10
1.194 594.124 203.977 0 45 1.9734e-10
1.195 594.793 204.21 0 45 1.9734e-10
1.196 595.462 204.443 0 45 1.9734e-10
1.197 596.131 204.676 0 45 1.9734e-10
1.198 596.8 204.909 0 45 1.9734e-10
1.199 597.469 205.142 0 45 1.9734e-10
1.2 598.138 205.375 0 45 1.9734e-10
1.201 598.808 205.608 0 45 1.9734e-10
1.202 599.478 205.842 0 45 1.9734e-10
1.203 600.148 206.075 0 45 1.9734e-10
1.204 600.818 206.308 0 45 1.9734e-10
1.205 601.489 206.542 0 45 1.9734e-10
1.206 602.16 206.776 0 45 1.9734e-10
1.207 602.83 207.009 0 45 1.9734e-10
1.208 603.501 207.243 0 45 1.9734e-10
1.209 604.173 207.477 0 45 1.9734e-10
1.21 604.844 207.711 0 45 1.9734e-10
1.211 605.516 207.945 0 45 1.9734e-10
1.212 606.188 208.179 0 45 1.9734e-10
1.213 606.86 208.413 0 45 1.9734e-10
1.214 607.532 208.647 0 45 1.9734e-10
1.215 608.204 208.881 0 45 1.9734e-10
1.216 608.877 209.116 0 45 1.9734e-10
1.217 609.55 209.35 0 45 1.9734e-10
1.218 610.223 209.584 0 45 1.9734e-10
1.219 610.896 209.819 0 45 1.9734e-10
1.22 611.569 210.054 0 45 1.9734e-10
1.221 612.243 210.288 0 45 1.9734e-10
1.222 612.916 210.523 0 45 1.9734e-10
1.223 613.59 210.758 0 45 1.9734e-10
1.224 614.264 210.993 0 45 1.9734e-10
1.225 614.939 211.228 0 45 1.9734e-10
1.226 615.613 211.463 0 45 1.9734e-10
1.227 616.288 211.698 0 45 1.9734e-10
1.228 616.963 211.933 0 45 1.9734e-10
1.229 617.638 212.168 0 45 1.9734e-10
1.23 618.313 212.404 0 45 1.9734e-10
1.231 618.989 212.639 0 45 1.9734e-10
1.232 619.664 212.874 0 45 1.9734e-10
1.233 620.34 213.11 0 45 1.9734e-10
1.234 621.016 213.346 0 45 1.9734e-10
1.235 621.693 213.581 0 45 1.9734e-10
1.236 622.369 213.817 0 45 1.9734e-10
1.237 623.046 214.053 0 45 1.9734e-10
1.238 623.722 214.289 0 45 1.9734e-10
1.239 624.399 214.525 0 45 1.9734e-10
1.24 625.077 214.761 0 45 1.9734e-10
1.241 625.754 214.997 0 45 1.9734e-10
1.242 626.432 215.233 0 45 1.9734e-10
1.243 627.109 215.469 0 45 1.9734e-10
1.244 627.787 215.706 0 45 1.9734e-10
1.245 628.465 215.942 0 45 1.9734e-10
1.246 629.144 216.179 0 45 1.9734e-10
1.247 629.822 216.415 0 45 1.9734e-10
1.248 630.501 216.652 0 45 1.9734e-10
1.249 631.18 216.889 0 45 1.9734e-10
1.25 631.859 217.125 0 45 1.9734e-10
1.251 632.538 217.362 0 45 1.9734e-10
1.252 633.218 217.599 0 45 1.9734e-10
1.253 633.897 217.836 0 45 1.9734e-10
1.254 634.577 218.073 0 45 1.9734e-10
1.255 635.257 218.31 0 45 1.9734e-10
1.256 635.938 218.547 0 45 1.9734e-10
1.257 636.618 218.785 0 45 1.9734e-10
1.258 637.299 219.022 0 45 1.9734e-10
1.259 637.979 219.259 0 45 1.9734e-10
1.26 638.66 219.497 0 45 1.9734e-10
1.261 639.342 219.735 0 45 1.9734e-10
1.262 640.023 219.972 0 45 1.9734e-10
1.263 640.704 220.21 0 45 1.9734e-10
1.264 641.386 220.448 0 45 1.9734e-10
1.265 642.068 220.685 0 45 1.9734e-10
1.266 642.75 220.923 0 45 1.9734e-10
1.267 643.433 221.161 0 45 1.9734e-10
1.268 644.115 221.399 0 45 1.9734e-10
1.269 644.798 221.638 0 45 1.9734e-10
1.27 645.481 221.876 0 45 1.9734e-10
1.271 646.164 222.114 0 45 1.9734e-10
1.272 646.847 222.352 0 45 1.9734e-10
1.273 647.53 222.591 0 45 1.9734e-10
1.274 648.214 222.829 0 45 1.9734e-10
1.275 648.898 223.068 0 45 1.9734e-10
1.276 649.582 223.306 0 45 1.9734e-10
1.277 650.266 223.545 0 45 1.9734e-10
1.278 650.95 223.784 0 45 1.9734e-10
1.279 651.635 224.023 0 45 1.9734e-10
1.28 652.32 224.262 0 45 1.9734e-10
1.281 653.004 224.5 0 45 1.9734e-10
1.282 653.69 224.74 0 45 1.9734e-10
1.283 654.375 224.979 0 45 1.9734e-10
1.284 655.06 225.218 0 45 1.9734e-10
1.285 655.746 225.457 0 45 1.9734e-10
1.286 656.432 225.696 0 45 1.9734e-10
1.287 657.118 225.936 0 45 1.9734e-10
1.288 657.804 226.175 0 45 1.9734e-10
1.289 658.491 226.415 0 45 1.9734e-10
1.29 659.177 226.654 0 45 1.9734e-10
1.291 659.864 226.894 0 45 1.9734e-10
1.292 660.551 227.134 0 45 1.9734e-10
1.293 661.238 227.374 0 45 1.9734e-10
1.294 661.925 227.614 0 45 1.9734e-10
1.295 662.613 227.853 0 45 1.9734e-10
1.296 663.301 228.094 0 45 1.9734e-10
1.297 663.989 228.334 0 45 1.9734e-10
1.298 664.677 228.574 0 45 1.9734e-10
1.299 665.365 228.814 0 45 1.9734e-10
1.3 666.053 229.054 0 45 1.9734e-10
1.301 666.742 229.295 0 45 1.9734e-10
1.302 667.431 229.535 0 45 1.9734e-10
1.303 668.12 229.776 0 45 1.9734e-10
1.304 668.809 230.016 0 45 1.9734e-10
1.305 669.498 230.257 0 45 1.9734e-10
1.306 670.188 230.498 0 45 1.9734e-10
1.307 670.878 230.738 0 45 1.9734e-10
1.308 671.568 230.979 0 45 1.9734e-10
1.309 672.258 231.22 0 45 1.9734e-10
1.31 672.948 231.461 0 45 1.9734e-10
1.311 673.638 231.702 0 45 1.9734e-10
1.312 674.329 231.943 0 45 1.9734e-10
1.313 675.02 232.185 0 45 1.9734e-10
1.314 675.711 232.426 0 45 1.9734e-10
1.315 676.402 232.667 0 45 1.9734e-10
1.316 677.094 232.909 0 45 1.9734e-10
1.317 677.785 233.15 0 45 1.9734e-10
1.318 678.477 233.392 0 45 1.9734e-10
1.319 679.169 233.633 0 45 1.9734e-10
1.32 679.861 233.875 0 45 1.9734e-10
1.321 680.553 234.117 0 45 1.9734e-10
1.322 681.246 234.359 0 45 1.9734e-10
1.323 681.939 234.601 0 45 1.9734e-10
1.324 682.631 234.843 0 45 1.9734e-10
1.325 683.324 235.085 0 45 1.9734e-10
1.326 684.018 235.327 0 45 1.9734e-10
1.327 684.711 235.569 0 45 1.9734e-10
1.328 685.405 235.811 0 45 1.9734e-10
1.329 686.098 236.053 0 45 1.9734e-10
1.33 686.792 236.296 0 45 1.9734e-10
1.331 687.487 236.538 0 45 1.9734e-10
1.332 688.181 236.781 0 45 1.9734e-10
1.333 688.875 237.023 0 45 1.9734e-10
1.334 689.57 237.266 0 45 1.9734e-10
1.335 690.265 237.509 0 45 1.9734e-10
1.336 690.96 237.752 0 45 1.9734e-10
1.337 691.655 237.995 0 45 1.9734e-10
1.338 692.351 238.237 0 45 1.9734e-10
1.339 693.046 238.48 0 45 1.9734e-10
1.34 693.742 238.724 0 45 1.9734e-10
1.341 694.438 238.967 0 45 1.9734e-10
1.342 695.134 239.21 0 45 1.9734e-10
1.343 695.83 239.453 0 45 1.9734e-10
1.344 696.527 239.697 0 45 1.9734e-10
1.345 697.224 239.94 0 45 1.9734e-10
1.346 697.921 240.183 0 45 1.9734e-10
1.347 698.618 240.427 0 45 1.9734e-10
1.348 699.315 240.671 0 45 1.9734e-10
1.349 700.012 240.914 0 45 1.9734e-10
1.35 700.71 241.158 0 45 1.9734e-10
1.351 701.408 241.402 0 45 1.9734e-10
1.352 702.106 241.646 0 45 1.9734e-10
1.353 702.804 241.89 0 45 1.9734e-10
1.354 703.502 242.134 0 45 1.9734e-10
1.355 704.2 242.378 0 45 1.9734e-10
1.356 704.899 242.622 0 45 1.9734e-10
1.357 705.598 242.866 0 45 1.9734e-10
1.358 706.297 243.111 0 45 1.9734e-10
1.359 706.996 243.355 0 45 1.9734e-10
1.36 707.696 243.6 0 45 1.9734e-10
1.361 708.395 243.844 0 45 1.9734e-10
1.362 709.095 244.089 0 45 1.9734e-10
1.363 709.795 244.333 0 45 1.9734e-10
1.364 710.495 244.578 0 45 1.9734e-10
1.365 711.195 244.823 0 45 1.9734e-10
1.366 711.896 245.068 0 45 1.9734e-10
1.367 712.596 245.313 0 45 1.9734e-10
1.368 713.297 245.558 0 45 1.9734e-10
1.369 713.998 245.803 0 45 1.9734e-10
1.37 714.699 246.048 0 45 1.9734e-10
1.371 715.401 246.293 0 45 1.9734e-10
1.372 716.102 246.538 0 45 1.9734e-10
1.373 716.804 246.784 0 45 1.9734e-10
1.374 717.506 247.029 0 45 1.9734e-10
1.375 718.208 247.275 0 45 1.9734e-10
1.376 718.91 247.52 0 45 1.9734e-10
1.377 719.613 247.766 0 45 1.9734e-10
1.378 720.315 248.011 0 45 1.9734e-10
1.379 721.018 248.257 0 45 1.9734e-10
1.38 721.721 248.503 0 45 1.9734e-10
1.381 722.424 248.749 0 45 1.9734e-10
1.382 723.128 248.995 0 45 1.9734e-10
1.383 723.831 249.241 0 45 1.9734e-10
1.384 724.535 249.487 0 45 1.9734e-10
1.385 725.239 249.733 0 45 1.9734e-10
1.386 725.943 249.979 0 45 1.9734e-10
1.387 726.647 250.225 0 45 1.9734e-10
1.388 727.351 250.472 0 45 1.9734e-10
1.389 728.056 250.718 0 45 1.9734e-10
1.39 728.761 250.965 0 45 1.9734e-10
1.391 729.466 251.211 0 45 1.9734e-10
1.392 730.171 251.458 0 45 1.9734e-10
1.393 730.876 251.705 0 45 1.9734e-10
1.394 731.581 251.951 0 45 1.9734e-10
1.395 732.287 252.198 0 45 1.9734e-10
1.396 732.993 252.445 0 45 1.9734e-10
1.397 733.699 252.692 0 45 1.9734e-10
1.398 734.405 252.939 0 45 1.9734e-10
1.399 735.111 253.186 0 45 1.9734e-10
1.4 735.818 253.433 0 45 1.9734e-10
1.401 736.525 253.681 0 45 1.9734e-10
1.402 737.231 253.928 0 45 1.9734e-10
1.403 737.938 254.175 0 45 1.9734e-10
1.404 738.646 254.423 0 45 1.9734e-10
1.405 739.353 254.67 0 45 1.9734e-10
1.406 740.061 254.918 0 45 1.9734e-10
1.407 740.768 255.165 0 45 1.9734e-10
1.408 741.476 255.413 0 45 1.9734e-10
1.409 742.184 255.661 0 45 1.9734e-10
1.41 742.893 255.909 0 45 1.9734e-10
1.411 743.601 256.157 0 45 1.9734e-10
1.412 744.31 256.404 0 45 1.9734e-10
1.413 745.019 256.653 0 45 1.9734e-10
1.414 745.728 256.901 0 45 1.9734e-10
1.415 746.437 257.149 0 45 1.9734e-10
1.416 747.146 257.397 0 45 1.9734e-10
1.417 747.856 257.645 0 45 1.9734e-10
1.418 748.565 257.894 0 45 1.9734e-10
1.419 749.275 258.142 0 45 1.9734e-10
1.42 749.985 258.391 0 45 1.9734e-10
1.421 750.695 258.639 0 45 1.9734e-10
1.422 751.406 258.888 0 45 1.9734e-10
1.423 752.116 259.137 0 45 1.9734e-10
1.424 752.827 259.385 0 45 1.9734e-10
1.425 753.538 259.634 0 45 1.9734e-10
1.426 754.249 259.883 0 45 1.9734e-10
1.427 754.96 260.132 0 45 1.9734e-10
1.428 755.672 260.381 0 45 1.9734e-10
1.429 756.383 260.63 0 45 1.9734e-10
1.43 757.095 260.879 0 45 1.9734e-10
1.431 757.807 261.128 0 45 1.9734e-10
1.432 758.519 261.378 0 45 1.9734e-10
1.433 759.232 261.627 0 45 1.9734e-10
1.434 759.944 261.877 0 45 1.9734e-10
1.435 760.657 262.126 0 45 1.9734e-10
1.436 761.37 262.376 0 45 1.9734e-10
1.437 762.083 262.625 0 45 1.9734e-10
1.438 762.796 262.875 0 45 1.9734e-10
1.439 763.509 263.125 0 45 1.9734e-10
1.44 764.223 263.375 0 45 1.9734e-10
1.441 764.936 263.624 0 45 1.9734e-10
1.442 765.65 263.874 0 45 1.9734e-10
1.443 766.364 264.124 0 45 1.9734e-10
1.444 767.078 264.375 0 45 1.9734e-10
1.445 767.793 264.625 0 45 1.9734e-10
1.446 768.507 264.875 0 45 1.9734e-10
1.447 769.222 265.125 0 45 1.9734e-10
1.448 769.937 265.376 0 45 1.9734e-10
1.449 770.652 265.626 0 45 1.9734e-10
1.45 771.367 265.876 0 45 1.9734e-10
1.451 772.083 266.127 0 45 1.9734e-10
1.452 772.798 266.378 0 45 1.9734e-10
1.453 773.514 266.628 0 45 1.9734e-10
1.454 774.23 266.879 0 45 1.9734e-10
1.455 774.946 267.13 0 45 1.9734e-10
1.456 775.663 267.381 0 45 1.9734e-10
1.457 776.379 267.632 0 45 1.9734e-10
1.458 777.096 267.883 0 45 1.9734e-10
1.459 777.812 268.134 0 45 1.9734e-10
1.46 778.529 268.385 0 45 1.9734e-10
1.461 779.247 268.636 0 45 1.9734e-10
1.462 779.964 268.887 0 45 1.9734e-10
1.463 780.681 269.139 0 45 1.9734e-10
1.464 781.399 269.39 0 45 1.9734e-10
1.465 782.117 269.642 0 45 1.9734e-10
1.466 782.835 269.893 0 45 1.9734e-10
1.467 783.553 270.145 0 45 1.9734e-10
1.468 784.271 270.397 0 45 1.9734e-10
1.469 784.99 270.648 0 45 1.9734e-10
1.47 785.709 270.9 0 45 1.9734e-10
1.471 786.427 271.152 0 45 1.9734e-10
1.472 787.147 271.404 0 45 1.9734e-10
1.473 787.866 271.656 0 45 1.9734e-10
1.474 788.585 271.908 0 45 1.9734e-10
1.475 789.305 272.16 0 45 1.9734e-10
1.476 790.024 272.412 0 45 1.9734e-10
1.477 790.744 272.665 0 45 1.9734e-10
1.478 791.464 272.917 0 45 1.9734e-10
1.479 792.185 273.169 0 45 1.9734e-10
1.48 792.905 273.422 0 45 1.9734e-10
1.481 793.626 273.674 0 45 1.9734e-10
1.482 794.346 273.927 0 45 1.9734e-10
1.483 795.067 274.179 0 45 1.9734e-10
1.484 795.788 274.432 0 45 1.9734e-10
1.485 796.51 274.685 0 45 1.9734e-10
1.486 797.231 274.938 0 45 1.9734e-10
1.487 797.953 275.191 0 45 1.9734e-10
1.488 798.674 275.444 0 45 1.9734e-10
1.489 799.396 275.697 0 45 1.9734e-10
1.49 800.118 275.95 0 45 1.9734e-10
1.491 800.841 276.203 0 45 1.9734e-10
1.492 801.563 276.456 0 45 1.9734e-10
1.493 802.286 276.71 0 45 1.9734e-10
1.494 803.009 276.963 0 45 1.9734e-10
1.495 803.732 277.216 0 45 1.9734e-10
1.496 804.455 277.47 0 45 1.9734e-10
1.497 805.178 277.723 0 45 1.9734e-10
1.498 805.901 277.977 0 45 1.9734e-10
1.499 806.625 278.231 0 45 1.9734e-10
1.5 807.349 278.484 0 45 1.9734e-10
1.501 808.073 278.738 0 45 1.9734e-10
1.502 808.797 278.992 0 45 1.9734e-10
1.503 809.521 279.246 0 45 1.9734e-10
1.504 810.246 279.5 0 45 1.9734e-10
1.505 810.97 279.754 0 45 1.9734e-10
1.506 811.695 280.008 0 45 1.9734e-10
1.507 812.42 280.263 0 45 1.9734e-10
1.508 813.145 280.517 0 45 1.9734e-10
1.509 813.871 280.771 0 45 1.9734e-10
1.51 814.596 281.026 0 45 1.9734e-10
1.511 815.322 281.28 0 45 1.9734e-10
1.512 816.048 281.535 0 45 1.9734e-10
1.513 816.774 281.789 0 45 1.9734e-10
1.514 817.5 282.044 0 45 1.9734e-10
1.515 818.226 282.299 0 45 1.9734e-10
1.516 818.953 282.553 0 45 1.9734e-10
1.517 819.679 282.808 0 45 1.9734e-10
1.518 820.406 283.063 0 45 1.9734e-10
1.519 821.133 283.318 0 45 1.9734e-10
1.52 821.86 283.573 0 45 1.9734e-10
1.521 822.588 283.828 0 45 1.9734e-10
1.522 823.315 284.083 0 45 1.9734e-10
1.523 824.043 284.339 0 45 1.9734e-10
1.524 824.771 284.594 0 45 1.9734e-10
1.525 825.499 284.849 0 45 1.9734e-10
1.526 826.227 285.105 0 45 1.9734e-10
1.527 826.955 285.36 0 45 1.9734e-10
1.528 827.684 285.616 0 45 1.9734e-10
1.529 828.412 285.871 0 45 1.9734e-10
1.53 829.141 286.127 0 45 1.9734e-10
1.531 829.87 286.383 0 45 1.9734e-10
1.532 830.6 286.639 0 45 1.9734e-10
1.533 831.329 286.895 0 45 1.9734e-10
1.534 832.058 287.15 0 45 1.9734e-10
1.535 832.788 287.406 0 45 1.9734e-10
1.536 833.518 287.663 0 45 1.9734e-10
1.537 834.248 287.919 0 45 1.9734e-10
1.538 834.978 288.175 0 45 1.9734e-10
1.539 835.708 288.431 0 45 1.9734e-10
1.54 836.439 288.687 0 45 1.9734e-10
1.541 837.17 288.944 0 45 1.9734e-10
1.542 837.901 289.2 0 45 1.9734e-10
1.543 838.632 289.457 0 45 1.9734e-10
1.544 839.363 289.713 0 45 1.9734e-10
1.545 840.094 289.97 0 45 1.9734e-10
1.546 840.826 290.227 0 45 1.9734e-10
1.547 841.557 290.484 0 45 1.9734e-10
1.548 842.289 290.74 0 45 1.9734e-10
1.549 843.021 290.997 0 45 1.9734e-10
1.55 843.753 291.254 0 45 1.9734e-10
1.551 844.486 291.511 0 45 1.9734e-10
1.552 845.218 291.768 0 45 1.9734e-10
1.553 845.951 292.025 0 45 1.9734e-10
1.554 846.684 292.283 0 45 1.9734e-10
1.555 847.417 292.54 0 45 1.9734e-10
1.556 848.15 292.797 0 45 1.9734e-10
1.557 848.883 293.055 0 45 1.9734e-10
1.558 849.617 293.312 0 45 1.9734e-10
1.559 850.35 293.57 0 45 1.9734e-10
1.56 851.084 293.827 0 45 1.9734e-10
1.561 851.818 294.085 0 45 1.9734e-10
1.562 852.552 294.343 0 45 1.9734e-10
1.563 853.287 294.601 0 45 1.9734e-10
1.564 854.021 294.858 0 45 1.9734e-10
1.565 854.756 295.116 0 45 1.9734e-10
1.566 855.491 295.374 0 45 1.9734e-10
1.567 856.226 295.632 0 45 1.9734e-10
1.568 856.961 295.89 0 45 1.9734e-10
1.569 857.696 296.149 0 45 1.9734e-10
1.57 858.432 296.407 0 45 1.9734e-10
1.571 859.167 296.665 0 45 1.9734e-10
1.572 859.903 296.923 0 45 1.9734e-10
1.573 860.639 297.182 0 45 1.9734e-10
1.574 861.375 297.44 0 45 1.9734e-10
1.575 862.112 297.699 0 45 1.9734e-10
1.576 862.848 297.958 0 45 1.9734e-10
1.577 863.585 298.216 0 45 1.9734e-10
1.578 864.321 298.475 0 45 1.9734e-10
1.579 865.058 298.734 0 45 1.9734e-10
1.58 865.796 298.993 0 45 1.9734e-10
1.581 866.533 299.252 0 45 1.9734e-10
1.582 867.27 299.511 0 45 1.9734e-10
1.583 868.008 299.77 0 45 1.9734e-10
1.584 868.746 300.029 0 45 1.9734e-10
1.585 869.484 300.288 0 45 1.9734e-10
1.586 870.222 300.547 0 45 1.9734e-10
1.587 870.96 300.806 0 45 1.9734e-10
1.588 871.698 301.066 0 45 1.9734e-10
1.589 872.437 301.325 0 45 1.9734e-10
1.59 873.176 301.585 0 45 1.9734e-10
1.591 873.915 301.844 0 45 1.9734e-10
1.592 874.654 302.104 0 45 1.9734e-10
1.593 875.393 302.364 0 45 1.9734e-10
1.594 876.132 302.623 0 45 1.9734e-10
1.595 876.872 302.883 0 45 1.9734e-10
1.596 877.612 303.143 0 45 1.9734e-10
1.597 878.352 303.403 0 45 1.9734e-10
1.598 879.092 303.663 0 45 1.9734e-10
1.599 879.832 303.923 0 45 1.9734e-10
1.6 880.572 304.183 0 45 1.9734e-10
