0.001 0.93881 0.000417043
0.002 1.87827 0.00104096
0.003 2.81807 0.00168507
0.004 3.75808 0.00229263
0.005 4.69824 0.00284055
0.006 5.6385 0.00332091
0.007 6.57884 0.00373398
0.008 7.51923 0.00408495
0.009 8.45967 0.00438207
0.01 9.40013 0.00463565
0.011 10.3406 0.0048573
0.012 11.2811 0.00505952
0.013 12.2216 0.00525537
0.014 13.1622 0.00545826
0.015 14.1027 0.00568181
0.016 15.0433 0.0059397
0.017 15.9839 0.00624559
0.018 16.9245 0.00661308
0.019 17.8651 0.00705566
0.02 18.8058 0.00758665
0.021 19.7465 0.00821918
0.022 20.6872 0.00896621
0.023 21.6279 0.00984046
0.024 22.5687 0.0108544
0.025 23.5096 0.0120204
0.026 24.4505 0.0133504
0.027 25.3914 0.0148563
0.028 26.3324 0.0165496
0.029 27.2735 0.0184416
0.03 28.2146 0.0205435
0.031 29.1558 0.0228661
0.032 30.0971 0.0254201
0.033 31.0385 0.0282159
0.034 31.9799 0.0312637
0.035 32.9215 0.0345735
0.036 33.8631 0.038155
0.037 34.8049 0.0420178
0.038 35.7468 0.0461713
0.039 36.6887 0.0506247
0.04 37.6308 0.055387
0.041 38.5731 0.0604668
0.042 39.5154 0.0658729
0.043 40.4579 0.0716137
0.044 41.4005 0.0776974
0.045 42.3433 0.0841322
0.046 43.2862 0.0909259
0.047 44.2292 0.0980863
0.048 45.1724 0.105621
0.049 46.1158 0.113538
0.05 47.0593 0.121843
0.051 48.0031 0.130545
0.052 48.9469 0.13965
0.053 49.891 0.149166
0.054 50.8352 0.159098
0.055 51.7797 0.169454
0.056 52.7243 0.18024
0.057 53.6691 0.191462
0.058 54.6142 0.203127
0.059 55.5594 0.215241
0.06 56.5048 0.22781
0.061 57.4505 0.24084
0.062 58.3963 0.254336
0.063 59.3424 0.268305
0.064 60.2887 0.282752
0.065 61.2353 0.297682
0.066 62.1821 0.313101
0.067 63.1291 0.329014
0.068 64.0763 0.345427
0.069 65.0238 0.362345
0.07 65.9716 0.379772
0.071 66.9196 0.397713
0.072 67.8679 0.416175
0.073 68.8164 0.43516
0.074 69.7652 0.454675
0.075 70.7142 0.474724
0.076 71.6635 0.495311
0.077 72.6131 0.51644
0.078 73.563 0.538118
0.079 74.5132 0.560346
0.08 75.4636 0.583131
0.081 76.4143 0.606476
0.082 77.3654 0.630386
0.083 78.3167 0.654864
0.084 79.2683 0.679915
0.085 80.2202 0.705542
0.086 81.1724 0.73175
0.087 82.1249 0.758542
0.088 83.0778 0.785923
0.089 84.0309 0.813896
0.09 84.9844 0.842464
0.091 85.9382 0.871632
0.092 86.8923 0.901404
0.093 87.8468 0.931782
0.094 88.8015 0.96277
0.095 89.7566 0.994372
0.096 90.7121 1.02659
0.097 91.6679 1.05943
0.098 92.624 1.09289
0.099 93.5805 1.12699
0.1 94.5373 1.16171
0.101 95.4944 1.19706
0.102 96.452 1.23306
0.103 97.4098 1.26969
0.104 98.3681 1.30696
0.105 99.3267 1.34489
0.106 100.286 1.38346
0.107 101.245 1.42268
0.108 102.205 1.46256
0.109 103.165 1.5031
0.11 104.125 1.5443
0.111 105.086 1.58616
0.112 106.047 1.6287
0.113 107.009 1.6719
0.114 107.971 1.71577
0.115 108.933 1.76032
0.116 109.896 1.80555
0.117 110.859 1.85146
0.118 111.823 1.89805
0.119 112.786 1.94533
0.12 113.751 1.9933
0.121 114.716 2.04196
0.122 115.681 2.09131
0.123 116.646 2.14136
0.124 117.612 2.19211
0.125 118.579 2.24356
0.126 119.545 2.29572
0.127 120.513 2.3486
0.128 121.482 2.40281
0.129 122.448 2.4548
0.13 123.417 2.5085
0.131 124.385 2.56269
0.132 125.355 2.6174
0.133 126.324 2.67265
0.134 127.295 2.72846
0.135 128.265 2.78485
0.136 129.236 2.84182
0.137 130.207 2.89938
0.138 131.179 2.95754
0.139 132.151 3.01632
0.14 133.124 3.07571
0.141 134.097 3.13572
0.142 135.071 3.19636
0.143 136.045 3.25763
0.144 137.019 3.31953
0.145 137.994 3.38208
0.146 138.969 3.44528
0.147 139.945 3.50913
0.148 140.921 3.57363
0.149 141.897 3.63878
0.15 142.874 3.70461
0.151 143.852 3.77109
0.152 144.829 3.83825
0.153 145.808 3.90607
0.154 146.786 3.97458
0.155 147.766 4.04376
0.156 148.745 4.11362
0.157 149.725 4.18417
0.158 150.706 4.2554
0.159 151.687 4.32733
0.16 152.668 4.39995
0.161 153.65 4.47327
0.162 154.633 4.54729
0.163 155.615 4.622
0.164 156.599 4.69743
0.165 157.583 4.77356
0.166 158.567 4.8504
0.167 159.551 4.92795
0.168 160.537 5.00622
0.169 161.522 5.0852
0.17 162.508 5.16491
0.171 163.495 5.24534
0.172 164.482 5.32649
0.173 165.469 5.40838
0.174 166.457 5.49099
0.175 167.446 5.57433
0.176 168.435 5.65841
0.177 169.424 5.74323
0.178 170.414 5.82879
0.179 171.404 5.91508
0.18 172.395 6.00213
0.181 173.386 6.08992
0.182 174.378 6.17846
0.183 175.371 6.26775
0.184 176.363 6.35779
0.185 177.357 6.44859
0.186 178.351 6.54014
0.187 179.345 6.63246
0.188 180.34 6.72554
0.189 181.335 6.81938
0.19 182.331 6.91399
0.191 183.327 7.00937
0.192 184.324 7.10552
0.193 185.321 7.20245
0.194 186.319 7.30014
0.195 187.317 7.39862
0.196 188.316 7.49788
0.197 189.315 7.59791
0.198 190.315 7.69873
0.199 191.315 7.80034
0.2 192.316 7.90274
0.201 193.317 8.00592
0.202 194.319 8.1099
0.203 195.322 8.21467
0.204 196.325 8.32024
0.205 197.328 8.4266
0.206 198.332 8.53377
0.207 199.336 8.64174
0.208 200.341 8.75051
0.209 201.347 8.86009
0.21 202.353 8.97047
0.211 203.36 9.08167
0.212 204.367 9.19368
0.213 205.374 9.30651
0.214 206.382 9.42015
0.215 207.391 9.53461
0.216 208.4 9.64989
0.217 209.41 9.76599
0.218 210.42 9.88291
0.219 211.431 10.0007
0.22 212.443 10.1192
0.221 213.455 10.2387
0.222 214.467 10.3589
0.223 215.48 10.48
0.224 216.494 10.6019
0.225 217.508 10.7246
0.226 218.522 10.8482
0.227 219.537 10.9727
0.228 220.553 11.0979
0.229 221.569 11.2241
0.23 222.586 11.351
0.231 223.604 11.4788
0.232 224.622 11.6075
0.233 225.64 11.737
0.234 226.659 11.8674
0.235 227.679 11.9986
0.236 228.699 12.1307
0.237 229.72 12.2637
0.238 230.741 12.3975
0.239 231.763 12.5322
0.24 232.785 12.6677
0.241 233.808 12.8041
0.242 234.832 12.9414
0.243 235.856 13.0796
0.244 236.881 13.2186
0.245 237.906 13.3585
0.246 238.932 13.4993
0.247 239.958 13.6409
0.248 240.985 13.7835
0.249 242.013 13.9269
0.25 243.041 14.0712
0.251 244.07 14.2164
0.252 245.099 14.3624
0.253 246.129 14.5094
0.254 247.16 14.6573
0.255 248.191 14.806
0.256 249.222 14.9557
0.257 250.255 15.1062
0.258 251.287 15.2577
0.259 252.321 15.41
0.26 253.355 15.5632
0.261 254.389 15.7174
0.262 255.425 15.8724
0.263 256.46 16.0284
0.264 257.497 16.1853
0.265 258.534 16.3431
0.266 259.571 16.5017
0.267 260.609 16.6614
0.268 261.648 16.8219
0.269 262.688 16.9833
0.27 263.728 17.1457
0.271 264.768 17.309
0.272 265.809 17.4732
0.273 266.851 17.6383
0.274 267.893 17.8044
0.275 268.936 17.9713
0.276 269.98 18.1393
0.277 271.024 18.3081
0.278 272.069 18.4779
0.279 273.115 18.6486
0.28 274.161 18.8202
0.281 275.207 18.9928
0.282 276.255 19.1664
0.283 277.302 19.3408
0.284 278.351 19.5162
0.285 279.4 19.6926
0.286 280.45 19.8699
0.287 281.5 20.0481
0.288 282.551 20.2273
0.289 283.603 20.4075
0.29 284.655 20.5886
0.291 285.708 20.7707
0.292 286.762 20.9537
0.293 287.816 21.1377
0.294 288.87 21.3226
0.295 289.926 21.5085
0.296 290.982 21.6954
0.297 292.038 21.8832
0.298 293.096 22.072
0.299 294.154 22.2617
0.3 295.212 22.4525
0.301 296.271 22.6442
0.302 297.603 22.8643
0.303 298.392 22.9841
0.304 299.453 23.1349
0.305 300.514 23.2818
0.306 301.576 23.4261
0.307 302.638 23.5687
0.308 303.701 23.7099
0.309 304.764 23.8501
0.31 305.828 23.9896
0.311 306.892 24.1284
0.312 307.957 24.2668
0.313 309.022 24.4049
0.314 310.087 24.5426
0.315 311.153 24.6803
0.316 312.219 24.8178
0.317 313.286 24.9553
0.318 314.353 25.0927
0.319 315.421 25.2303
0.32 316.489 25.3678
0.321 317.558 25.5056
0.322 318.627 25.6434
0.323 319.696 25.7814
0.324 320.766 25.9196
0.325 321.836 26.0581
0.326 322.907 26.1967
0.327 323.978 26.3357
0.328 325.049 26.4748
0.329 326.121 26.6143
0.33 327.194 26.7541
0.331 328.266 26.8942
0.332 329.34 27.0346
0.333 330.413 27.1754
0.334 331.487 27.3165
0.335 332.562 27.4579
0.336 333.637 27.5998
0.337 334.712 27.742
0.338 335.788 27.8846
0.339 336.864 28.0275
0.34 337.94 28.1709
0.341 339.017 28.3147
0.342 340.095 28.4589
0.343 341.173 28.6036
0.344 342.251 28.7486
0.345 343.33 28.8941
0.346 344.409 29.04
0.347 345.488 29.1864
0.348 346.568 29.3333
0.349 347.649 29.4805
0.35 348.73 29.6283
0.351 349.811 29.7765
0.352 350.892 29.9252
0.353 351.975 30.0743
0.354 353.057 30.2239
0.355 354.14 30.374
0.356 355.223 30.5246
0.357 356.307 30.6757
0.358 357.391 30.8273
0.359 358.476 30.9793
0.36 359.561 31.1319
0.361 360.646 31.285
0.362 361.732 31.4385
0.363 362.819 31.5926
0.364 363.905 31.7472
0.365 364.993 31.9023
0.366 366.08 32.0579
0.367 367.168 32.2141
0.368 368.257 32.3707
0.369 369.346 32.5279
0.37 370.435 32.6856
0.371 371.525 32.8439
0.372 372.615 33.0027
0.373 373.705 33.162
0.374 374.796 33.3218
0.375 375.888 33.4822
0.376 376.98 33.6432
0.377 378.072 33.8046
0.378 379.165 33.9667
0.379 380.258 34.1292
0.38 381.351 34.2924
0.381 382.445 34.4561
0.382 383.54 34.6203
0.383 384.635 34.7851
0.384 385.73 34.9504
0.385 386.826 35.1163
0.386 387.922 35.2828
0.387 389.019 35.4499
0.388 390.116 35.6175
0.389 391.213 35.7856
0.39 392.311 35.9544
0.391 393.409 36.1237
0.392 394.508 36.2936
0.393 395.607 36.464
0.394 396.707 36.6351
0.395 397.807 36.8067
0.396 398.907 36.9789
0.397 400.008 37.1517
0.398 401.11 37.325
0.399 402.212 37.499
0.4 403.314 37.6735
0.401 404.416 37.8486
0.402 405.52 38.0243
0.403 406.623 38.2006
0.404 407.727 38.3775
0.405 408.832 38.555
0.406 409.936 38.7331
0.407 411.042 38.9117
0.408 412.148 39.091
0.409 413.254 39.2709
0.41 414.36 39.4513
0.411 415.467 39.6324
0.412 416.575 39.8141
0.413 417.683 39.9964
0.414 418.791 40.1793
0.415 419.9 40.3627
0.416 421.01 40.5468
0.417 422.119 40.7316
0.418 423.229 40.9169
0.419 424.34 41.1028
0.42 425.451 41.2894
0.421 426.563 41.4765
0.422 427.675 41.6643
0.423 428.787 41.8527
0.424 429.9 42.0417
0.425 431.013 42.2313
0.426 432.127 42.4216
0.427 433.241 42.6125
0.428 434.356 42.8039
0.429 435.471 42.9961
0.43 436.586 43.1888
0.431 437.702 43.3822
0.432 438.819 43.5762
0.433 439.936 43.7708
0.434 441.053 43.9661
0.435 442.171 44.1619
0.436 443.289 44.3585
0.437 444.408 44.5556
0.438 445.527 44.7534
0.439 446.646 44.9518
0.44 447.766 45.1509
0.441 448.887 45.3506
0.442 450.008 45.5509
0.443 451.129 45.7519
0.444 452.251 45.9535
0.445 453.373 46.1557
0.446 454.496 46.3586
0.447 455.619 46.5621
0.448 456.743 46.7663
0.449 457.867 46.9712
0.45 458.992 47.1766
0.451 460.117 47.3827
0.452 461.242 47.5895
0.453 462.368 47.7969
0.454 463.495 48.005
0.455 464.622 48.2137
0.456 465.749 48.4231
0.457 466.877 48.6331
0.458 468.005 48.8438
0.459 469.134 49.0551
0.46 470.263 49.2671
0.461 471.393 49.4797
0.462 472.523 49.693
0.463 473.653 49.907
0.464 474.784 50.1216
0.465 475.916 50.3369
0.466 477.048 50.5528
0.467 478.18 50.7694
0.468 479.313 50.9867
0.469 480.446 51.2046
0.47 481.58 51.4232
0.471 482.714 51.6425
0.472 483.849 51.8624
0.473 484.984 52.083
0.474 486.12 52.3042
0.475 487.256 52.5262
0.476 488.393 52.7488
0.477 489.53 52.972
0.478 490.667 53.196
0.479 491.81 53.4209
0.48 492.944 53.6403
0.481 494.083 53.8578
0.482 495.222 54.0739
0.483 496.362 54.289
0.484 497.502 54.5034
0.485 498.643 54.7171
0.486 499.784 54.9304
0.487 500.926 55.1433
0.488 502.068 55.3559
0.489 503.21 55.5682
0.49 504.353 55.7804
0.491 505.497 55.9925
0.492 506.641 56.2044
0.493 507.785 56.4163
0.494 508.929 56.6281
0.495 510.074 56.8399
0.496 511.22 57.0518
0.497 512.366 57.2637
0.498 513.512 57.4756
0.499 514.659 57.6876
0.5 515.806 57.8997
0.501 516.954 58.112
0.502 518.102 58.3243
0.503 519.25 58.5368
0.504 520.399 58.7494
0.505 521.549 58.9622
0.506 522.698 59.1751
0.507 523.848 59.3883
0.508 524.999 59.6016
0.509 526.15 59.8151
0.51 527.301 60.0288
0.511 528.453 60.2428
0.512 529.606 60.457
0.513 530.758 60.6714
0.514 531.911 60.886
0.515 533.065 61.1009
0.516 534.219 61.316
0.517 535.373 61.5314
0.518 536.528 61.747
0.519 537.683 61.963
0.52 538.839 62.1791
0.521 539.995 62.3956
0.522 541.151 62.6124
0.523 542.308 62.8294
0.524 543.465 63.0467
0.525 544.623 63.2643
0.526 545.781 63.4822
0.527 546.939 63.7005
0.528 548.098 63.919
0.529 549.258 64.1378
0.53 550.417 64.357
0.531 551.578 64.5764
0.532 552.738 64.7962
0.533 553.899 65.0164
0.534 555.061 65.2368
0.535 556.222 65.4576
0.536 557.385 65.6787
0.537 558.547 65.9001
0.538 559.71 66.1219
0.539 560.874 66.344
0.54 562.038 66.5665
0.541 563.202 66.7893
0.542 564.367 67.0124
0.543 565.532 67.236
0.544 566.697 67.4598
0.545 567.863 67.684
0.546 569.029 67.9086
0.547 570.196 68.1336
0.548 571.363 68.3589
0.549 572.531 68.5845
0.55 573.699 68.8106
0.551 574.867 69.037
0.552 576.036 69.2637
0.553 577.205 69.4909
0.554 578.375 69.7184
0.555 579.545 69.9463
0.556 580.716 70.1746
0.557 581.886 70.4032
0.558 583.058 70.6322
0.559 584.229 70.8616
0.56 585.402 71.0914
0.561 586.574 71.3216
0.562 587.747 71.5522
0.563 588.92 71.7831
0.564 590.094 72.0145
0.565 591.268 72.2462
0.566 592.443 72.4784
0.567 593.618 72.7109
0.568 594.793 72.9438
0.569 595.969 73.1771
0.57 597.145 73.4108
0.571 598.322 73.6449
0.572 599.499 73.8795
0.573 600.676 74.1144
0.574 601.854 74.3497
0.575 603.032 74.5854
0.576 604.211 74.8215
0.577 605.39 75.0581
0.578 606.57 75.295
0.579 607.749 75.5324
0.58 608.93 75.7701
0.581 610.111 76.0083
0.582 611.292 76.2469
0.583 612.473 76.4859
0.584 613.655 76.7253
0.585 614.838 76.9651
0.586 616.02 77.2054
0.587 617.203 77.446
0.588 618.387 77.6871
0.589 619.571 77.9286
0.59 620.755 78.1705
0.591 621.94 78.4128
0.592 623.126 78.6556
0.593 624.311 78.8988
0.594 625.497 79.1424
0.595 626.684 79.3864
0.596 627.871 79.6309
0.597 629.058 79.8757
0.598 630.246 80.121
0.599 631.434 80.3668
0.6 632.622 80.6129
0.601 633.811 80.8595
0.602 635 81.1065
0.603 636.19 81.354
0.604 637.38 81.6019
0.605 638.571 81.8502
0.606 639.762 82.0989
0.607 640.953 82.3481
0.608 642.145 82.5977
0.609 643.337 82.8478
0.61 644.53 83.0983
0.611 645.723 83.3492
0.612 646.917 83.6005
0.613 648.11 83.8523
0.614 649.305 84.1046
0.615 650.499 84.3572
0.616 651.694 84.6104
0.617 652.89 84.8639
0.618 654.086 85.1179
0.619 655.282 85.3723
0.62 656.479 85.6272
0.621 657.676 85.8825
0.622 658.874 86.1383
0.623 660.072 86.3945
0.624 661.27 86.6512
0.625 662.469 86.9083
0.626 663.668 87.1658
0.627 664.868 87.4238
0.628 666.068 87.6822
0.629 667.268 87.9411
0.63 668.469 88.2005
0.631 669.67 88.4602
0.632 670.872 88.7205
0.633 672.074 88.9812
0.634 673.276 89.2423
0.635 674.479 89.5039
0.636 675.683 89.7659
0.637 676.886 90.0284
0.638 678.091 90.2913
0.639 679.295 90.5547
0.64 680.5 90.8186
0.641 681.706 91.0829
0.642 682.911 91.3476
0.643 684.118 91.6128
0.644 685.324 91.8785
0.645 686.531 92.1446
0.646 687.739 92.4112
0.647 688.947 92.6782
0.648 690.155 92.9457
0.649 691.364 93.2137
0.65 692.573 93.4821
0.651 693.782 93.751
0.652 694.992 94.0203
0.653 696.202 94.2901
0.654 697.413 94.5603
0.655 698.624 94.831
0.656 699.836 95.1022
0.657 701.048 95.3738
0.658 702.26 95.6459
0.659 703.473 95.9184
0.66 704.686 96.1915
0.661 705.9 96.4649
0.662 707.114 96.7389
0.663 708.329 97.0133
0.664 709.544 97.2882
0.665 710.759 97.5635
0.666 711.975 97.8393
0.667 713.191 98.1156
0.668 714.407 98.3923
0.669 715.624 98.6695
0.67 716.842 98.9471
0.671 718.06 99.2253
0.672 719.278 99.5039
0.673 720.496 99.7829
0.674 721.715 100.062
0.675 722.935 100.342
0.676 724.155 100.623
0.677 725.375 100.904
0.678 726.596 101.185
0.679 727.817 101.467
0.68 729.038 101.75
0.681 730.26 102.032
0.682 731.483 102.316
0.683 732.706 102.599
0.684 733.929 102.884
0.685 735.152 103.168
0.686 736.376 103.454
0.687 737.601 103.739
0.688 738.826 104.025
0.689 740.051 104.312
0.69 741.277 104.599
0.691 742.503 104.887
0.692 743.729 105.175
0.693 744.956 105.463
0.694 746.184 105.752
0.695 747.411 106.041
0.696 748.64 106.331
0.697 749.868 106.622
0.698 751.097 106.913
0.699 752.327 107.204
0.7 753.557 107.496
0.701 754.787 107.788
0.702 756.018 108.081
0.703 757.249 108.374
0.704 758.48 108.668
0.705 759.712 108.962
0.706 760.945 109.257
0.707 762.177 109.552
0.708 763.411 109.848
0.709 764.644 110.144
0.71 765.878 110.44
0.711 767.113 110.738
0.712 768.348 111.035
0.713 769.583 111.333
0.714 770.819 111.632
0.715 772.055 111.931
0.716 773.291 112.23
0.717 774.528 112.53
0.718 775.766 112.831
0.719 777.003 113.132
0.72 778.242 113.433
0.721 779.48 113.735
0.722 780.719 114.037
0.723 781.959 114.34
0.724 783.199 114.644
0.725 784.439 114.947
0.726 785.68 115.252
0.727 786.921 115.557
0.728 788.163 115.862
0.729 789.405 116.168
0.73 790.647 116.474
0.731 791.89 116.781
0.732 793.133 117.088
0.733 794.377 117.396
0.734 795.621 117.704
0.735 796.865 118.013
0.736 798.11 118.322
0.737 799.356 118.631
0.738 800.601 118.942
0.739 801.848 119.252
0.74 803.094 119.563
0.741 804.341 119.875
0.742 805.589 120.187
0.743 806.837 120.5
0.744 808.085 120.813
0.745 809.334 121.126
0.746 810.583 121.441
0.747 811.832 121.755
0.748 813.082 122.07
0.749 814.333 122.386
0.75 815.584 122.702
0.751 816.835 123.018
0.752 818.087 123.335
0.753 819.339 123.653
0.754 820.591 123.971
0.755 821.844 124.289
0.756 823.098 124.608
0.757 824.351 124.928
0.758 825.606 125.248
0.759 826.86 125.568
0.76 828.115 125.889
0.761 829.371 126.211
0.762 830.627 126.532
0.763 831.883 126.855
0.764 833.14 127.178
0.765 834.397 127.501
0.766 835.655 127.825
0.767 836.913 128.15
0.768 838.171 128.474
0.769 839.43 128.8
0.77 840.689 129.126
0.771 841.949 129.452
0.772 843.209 129.779
0.773 844.47 130.106
0.774 845.731 130.434
0.775 846.992 130.763
0.776 848.254 131.091
0.777 849.516 131.421
0.778 850.779 131.751
0.779 852.042 132.081
0.78 853.305 132.412
0.781 854.569 132.743
0.782 855.834 133.075
0.783 857.098 133.407
0.784 858.364 133.74
0.785 859.629 134.074
0.786 860.895 134.407
0.787 862.162 134.742
0.788 863.429 135.076
0.789 864.696 135.412
0.79 865.964 135.748
0.791 867.232 136.084
0.792 868.501 136.421
0.793 869.77 136.758
0.794 871.039 137.096
0.795 872.309 137.434
0.796 873.58 137.773
0.797 874.85 138.112
0.798 876.121 138.452
0.799 877.393 138.792
0.8 878.665 139.133
0.801 879.938 139.475
0.802 881.21 139.816
0.803 882.484 140.159
0.804 883.758 140.502
0.805 885.032 140.845
0.806 886.306 141.189
0.807 887.581 141.533
0.808 888.857 141.878
0.809 890.133 142.223
0.81 891.409 142.569
0.811 892.686 142.915
0.812 893.963 143.262
0.813 895.24 143.609
0.814 896.518 143.957
0.815 897.797 144.306
0.816 899.076 144.654
0.817 900.355 145.004
0.818 901.635 145.354
0.819 902.915 145.704
0.82 904.195 146.055
0.821 905.476 146.406
0.822 906.758 146.758
0.823 908.04 147.11
0.824 909.322 147.463
0.825 910.605 147.817
0.826 911.888 148.171
0.827 913.172 148.525
0.828 914.456 148.88
0.829 915.74 149.235
0.83 917.025 149.591
0.831 918.31 149.948
0.832 919.596 150.304
0.833 920.882 150.662
0.834 922.169 151.02
0.835 923.456 151.378
0.836 924.743 151.737
0.837 926.031 152.097
0.838 927.319 152.457
0.839 928.608 152.817
0.84 929.897 153.178
0.841 931.187 153.539
0.842 932.477 153.901
0.843 933.767 154.264
0.844 935.058 154.627
0.845 936.349 154.99
0.846 937.641 155.354
0.847 938.933 155.719
0.848 940.226 156.084
0.849 941.519 156.449
0.85 942.812 156.816
0.851 944.106 157.182
0.852 945.401 157.549
0.853 946.695 157.917
0.854 947.991 158.285
0.855 949.286 158.653
0.856 950.582 159.022
0.857 951.879 159.392
0.858 953.176 159.762
0.859 954.473 160.133
0.86 955.771 160.504
0.861 957.069 160.875
0.862 958.368 161.248
0.863 959.667 161.62
0.864 960.966 161.993
0.865 962.266 162.367
0.866 963.566 162.741
0.867 964.867 163.116
0.868 966.169 163.491
0.869 967.47 163.867
0.87 968.772 164.243
0.871 970.075 164.62
0.872 971.378 164.997
0.873 972.681 165.375
0.874 973.985 165.753
0.875 975.301 166.133
0.876 976.594 166.505
0.877 977.899 166.878
0.878 979.205 167.249
0.879 980.511 167.62
0.88 981.817 167.99
0.881 983.124 168.359
0.882 984.431 168.729
0.883 985.739 169.097
0.884 987.047 169.466
0.885 988.355 169.834
0.886 989.664 170.202
0.887 990.973 170.57
0.888 992.283 170.937
0.889 993.593 171.305
0.89 994.904 171.673
0.891 996.215 172.04
0.892 997.526 172.407
0.893 998.838 172.775
0.894 1000.15 173.142
0.895 1001.46 173.51
0.896 1002.78 173.877
0.897 1004.09 174.244
0.898 1005.4 174.612
0.899 1006.72 174.979
0.9 1008.03 175.347
0.901 1009.35 175.715
0.902 1010.66 176.083
0.903 1011.98 176.45
0.904 1013.29 176.818
0.905 1014.61 177.187
0.906 1015.93 177.555
0.907 1017.25 177.923
0.908 1018.56 178.292
0.909 1019.88 178.66
0.91 1021.2 179.029
0.911 1022.52 179.398
0.912 1023.84 179.767
0.913 1025.16 180.137
0.914 1026.48 180.506
0.915 1027.8 180.876
0.916 1029.12 181.246
0.917 1030.44 181.616
0.918 1031.77 181.986
0.919 1033.09 182.356
0.92 1034.41 182.727
0.921 1035.73 183.098
0.922 1037.06 183.469
0.923 1038.38 183.84
0.924 1039.71 184.212
0.925 1041.03 184.583
0.926 1042.36 184.955
0.927 1043.68 185.327
0.928 1045.01 185.7
0.929 1046.33 186.072
0.93 1047.66 186.445
0.931 1048.99 186.818
0.932 1050.32 187.191
0.933 1051.64 187.565
0.934 1052.97 187.939
0.935 1054.3 188.313
0.936 1055.63 188.687
0.937 1056.96 189.062
0.938 1058.29 189.437
0.939 1059.62 189.812
0.94 1060.95 190.187
0.941 1062.28 190.563
0.942 1063.61 190.938
0.943 1064.95 191.315
0.944 1066.28 191.691
0.945 1067.61 192.068
0.946 1068.94 192.445
0.947 1070.28 192.822
0.948 1071.61 193.199
0.949 1072.95 193.577
0.95 1074.28 193.955
0.951 1075.62 194.334
0.952 1076.95 194.712
0.953 1078.29 195.091
0.954 1079.62 195.47
0.955 1080.96 195.85
0.956 1082.3 196.23
0.957 1083.64 196.61
0.958 1084.97 196.99
0.959 1086.31 197.371
0.96 1087.65 197.752
0.961 1088.99 198.133
0.962 1090.33 198.515
0.963 1091.67 198.896
0.964 1093.01 199.279
0.965 1094.35 199.661
0.966 1095.69 200.044
0.967 1097.03 200.427
0.968 1098.37 200.81
0.969 1099.72 201.194
0.97 1101.06 201.578
0.971 1102.4 201.962
0.972 1103.75 202.347
0.973 1105.09 202.732
0.974 1106.43 203.117
0.975 1107.78 203.503
0.976 1109.12 203.889
0.977 1110.47 204.275
0.978 1111.82 204.662
0.979 1113.16 205.049
0.98 1114.51 205.436
0.981 1115.86 205.823
0.982 1117.2 206.211
0.983 1118.55 206.599
0.984 1119.9 206.988
0.985 1121.25 207.377
0.986 1122.6 207.766
0.987 1123.95 208.155
0.988 1125.3 208.545
0.989 1126.65 208.935
0.99 1128 209.326
0.991 1129.35 209.716
0.992 1130.7 210.107
0.993 1132.05 210.499
0.994 1133.4 210.891
0.995 1134.76 211.283
0.996 1136.11 211.675
0.997 1137.46 212.068
0.998 1138.82 212.461
0.999 1140.17 212.855
1 1141.53 213.249
1.001 1142.88 213.643
1.002 1144.24 214.037
1.003 1145.59 214.432
1.004 1146.95 214.827
1.005 1148.3 215.223
1.006 1149.66 215.619
1.007 1151.02 216.015
1.008 1152.38 216.412
1.009 1153.73 216.808
1.01 1155.09 217.206
1.011 1156.45 217.603
1.012 1157.81 218.001
1.013 1159.17 218.4
1.014 1160.53 218.798
1.015 1161.89 219.197
1.016 1163.25 219.597
1.017 1164.61 219.996
1.018 1165.97 220.396
1.019 1167.34 220.797
1.02 1168.7 221.198
1.021 1170.06 221.599
1.022 1171.43 222
1.023 1172.79 222.402
1.024 1174.15 222.804
1.025 1175.52 223.207
1.026 1176.88 223.61
1.027 1178.25 224.013
1.028 1179.61 224.417
1.029 1180.98 224.821
1.03 1182.35 225.225
1.031 1183.71 225.63
1.032 1185.08 226.035
1.033 1186.45 226.44
1.034 1187.81 226.846
1.035 1189.18 227.252
1.036 1190.55 227.659
1.037 1191.92 228.065
1.038 1193.29 228.473
1.039 1194.66 228.88
1.04 1196.03 229.288
1.041 1197.4 229.697
1.042 1198.77 230.105
1.043 1200.14 230.514
1.044 1201.52 230.924
1.045 1202.89 231.334
1.046 1204.26 231.744
1.047 1205.63 232.154
1.048 1207.01 232.565
1.049 1208.38 232.976
1.05 1209.76 233.388
1.051 1211.13 233.8
1.052 1212.51 234.212
1.053 1213.88 234.625
1.054 1215.26 235.038
1.055 1216.63 235.452
1.056 1218.01 235.866
1.057 1219.39 236.28
1.058 1220.76 236.694
1.059 1222.14 237.109
1.06 1223.52 237.525
1.061 1224.9 237.94
1.062 1226.28 238.357
1.063 1227.66 238.773
1.064 1229.04 239.19
1.065 1230.42 239.607
1.066 1231.8 240.025
1.067 1233.18 240.443
1.068 1234.56 240.861
1.069 1235.94 241.28
1.07 1237.32 241.699
1.071 1238.7 242.118
1.072 1240.09 242.538
1.073 1241.47 242.959
1.074 1242.85 243.379
1.075 1244.24 243.8
1.076 1245.62 244.222
1.077 1247.01 244.643
1.078 1248.39 245.065
1.079 1249.78 245.488
1.08 1251.16 245.911
1.081 1252.55 246.334
1.082 1253.94 246.758
1.083 1255.32 247.182
1.084 1256.71 247.606
1.085 1258.1 248.031
1.086 1259.49 248.456
1.087 1260.88 248.882
1.088 1262.27 249.308
1.089 1263.66 249.734
1.09 1265.05 250.161
1.091 1266.44 250.588
1.092 1267.83 251.016
1.093 1269.22 251.444
1.094 1270.61 251.872
1.095 1272 252.301
1.096 1273.39 252.73
1.097 1274.79 253.159
1.098 1276.18 253.589
1.099 1277.57 254.019
1.1 1278.97 254.45
1.101 1280.36 254.881
1.102 1281.76 255.312
1.103 1283.15 255.744
1.104 1284.55 256.176
1.105 1285.94 256.609
1.106 1287.34 257.041
1.107 1288.73 257.475
1.108 1290.13 257.908
1.109 1291.53 258.343
1.11 1292.93 258.777
1.111 1294.32 259.211
1.112 1295.72 259.646
1.113 1297.12 260.081
1.114 1298.52 260.516
1.115 1299.92 260.951
1.116 1301.33 261.386
1.117 1302.73 261.822
1.118 1304.13 262.258
1.119 1305.53 262.695
1.12 1306.93 263.131
1.121 1308.34 263.568
1.122 1309.74 264.006
1.123 1311.15 264.443
1.124 1312.55 264.881
1.125 1313.96 265.32
1.126 1315.36 265.758
1.127 1316.77 266.197
1.128 1318.17 266.637
1.129 1319.58 267.076
1.13 1320.99 267.516
1.131 1322.4 267.957
1.132 1323.8 268.397
1.133 1325.21 268.838
1.134 1326.62 269.28
1.135 1328.03 269.721
1.136 1329.44 270.164
1.137 1330.85 270.606
1.138 1332.26 271.049
1.139 1333.67 271.492
1.14 1335.08 271.935
1.141 1336.5 272.379
1.142 1337.91 272.824
1.143 1339.32 273.268
1.144 1340.73 273.713
1.145 1342.15 274.159
1.146 1343.56 274.604
1.147 1344.98 275.05
1.148 1346.39 275.497
1.149 1347.81 275.944
1.15 1349.22 276.391
1.151 1350.64 276.838
1.152 1352.05 277.286
1.153 1353.47 277.734
1.154 1354.89 278.183
1.155 1356.31 278.632
1.156 1357.72 279.082
1.157 1359.14 279.531
1.158 1360.56 279.981
1.159 1361.98 280.432
1.16 1363.4 280.883
1.161 1364.82 281.334
1.162 1366.24 281.786
1.163 1367.66 282.238
1.164 1369.08 282.69
1.165 1370.5 283.143
1.166 1371.93 283.596
1.167 1373.35 284.05
1.168 1374.77 284.504
1.169 1376.19 284.949
1.17 1377.62 285.388
1.171 1379.04 285.823
1.172 1380.47 286.256
1.173 1381.89 286.686
1.174 1383.32 287.115
1.175 1384.74 287.542
1.176 1386.17 287.967
1.177 1387.6 288.392
1.178 1389.03 288.815
1.179 1390.45 289.237
1.18 1391.88 289.658
1.181 1393.31 290.078
1.182 1394.74 290.497
1.183 1396.17 290.916
1.184 1397.6 291.333
1.185 1399.03 291.75
1.186 1400.46 292.167
1.187 1401.89 292.583
1.188 1403.32 292.998
1.189 1404.75 293.413
1.19 1406.19 293.828
1.191 1407.62 294.242
1.192 1409.05 294.655
1.193 1410.48 295.068
1.194 1411.92 295.481
1.195 1413.35 295.893
1.196 1414.79 296.305
1.197 1416.22 296.717
1.198 1417.66 297.129
1.199 1419.09 297.54
1.2 1420.53 297.95
1.201 1421.96 298.361
1.202 1423.4 298.771
1.203 1424.84 299.182
1.204 1426.27 299.591
1.205 1427.71 300.001
1.206 1429.15 300.411
1.207 1430.59 300.82
1.208 1432.03 301.229
1.209 1433.47 301.638
1.21 1434.91 302.047
1.211 1436.35 302.455
1.212 1437.79 302.864
1.213 1439.23 303.272
1.214 1440.67 303.681
1.215 1442.11 304.089
1.216 1443.55 304.497
1.217 1444.99 304.905
1.218 1446.44 305.313
1.219 1447.88 305.721
1.22 1449.32 306.128
1.221 1450.77 306.536
1.222 1452.21 306.944
1.223 1453.66 307.351
1.224 1455.1 307.759
1.225 1456.54 308.166
1.226 1457.99 308.574
1.227 1459.44 308.981
1.228 1460.88 309.388
1.229 1462.33 309.796
1.23 1463.78 310.203
1.231 1465.22 310.61
1.232 1466.67 311.017
1.233 1468.12 311.425
1.234 1469.57 311.832
1.235 1471.02 312.239
1.236 1472.46 312.646
1.237 1473.91 313.054
1.238 1475.36 313.461
1.239 1476.81 313.868
1.24 1478.26 314.276
1.241 1479.71 314.683
1.242 1481.17 315.09
1.243 1482.62 315.498
1.244 1484.07 315.905
1.245 1485.52 316.313
1.246 1486.97 316.72
1.247 1488.43 317.128
1.248 1489.88 317.536
1.249 1491.33 317.943
1.25 1492.79 318.351
1.251 1494.24 318.759
1.252 1495.7 319.167
1.253 1497.15 319.575
1.254 1498.61 319.983
1.255 1500.06 320.391
1.256 1501.52 320.799
1.257 1502.97 321.207
1.258 1504.43 321.615
1.259 1505.89 322.024
1.26 1507.34 322.432
1.261 1508.8 322.841
1.262 1510.26 323.249
1.263 1511.72 323.658
1.264 1513.18 324.067
1.265 1514.64 324.476
1.266 1516.09 324.885
1.267 1517.55 325.294
1.268 1519.01 325.703
1.269 1520.48 326.112
1.27 1521.94 326.522
1.271 1523.4 326.931
1.272 1524.86 327.341
1.273 1526.32 327.75
1.274 1527.78 328.16
1.275 1529.24 328.57
1.276 1530.71 328.98
1.277 1532.17 329.39
1.278 1533.63 329.801
1.279 1535.1 330.211
1.28 1536.56 330.622
1.281 1538.03 331.032
1.282 1539.49 331.443
1.283 1540.96 331.854
1.284 1542.42 332.265
1.285 1543.89 332.676
1.286 1545.35 333.087
1.287 1546.82 333.499
1.288 1548.29 333.91
1.289 1549.75 334.322
1.29 1551.22 334.734
1.291 1552.69 335.146
1.292 1554.16 335.558
1.293 1555.63 335.97
1.294 1557.09 336.382
1.295 1558.56 336.795
1.296 1560.03 337.207
1.297 1561.5 337.62
1.298 1562.97 338.033
1.299 1564.44 338.446
1.3 1565.91 338.859
1.301 1567.39 339.273
1.302 1568.86 339.686
1.303 1570.33 340.1
1.304 1571.8 340.514
1.305 1573.27 340.928
1.306 1574.75 341.342
1.307 1576.22 341.756
1.308 1577.69 342.171
1.309 1579.17 342.586
1.31 1580.64 343
1.311 1582.11 343.415
1.312 1583.59 343.831
1.313 1585.06 344.246
1.314 1586.54 344.661
1.315 1588.02 345.077
1.316 1589.49 345.493
1.317 1590.97 345.909
1.318 1592.44 346.325
1.319 1593.92 346.741
1.32 1595.4 347.158
1.321 1596.88 347.574
1.322 1598.35 347.991
1.323 1599.83 348.408
1.324 1601.31 348.825
1.325 1602.79 349.243
1.326 1604.27 349.66
1.327 1605.75 350.078
1.328 1607.23 350.496
1.329 1608.71 350.914
1.33 1610.19 351.332
1.331 1611.67 351.751
1.332 1613.15 352.169
1.333 1614.63 352.588
1.334 1616.12 353.007
1.335 1617.6 353.426
1.336 1619.08 353.846
1.337 1620.56 354.265
1.338 1622.05 354.685
1.339 1623.53 355.105
1.34 1625.02 355.525
1.341 1626.5 355.945
1.342 1627.98 356.366
1.343 1629.47 356.786
1.344 1630.95 357.207
1.345 1632.44 357.628
1.346 1633.93 358.05
1.347 1635.41 358.471
1.348 1636.9 358.893
1.349 1638.38 359.315
1.35 1639.87 359.737
1.351 1641.36 360.159
1.352 1642.85 360.582
1.353 1644.33 361.004
1.354 1645.82 361.427
1.355 1647.31 361.85
1.356 1648.8 362.273
1.357 1650.29 362.697
1.358 1651.78 363.121
1.359 1653.27 363.545
1.36 1654.76 363.969
1.361 1656.25 364.393
1.362 1657.74 364.818
1.363 1659.23 365.242
1.364 1660.72 365.667
1.365 1662.22 366.093
1.366 1663.71 366.518
1.367 1665.2 366.944
1.368 1665.88 367.117
1.369 1668.06 367.68
1.37 1668.06 367.68
1.371 1668.14 367.668
1.372 1672.67 369.075
1.373 1674.16 369.502
1.374 1675.66 369.929
1.375 1677.15 370.357
1.376 1678.65 370.784
1.377 1680.14 371.212
1.378 1681.64 371.64
1.379 1683.14 372.068
1.38 1684.63 372.496
1.381 1686.13 372.925
1.382 1687.63 373.354
1.383 1689.13 373.783
1.384 1690.62 374.212
1.385 1692.12 374.642
1.386 1693.62 375.071
1.387 1695.12 375.501
1.388 1696.62 375.931
1.389 1698.12 376.361
1.39 1699.62 376.792
1.391 1701.12 377.223
1.392 1702.62 377.654
1.393 1704.12 378.085
1.394 1705.62 378.516
1.395 1707.12 378.948
1.396 1708.62 379.379
1.397 1710.13 379.811
1.398 1711.63 380.244
1.399 1713.13 380.676
1.4 1714.63 381.109
1.401 1716.14 381.542
1.402 1717.64 381.975
1.403 1719.15 382.408
1.404 1720.65 382.842
1.405 1722.15 383.275
1.406 1723.66 383.709
1.407 1725.16 384.144
1.408 1726.67 384.578
1.409 1728.18 385.013
1.41 1729.68 385.447
1.411 1731.19 385.883
1.412 1732.7 386.318
1.413 1734.2 386.753
1.414 1735.71 387.189
1.415 1737.22 387.625
1.416 1738.73 388.061
1.417 1740.23 388.498
1.418 1741.74 388.934
1.419 1743.25 389.371
1.42 1744.76 389.808
1.421 1746.27 390.246
1.422 1747.78 390.683
1.423 1749.29 391.121
1.424 1750.8 391.559
1.425 1752.31 391.997
1.426 1753.82 392.436
1.427 1755.34 392.875
1.428 1756.85 393.314
1.429 1758.36 393.753
1.43 1759.87 394.192
1.431 1761.39 394.632
1.432 1762.9 395.072
1.433 1764.41 395.512
1.434 1765.93 395.952
1.435 1767.44 396.393
1.436 1768.95 396.833
1.437 1770.47 397.274
1.438 1771.98 397.716
1.439 1773.5 398.157
1.44 1775.01 398.599
1.441 1776.53 399.041
1.442 1778.05 399.483
1.443 1779.56 399.925
1.444 1781.08 400.368
1.445 1782.6 400.811
1.446 1784.12 401.254
1.447 1785.63 401.697
1.448 1787.15 402.141
1.449 1788.67 402.585
1.45 1790.19 403.029
1.451 1791.71 403.473
1.452 1793.23 403.918
1.453 1794.75 404.362
1.454 1796.27 404.807
1.455 1797.79 405.253
1.456 1799.31 405.698
1.457 1800.83 406.144
1.458 1802.35 406.59
1.459 1803.87 407.036
1.46 1805.39 407.482
1.461 1806.92 407.929
1.462 1808.44 408.376
1.463 1809.96 408.823
1.464 1811.48 409.271
1.465 1813.01 409.718
1.466 1814.53 410.166
1.467 1816.06 410.614
1.468 1817.58 411.063
1.469 1819.1 411.511
1.47 1820.63 411.96
1.471 1822.15 412.409
1.472 1823.68 412.859
1.473 1825.21 413.308
1.474 1826.73 413.758
1.475 1828.26 414.208
1.476 1829.79 414.658
1.477 1831.31 415.109
1.478 1832.84 415.56
1.479 1834.37 416.011
1.48 1835.9 416.462
1.481 1837.43 416.914
1.482 1838.95 417.365
1.483 1840.48 417.817
1.484 1842.01 418.27
1.485 1843.54 418.722
1.486 1845.07 419.175
1.487 1846.6 419.628
1.488 1848.13 420.081
1.489 1849.66 420.535
1.49 1851.19 420.988
1.491 1852.73 421.442
1.492 1854.26 421.897
1.493 1855.79 422.351
1.494 1857.32 422.806
1.495 1858.86 423.261
1.496 1860.39 423.716
1.497 1861.92 424.172
1.498 1863.46 424.627
1.499 1864.99 425.083
1.5 1866.52 425.539
1.501 1868.06 425.996
1.502 1869.59 426.453
1.503 1871.13 426.91
1.504 1872.66 427.367
1.505 1874.2 427.824
1.506 1875.74 428.282
1.507 1877.27 428.74
1.508 1878.81 429.198
1.509 1880.35 429.657
1.51 1881.88 430.116
1.511 1883.42 430.574
1.512 1884.96 431.034
1.513 1886.5 431.493
1.514 1888.04 431.953
1.515 1889.58 432.413
1.516 1891.11 432.873
1.517 1892.65 433.334
1.518 1894.19 433.794
1.519 1895.73 434.255
1.52 1897.27 434.717
1.521 1898.82 435.178
1.522 1900.36 435.64
1.523 1901.9 436.102
1.524 1903.44 436.564
1.525 1904.98 437.027
1.526 1906.52 437.49
1.527 1908.07 437.953
1.528 1909.61 438.416
1.529 1911.15 438.88
1.53 1912.7 439.343
1.531 1914.24 439.807
1.532 1915.78 440.272
1.533 1917.33 440.736
1.534 1918.87 441.201
1.535 1920.42 441.666
1.536 1921.96 442.132
1.537 1923.51 442.597
1.538 1925.06 443.063
1.539 1926.6 443.529
1.54 1928.15 443.996
1.541 1929.7 444.462
1.542 1931.24 444.929
1.543 1932.79 445.396
1.544 1934.34 445.864
1.545 1935.89 446.331
1.546 1937.43 446.799
1.547 1938.98 447.267
1.548 1940.53 447.736
1.549 1942.08 448.205
1.55 1943.63 448.674
1.551 1945.18 449.143
1.552 1946.73 449.612
1.553 1948.28 450.082
1.554 1949.83 450.552
1.555 1951.38 451.022
1.556 1952.94 451.493
1.557 1954.49 451.964
1.558 1956.04 452.435
1.559 1957.59 452.906
1.56 1959.15 453.377
1.561 1960.7 453.849
1.562 1962.25 454.321
1.563 1963.81 454.794
1.564 1965.36 455.266
1.565 1966.91 455.739
1.566 1968.47 456.212
1.567 1970.02 456.686
1.568 1971.58 457.159
1.569 1973.13 457.633
1.57 1974.69 458.107
1.571 1976.25 458.582
1.572 1977.8 459.057
1.573 1979.36 459.532
1.574 1980.92 460.007
1.575 1982.47 460.482
1.576 1984.03 460.958
1.577 1985.59 461.434
1.578 1987.15 461.91
1.579 1988.71 462.387
1.58 1990.26 462.864
1.581 1991.82 463.341
1.582 1993.38 463.818
1.583 1994.94 464.296
1.584 1996.5 464.774
1.585 1998.06 465.252
1.586 1999.62 465.73
1.587 2001.18 466.209
1.588 2002.75 466.688
1.589 2004.31 467.167
1.59 2005.87 467.647
1.591 2007.43 468.126
1.592 2008.99 468.606
1.593 2010.56 469.087
1.594 2012.12 469.567
1.595 2013.68 470.048
1.596 2015.25 470.529
1.597 2016.81 471.01
1.598 2018.38 471.492
1.599 2019.94 471.974
1.6 2021.5 472.456
